36 0.00529100529101
795 0.010582010582
1053 0.015873015873
1075 0.021164021164
1283 0.026455026455
1286 0.031746031746
1373 0.037037037037
1529 0.042328042328
1617 0.047619047619
1772 0.0529100529101
1849 0.0582010582011
2046 0.0634920634921
2278 0.0687830687831
2291 0.0740740740741
2326 0.0793650793651
2356 0.0846560846561
2360 0.0899470899471
2401 0.0952380952381
2514 0.100529100529
2526 0.10582010582
2529 0.111111111111
2533 0.116402116402
2537 0.121693121693
2544 0.126984126984
2547 0.132275132275
2561 0.137566137566
2626 0.142857142857
2707 0.148148148148
2771 0.153439153439
2810 0.15873015873
2969 0.164021164021
3045 0.169312169312
3113 0.174603174603
3308 0.179894179894
3337 0.185185185185
3348 0.190476190476
3357 0.195767195767
3469 0.201058201058
3497 0.206349206349
3537 0.21164021164
3567 0.216931216931
3602 0.222222222222
3622 0.227513227513
3635 0.232804232804
3655 0.238095238095
3711 0.243386243386
3766 0.248677248677
3808 0.253968253968
3868 0.259259259259
3921 0.26455026455
3940 0.269841269841
3947 0.275132275132
3978 0.280423280423
4070 0.285714285714
4150 0.291005291005
4162 0.296296296296
4171 0.301587301587
4182 0.306878306878
4260 0.312169312169
4293 0.31746031746
4296 0.322751322751
4305 0.328042328042
4321 0.333333333333
4332 0.343915343915
4332 0.343915343915
4338 0.349206349206
4342 0.354497354497
4384 0.359788359788
4385 0.365079365079
4387 0.37037037037
4435 0.375661375661
4451 0.380952380952
4452 0.386243386243
4486 0.391534391534
4509 0.396825396825
4556 0.402116402116
4558 0.407407407407
4570 0.412698412698
4621 0.417989417989
4661 0.42328042328
4665 0.428571428571
4689 0.439153439153
4689 0.439153439153
4694 0.444444444444
4697 0.449735449735
4706 0.455026455026
4750 0.460317460317
4899 0.465608465608
4913 0.47619047619
4913 0.47619047619
4916 0.481481481481
4961 0.486772486772
5026 0.492063492063
5039 0.497354497354
5068 0.502645502646
5151 0.507936507937
5174 0.513227513228
5175 0.518518518519
5177 0.52380952381
5221 0.529100529101
5279 0.534391534392
5351 0.539682539683
5370 0.544973544974
5404 0.550264550265
5447 0.555555555556
5491 0.560846560847
5523 0.566137566138
5559 0.571428571429
5594 0.57671957672
5607 0.582010582011
5661 0.587301587302
5772 0.592592592593
5798 0.597883597884
5832 0.603174603175
5865 0.608465608466
5895 0.613756613757
6075 0.619047619048
6094 0.624338624339
6103 0.62962962963
6132 0.634920634921
6172 0.640211640212
6206 0.650793650794
6206 0.650793650794
6298 0.656084656085
6368 0.661375661376
6373 0.666666666667
6443 0.671957671958
6482 0.677248677249
6516 0.68253968254
6563 0.687830687831
6599 0.693121693122
6600 0.698412698413
6618 0.703703703704
6667 0.708994708995
6751 0.714285714286
6801 0.719576719577
6805 0.724867724868
6809 0.730158730159
6876 0.73544973545
7022 0.740740740741
7119 0.746031746032
7128 0.751322751323
7231 0.756613756614
7255 0.761904761905
7330 0.767195767196
7470 0.772486772487
7605 0.777777777778
7612 0.783068783069
7783 0.78835978836
7803 0.793650793651
7832 0.798941798942
7846 0.804232804233
7902 0.809523809524
7930 0.814814814815
7976 0.820105820106
8019 0.825396825397
8170 0.830687830688
8205 0.835978835979
8291 0.84126984127
8293 0.846560846561
8295 0.851851851852
8304 0.857142857143
8401 0.862433862434
8550 0.867724867725
8599 0.873015873016
8700 0.878306878307
8862 0.883597883598
8985 0.888888888889
9267 0.89417989418
9796 0.899470899471
9877 0.904761904762
9909 0.910052910053
9944 0.915343915344
10405 0.925925925926
10405 0.925925925926
10598 0.931216931217
10707 0.936507936508
10756 0.941798941799
10942 0.94708994709
11187 0.952380952381
11313 0.957671957672
12420 0.962962962963
12759 0.968253968254
13002 0.973544973545
14139 0.978835978836
14717 0.984126984127
15231 0.989417989418
15848 0.994708994709
18552 1.0
