36 0.00314465408805
727 0.0062893081761
966 0.00943396226415
1179 0.0125786163522
1479 0.0157232704403
1604 0.0188679245283
1611 0.0220125786164
1961 0.0251572327044
1979 0.0283018867925
2163 0.0314465408805
2329 0.0345911949686
2488 0.0377358490566
2595 0.0408805031447
2602 0.0440251572327
2631 0.0471698113208
2659 0.0503144654088
2692 0.0534591194969
2781 0.0566037735849
2904 0.059748427673
3239 0.062893081761
3296 0.0660377358491
3318 0.0691823899371
3424 0.0723270440252
3524 0.0754716981132
3555 0.0786163522013
3563 0.0817610062893
3588 0.0849056603774
3761 0.0880503144654
3832 0.0911949685535
3912 0.0943396226415
4016 0.0974842767296
4127 0.100628930818
4128 0.103773584906
4132 0.106918238994
4318 0.110062893082
4432 0.11320754717
4466 0.116352201258
4619 0.119496855346
4717 0.122641509434
4800 0.125786163522
4861 0.12893081761
5018 0.132075471698
5042 0.135220125786
5048 0.138364779874
5049 0.141509433962
5092 0.14465408805
5137 0.147798742138
5173 0.150943396226
5326 0.154088050314
5381 0.157232704403
5470 0.160377358491
5479 0.163522012579
5482 0.166666666667
5497 0.169811320755
5604 0.172955974843
5650 0.176100628931
5677 0.179245283019
5687 0.182389937107
5699 0.185534591195
5768 0.188679245283
5773 0.191823899371
5838 0.194968553459
5872 0.198113207547
5889 0.201257861635
5911 0.204402515723
5951 0.207547169811
5972 0.210691823899
6095 0.213836477987
6109 0.216981132075
6202 0.220125786164
6209 0.223270440252
6259 0.22641509434
6267 0.229559748428
6301 0.232704402516
6324 0.235849056604
6411 0.238993710692
6467 0.24213836478
6471 0.245283018868
6487 0.248427672956
6683 0.251572327044
6740 0.254716981132
6914 0.25786163522
7039 0.261006289308
7059 0.264150943396
7112 0.267295597484
7164 0.270440251572
7193 0.27358490566
7325 0.276729559748
7326 0.279874213836
7339 0.283018867925
7344 0.286163522013
7402 0.289308176101
7446 0.292452830189
7463 0.295597484277
7484 0.298742138365
7634 0.301886792453
7644 0.305031446541
7675 0.308176100629
7707 0.311320754717
7830 0.314465408805
7856 0.317610062893
7916 0.320754716981
7935 0.323899371069
7966 0.327044025157
8054 0.330188679245
8055 0.333333333333
8057 0.336477987421
8063 0.339622641509
8070 0.342767295597
8143 0.345911949686
8191 0.349056603774
8432 0.352201257862
8478 0.35534591195
8485 0.358490566038
8487 0.361635220126
8541 0.364779874214
8585 0.367924528302
8598 0.37106918239
8608 0.374213836478
8649 0.377358490566
8670 0.380503144654
8749 0.383647798742
8775 0.38679245283
8776 0.389937106918
8803 0.393081761006
8820 0.396226415094
8953 0.399371069182
9053 0.40251572327
9076 0.405660377358
9080 0.408805031447
9187 0.411949685535
9236 0.415094339623
9308 0.418238993711
9411 0.421383647799
9417 0.424528301887
9475 0.427672955975
9692 0.430817610063
9716 0.433962264151
10043 0.437106918239
10175 0.440251572327
10177 0.443396226415
10208 0.446540880503
10263 0.449685534591
10310 0.452830188679
10313 0.455974842767
10775 0.459119496855
10875 0.462264150943
10884 0.465408805031
10914 0.468553459119
11023 0.471698113208
11065 0.474842767296
11134 0.477987421384
11168 0.481132075472
11233 0.48427672956
11272 0.487421383648
11467 0.490566037736
11469 0.493710691824
11470 0.496855345912
11483 0.5
11542 0.503144654088
11576 0.506289308176
11717 0.509433962264
11743 0.512578616352
11763 0.51572327044
11792 0.518867924528
11885 0.522012578616
11887 0.525157232704
11909 0.528301886792
11927 0.531446540881
11955 0.534591194969
12056 0.537735849057
12058 0.540880503145
12074 0.544025157233
12084 0.547169811321
12105 0.550314465409
12151 0.553459119497
12174 0.556603773585
12234 0.559748427673
12311 0.562893081761
12332 0.566037735849
12407 0.569182389937
12513 0.572327044025
12556 0.575471698113
12683 0.578616352201
12737 0.581761006289
12795 0.584905660377
13022 0.588050314465
13032 0.591194968553
13134 0.594339622642
13166 0.59748427673
13318 0.600628930818
13336 0.603773584906
13427 0.606918238994
13442 0.610062893082
13457 0.61320754717
13508 0.616352201258
13530 0.619496855346
13532 0.622641509434
13549 0.625786163522
13634 0.62893081761
13694 0.632075471698
13705 0.635220125786
13746 0.638364779874
13915 0.641509433962
13954 0.64465408805
14053 0.647798742138
14190 0.650943396226
14201 0.654088050314
14208 0.657232704403
14279 0.660377358491
14288 0.663522012579
14326 0.666666666667
14439 0.669811320755
14527 0.672955974843
14631 0.676100628931
14943 0.679245283019
14976 0.682389937107
15102 0.685534591195
15133 0.688679245283
15304 0.691823899371
15370 0.694968553459
15480 0.698113207547
15626 0.701257861635
15629 0.704402515723
15910 0.707547169811
15917 0.710691823899
16186 0.713836477987
16555 0.716981132075
16751 0.720125786164
16768 0.723270440252
16773 0.72641509434
16899 0.729559748428
16919 0.732704402516
17012 0.735849056604
17016 0.738993710692
17354 0.74213836478
17413 0.745283018868
17443 0.748427672956
17553 0.751572327044
17571 0.754716981132
17705 0.75786163522
17818 0.761006289308
17834 0.764150943396
17850 0.767295597484
18006 0.770440251572
18097 0.77358490566
18497 0.776729559748
18568 0.779874213836
18708 0.783018867925
18745 0.786163522013
18782 0.789308176101
19063 0.792452830189
19075 0.795597484277
19135 0.798742138365
19151 0.801886792453
19378 0.805031446541
19387 0.808176100629
19587 0.811320754717
19643 0.814465408805
19692 0.817610062893
19805 0.820754716981
20000 0.823899371069
20199 0.827044025157
20345 0.830188679245
20520 0.833333333333
20563 0.836477987421
20576 0.839622641509
20632 0.842767295597
20663 0.845911949686
20739 0.849056603774
20780 0.852201257862
20805 0.85534591195
20825 0.858490566038
20986 0.861635220126
21127 0.864779874214
21430 0.867924528302
21470 0.87106918239
21735 0.874213836478
22605 0.877358490566
23042 0.880503144654
23059 0.883647798742
23179 0.88679245283
23292 0.889937106918
23961 0.893081761006
24112 0.896226415094
24311 0.899371069182
24561 0.90251572327
24876 0.905660377358
25276 0.908805031447
25826 0.911949685535
26039 0.915094339623
26256 0.918238993711
26693 0.921383647799
26794 0.924528301887
27705 0.927672955975
28490 0.930817610063
28507 0.933962264151
29250 0.937106918239
29443 0.940251572327
29498 0.943396226415
29545 0.946540880503
30139 0.949685534591
30567 0.952830188679
31123 0.955974842767
35765 0.959119496855
35992 0.962264150943
36850 0.965408805031
39267 0.968553459119
39894 0.971698113208
43289 0.974842767296
43686 0.977987421384
43783 0.981132075472
44525 0.98427672956
45626 0.987421383648
46279 0.990566037736
59754 0.993710691824
64479 0.996855345912
85791 1.0
