29 0.00411522633745
29 0.00411522633745
694 0.00617283950617
924 0.0082304526749
1338 0.0102880658436
1547 0.0123456790123
1648 0.0144032921811
1810 0.0164609053498
1821 0.0185185185185
2180 0.0205761316872
2501 0.022633744856
2544 0.0246913580247
2607 0.0267489711934
2833 0.0288065843621
2904 0.0308641975309
3092 0.0329218106996
3153 0.0349794238683
3525 0.037037037037
3585 0.0390946502058
3643 0.0411522633745
3695 0.0432098765432
3751 0.0452674897119
3835 0.0473251028807
3927 0.0493827160494
4093 0.0514403292181
4355 0.0534979423868
4465 0.0555555555556
4503 0.0576131687243
4660 0.059670781893
4741 0.0617283950617
4825 0.0637860082305
5194 0.0658436213992
5264 0.0679012345679
5310 0.0699588477366
5454 0.0720164609053
5598 0.0740740740741
5621 0.0761316872428
5719 0.0781893004115
6005 0.0802469135802
6275 0.082304526749
6404 0.0843621399177
6415 0.0884773662551
6415 0.0884773662551
6474 0.0905349794239
6567 0.0925925925926
6589 0.0946502057613
6628 0.09670781893
6750 0.0987654320988
6774 0.100823045267
6805 0.102880658436
6927 0.104938271605
6953 0.106995884774
7013 0.109053497942
7125 0.111111111111
7129 0.11316872428
7244 0.115226337449
7360 0.117283950617
7430 0.119341563786
7462 0.121399176955
7623 0.123456790123
7733 0.125514403292
7801 0.127572016461
7877 0.12962962963
7884 0.131687242798
7916 0.133744855967
7917 0.135802469136
8049 0.137860082305
8101 0.139917695473
8186 0.141975308642
8237 0.144032921811
8296 0.146090534979
8369 0.148148148148
8666 0.150205761317
8673 0.152263374486
8753 0.154320987654
8773 0.156378600823
8819 0.158436213992
9111 0.16049382716
9163 0.162551440329
9223 0.164609053498
9366 0.166666666667
9397 0.168724279835
9424 0.170781893004
9630 0.172839506173
9735 0.174897119342
9789 0.17695473251
9832 0.179012345679
10026 0.183127572016
10026 0.183127572016
10102 0.185185185185
10116 0.187242798354
10222 0.189300411523
10296 0.191358024691
10299 0.19341563786
10303 0.195473251029
10454 0.197530864198
10466 0.199588477366
10467 0.201646090535
10573 0.203703703704
10644 0.205761316872
10685 0.207818930041
10722 0.20987654321
10951 0.211934156379
10981 0.213991769547
11092 0.216049382716
11099 0.218106995885
11156 0.220164609053
11244 0.222222222222
11327 0.224279835391
11391 0.22633744856
11488 0.228395061728
11542 0.230452674897
11582 0.232510288066
11612 0.234567901235
11696 0.236625514403
11714 0.238683127572
11744 0.240740740741
11754 0.242798353909
11788 0.244855967078
11794 0.246913580247
11938 0.248971193416
11953 0.251028806584
12003 0.253086419753
12036 0.255144032922
12088 0.257201646091
12167 0.259259259259
12243 0.261316872428
12289 0.263374485597
12332 0.265432098765
12383 0.267489711934
12477 0.269547325103
12512 0.271604938272
12525 0.27366255144
12598 0.275720164609
12633 0.277777777778
12754 0.279835390947
12898 0.281893004115
12966 0.283950617284
12978 0.286008230453
12995 0.288065843621
13038 0.29012345679
13063 0.292181069959
13122 0.294238683128
13169 0.296296296296
13227 0.298353909465
13249 0.300411522634
13302 0.302469135802
13317 0.304526748971
13320 0.30658436214
13353 0.308641975309
13392 0.310699588477
13501 0.312757201646
13521 0.314814814815
13634 0.316872427984
13694 0.318930041152
13834 0.320987654321
13876 0.32304526749
14004 0.325102880658
14028 0.327160493827
14037 0.329218106996
14049 0.331275720165
14127 0.333333333333
14400 0.335390946502
14611 0.337448559671
14670 0.33950617284
14751 0.341563786008
14895 0.343621399177
14919 0.345679012346
15036 0.347736625514
15061 0.351851851852
15061 0.351851851852
15104 0.353909465021
15160 0.355967078189
15312 0.358024691358
15370 0.360082304527
15666 0.362139917695
15780 0.364197530864
15894 0.366255144033
16241 0.368312757202
16258 0.37037037037
16418 0.372427983539
16448 0.374485596708
16472 0.376543209877
16510 0.378600823045
16567 0.380658436214
16592 0.382716049383
16775 0.384773662551
16797 0.38683127572
16904 0.388888888889
16926 0.390946502058
16980 0.393004115226
16985 0.395061728395
17014 0.397119341564
17051 0.399176954733
17144 0.401234567901
17259 0.40329218107
17360 0.405349794239
17436 0.407407407407
17484 0.409465020576
17503 0.411522633745
17537 0.413580246914
17562 0.415637860082
17608 0.417695473251
17617 0.41975308642
17626 0.421810699588
17747 0.423868312757
17809 0.425925925926
17973 0.427983539095
17975 0.430041152263
17999 0.432098765432
18074 0.434156378601
18166 0.43621399177
18184 0.438271604938
18206 0.440329218107
18515 0.442386831276
18539 0.444444444444
18556 0.446502057613
18735 0.448559670782
18797 0.450617283951
18879 0.452674897119
18927 0.454732510288
18964 0.456790123457
19196 0.458847736626
19199 0.460905349794
19207 0.462962962963
19531 0.465020576132
19769 0.4670781893
19812 0.469135802469
19896 0.471193415638
19998 0.473251028807
20085 0.475308641975
20158 0.477366255144
20342 0.479423868313
20535 0.481481481481
20540 0.48353909465
20647 0.485596707819
20726 0.487654320988
20756 0.489711934156
20799 0.491769547325
20873 0.493827160494
20943 0.495884773663
20958 0.497942386831
20995 0.5
21095 0.502057613169
21103 0.504115226337
21136 0.506172839506
21137 0.508230452675
21302 0.510288065844
21427 0.512345679012
21570 0.514403292181
21724 0.51646090535
21804 0.518518518519
21818 0.520576131687
22191 0.522633744856
22299 0.524691358025
22455 0.526748971193
22456 0.528806584362
22473 0.530864197531
22610 0.5329218107
22766 0.534979423868
22860 0.537037037037
22930 0.539094650206
22968 0.541152263374
23049 0.543209876543
23085 0.545267489712
23275 0.547325102881
23331 0.549382716049
23347 0.551440329218
23404 0.553497942387
23457 0.555555555556
23468 0.557613168724
23551 0.559670781893
23602 0.561728395062
24006 0.56378600823
24025 0.565843621399
24029 0.567901234568
24158 0.569958847737
24251 0.572016460905
24276 0.574074074074
24489 0.576131687243
24562 0.578189300412
24724 0.58024691358
24916 0.582304526749
24942 0.584362139918
24995 0.586419753086
25080 0.588477366255
25131 0.590534979424
25144 0.592592592593
25218 0.594650205761
25470 0.59670781893
25715 0.598765432099
25946 0.600823045267
26015 0.602880658436
26038 0.604938271605
26284 0.606995884774
26393 0.609053497942
26412 0.611111111111
26514 0.61316872428
26734 0.615226337449
26755 0.617283950617
26865 0.619341563786
26878 0.621399176955
27222 0.623456790123
27227 0.625514403292
27280 0.627572016461
27339 0.62962962963
27560 0.631687242798
27597 0.633744855967
27629 0.635802469136
27672 0.637860082305
27691 0.639917695473
27741 0.641975308642
27839 0.644032921811
27847 0.646090534979
27932 0.648148148148
27999 0.650205761317
28202 0.652263374486
28566 0.654320987654
28638 0.656378600823
28644 0.658436213992
28658 0.66049382716
28689 0.662551440329
28694 0.664609053498
28954 0.666666666667
29092 0.668724279835
29382 0.670781893004
29557 0.672839506173
29677 0.674897119342
29764 0.67695473251
29873 0.679012345679
30105 0.681069958848
30205 0.683127572016
30391 0.685185185185
30471 0.687242798354
30491 0.689300411523
30568 0.691358024691
30602 0.69341563786
30673 0.695473251029
30761 0.697530864198
30767 0.699588477366
30918 0.701646090535
31065 0.703703703704
31272 0.705761316872
31293 0.707818930041
31509 0.70987654321
31629 0.711934156379
31656 0.713991769547
32086 0.716049382716
32217 0.718106995885
32271 0.720164609053
32392 0.722222222222
32462 0.724279835391
32520 0.72633744856
32814 0.728395061728
32855 0.730452674897
33032 0.732510288066
33201 0.734567901235
33283 0.736625514403
33478 0.738683127572
33622 0.740740740741
33709 0.742798353909
33741 0.744855967078
34068 0.746913580247
34072 0.748971193416
34154 0.751028806584
34164 0.753086419753
34232 0.755144032922
34517 0.757201646091
34594 0.759259259259
34799 0.761316872428
34805 0.763374485597
34815 0.765432098765
34824 0.767489711934
34998 0.769547325103
35000 0.771604938272
35152 0.77366255144
35200 0.775720164609
35273 0.777777777778
35402 0.779835390947
35417 0.781893004115
35503 0.783950617284
36134 0.786008230453
36343 0.788065843621
36416 0.79012345679
36428 0.792181069959
36481 0.794238683128
36507 0.796296296296
36629 0.798353909465
37295 0.800411522634
37618 0.802469135802
37796 0.804526748971
38283 0.80658436214
38390 0.808641975309
38579 0.810699588477
38899 0.812757201646
38941 0.814814814815
39074 0.816872427984
39446 0.818930041152
39619 0.820987654321
40041 0.825102880658
40041 0.825102880658
40100 0.827160493827
40228 0.829218106996
40647 0.831275720165
40673 0.833333333333
41048 0.835390946502
41279 0.837448559671
41394 0.83950617284
41612 0.841563786008
41856 0.843621399177
42679 0.845679012346
42782 0.847736625514
42972 0.849794238683
43142 0.851851851852
43257 0.853909465021
43578 0.855967078189
43747 0.858024691358
44326 0.860082304527
44674 0.862139917695
44736 0.864197530864
44746 0.866255144033
45017 0.868312757202
45664 0.87037037037
45984 0.872427983539
47213 0.874485596708
48248 0.876543209877
48276 0.878600823045
48700 0.880658436214
49690 0.882716049383
50043 0.884773662551
50627 0.88683127572
50701 0.888888888889
50737 0.890946502058
51188 0.893004115226
52325 0.895061728395
52479 0.897119341564
52814 0.899176954733
52994 0.901234567901
52995 0.90329218107
53069 0.905349794239
53491 0.907407407407
53542 0.909465020576
54222 0.911522633745
54249 0.913580246914
54322 0.915637860082
54566 0.917695473251
54953 0.91975308642
57107 0.921810699588
57178 0.923868312757
58907 0.925925925926
61175 0.927983539095
62662 0.930041152263
64385 0.932098765432
65496 0.934156378601
66471 0.93621399177
66654 0.938271604938
66865 0.940329218107
70145 0.942386831276
70387 0.944444444444
71358 0.946502057613
71457 0.948559670782
71932 0.950617283951
72373 0.952674897119
74033 0.954732510288
74178 0.956790123457
74396 0.958847736626
76256 0.960905349794
77135 0.962962962963
81352 0.965020576132
83948 0.9670781893
86114 0.969135802469
87911 0.971193415638
88190 0.973251028807
94199 0.975308641975
94455 0.977366255144
101491 0.979423868313
103228 0.981481481481
104602 0.98353909465
106239 0.985596707819
108269 0.987654320988
122355 0.989711934156
123067 0.991769547325
128743 0.993827160494
136796 0.995884773663
170486 0.997942386831
239586 1.0
