28 0.00202429149798
300 0.00404858299595
364 0.00607287449393
450 0.0080971659919
502 0.0101214574899
533 0.0121457489879
548 0.0141700404858
571 0.0161943319838
659 0.0182186234818
738 0.0202429149798
768 0.0222672064777
771 0.0242914979757
772 0.0263157894737
782 0.0283400809717
817 0.0303643724696
834 0.0323886639676
837 0.0344129554656
849 0.0364372469636
889 0.0384615384615
898 0.0404858299595
910 0.0425101214575
943 0.0445344129555
952 0.0465587044534
957 0.0485829959514
959 0.0506072874494
1001 0.0526315789474
1041 0.0546558704453
1059 0.0566801619433
1062 0.0587044534413
1068 0.0607287449393
1072 0.0627530364372
1089 0.0647773279352
1090 0.0668016194332
1108 0.0688259109312
1142 0.0708502024291
1145 0.0748987854251
1145 0.0748987854251
1148 0.0769230769231
1151 0.0789473684211
1221 0.080971659919
1228 0.082995951417
1254 0.085020242915
1270 0.0890688259109
1270 0.0890688259109
1290 0.0910931174089
1293 0.0931174089069
1297 0.0951417004049
1298 0.0971659919028
1315 0.0991902834008
1320 0.101214574899
1333 0.103238866397
1374 0.105263157895
1382 0.107287449393
1400 0.109311740891
1404 0.111336032389
1410 0.113360323887
1416 0.115384615385
1452 0.117408906883
1456 0.119433198381
1458 0.121457489879
1461 0.123481781377
1481 0.125506072874
1487 0.127530364372
1488 0.12955465587
1495 0.131578947368
1500 0.133603238866
1503 0.135627530364
1508 0.13967611336
1508 0.13967611336
1518 0.141700404858
1529 0.143724696356
1544 0.145748987854
1545 0.147773279352
1546 0.14979757085
1548 0.151821862348
1556 0.157894736842
1556 0.157894736842
1556 0.157894736842
1562 0.15991902834
1570 0.161943319838
1574 0.163967611336
1582 0.165991902834
1583 0.168016194332
1620 0.17004048583
1629 0.172064777328
1640 0.174089068826
1643 0.176113360324
1649 0.178137651822
1650 0.18016194332
1654 0.182186234818
1668 0.186234817814
1668 0.186234817814
1670 0.188259109312
1671 0.19028340081
1694 0.194331983806
1694 0.194331983806
1696 0.196356275304
1709 0.198380566802
1712 0.2004048583
1717 0.202429149798
1729 0.204453441296
1731 0.206477732794
1735 0.208502024291
1746 0.212550607287
1746 0.212550607287
1749 0.214574898785
1792 0.216599190283
1798 0.218623481781
1806 0.220647773279
1809 0.222672064777
1810 0.224696356275
1815 0.226720647773
1819 0.228744939271
1827 0.230769230769
1830 0.232793522267
1833 0.234817813765
1834 0.236842105263
1836 0.238866396761
1845 0.242914979757
1845 0.242914979757
1858 0.244939271255
1878 0.246963562753
1882 0.248987854251
1885 0.251012145749
1888 0.253036437247
1890 0.255060728745
1896 0.257085020243
1901 0.259109311741
1913 0.261133603239
1919 0.263157894737
1923 0.265182186235
1929 0.267206477733
1941 0.269230769231
1952 0.271255060729
1958 0.273279352227
1965 0.275303643725
1967 0.277327935223
1970 0.279352226721
1975 0.281376518219
1978 0.283400809717
1999 0.285425101215
2018 0.287449392713
2028 0.289473684211
2030 0.291497975709
2041 0.293522267206
2042 0.295546558704
2052 0.2995951417
2052 0.2995951417
2057 0.301619433198
2065 0.303643724696
2071 0.305668016194
2088 0.307692307692
2091 0.30971659919
2092 0.311740890688
2093 0.313765182186
2124 0.315789473684
2127 0.317813765182
2129 0.321862348178
2129 0.321862348178
2145 0.323886639676
2147 0.325910931174
2153 0.327935222672
2154 0.32995951417
2162 0.331983805668
2164 0.334008097166
2167 0.338056680162
2167 0.338056680162
2174 0.34008097166
2178 0.342105263158
2186 0.344129554656
2190 0.346153846154
2200 0.348178137652
2203 0.35020242915
2204 0.352226720648
2206 0.354251012146
2207 0.356275303644
2209 0.358299595142
2215 0.36032388664
2221 0.362348178138
2258 0.364372469636
2263 0.366396761134
2274 0.368421052632
2287 0.37044534413
2288 0.372469635628
2290 0.374493927126
2302 0.376518218623
2303 0.378542510121
2304 0.380566801619
2305 0.382591093117
2306 0.384615384615
2307 0.386639676113
2308 0.388663967611
2310 0.390688259109
2314 0.392712550607
2324 0.394736842105
2327 0.396761133603
2345 0.398785425101
2350 0.400809716599
2361 0.404858299595
2361 0.404858299595
2368 0.406882591093
2371 0.408906882591
2396 0.410931174089
2403 0.412955465587
2417 0.414979757085
2419 0.417004048583
2438 0.419028340081
2445 0.421052631579
2455 0.423076923077
2457 0.425101214575
2493 0.427125506073
2498 0.431174089069
2498 0.431174089069
2505 0.433198380567
2509 0.435222672065
2513 0.437246963563
2522 0.439271255061
2528 0.441295546559
2540 0.443319838057
2548 0.445344129555
2560 0.447368421053
2572 0.449392712551
2573 0.451417004049
2580 0.453441295547
2601 0.455465587045
2605 0.457489878543
2611 0.45951417004
2619 0.465587044534
2619 0.465587044534
2619 0.465587044534
2620 0.467611336032
2622 0.46963562753
2625 0.471659919028
2631 0.473684210526
2638 0.475708502024
2641 0.477732793522
2645 0.47975708502
2653 0.481781376518
2659 0.483805668016
2669 0.485829959514
2685 0.487854251012
2693 0.48987854251
2694 0.491902834008
2700 0.493927125506
2703 0.495951417004
2710 0.497975708502
2721 0.5
2734 0.502024291498
2753 0.504048582996
2772 0.506072874494
2789 0.508097165992
2792 0.512145748988
2792 0.512145748988
2800 0.514170040486
2801 0.516194331984
2806 0.52024291498
2806 0.52024291498
2831 0.522267206478
2832 0.524291497976
2837 0.526315789474
2838 0.528340080972
2842 0.53036437247
2855 0.532388663968
2870 0.534412955466
2889 0.536437246964
2897 0.538461538462
2899 0.54048582996
2929 0.542510121457
2936 0.544534412955
2942 0.546558704453
2958 0.548582995951
2973 0.550607287449
2984 0.552631578947
2990 0.554655870445
2993 0.556680161943
2999 0.558704453441
3003 0.560728744939
3016 0.562753036437
3021 0.564777327935
3030 0.566801619433
3033 0.568825910931
3046 0.570850202429
3063 0.572874493927
3086 0.574898785425
3098 0.576923076923
3101 0.578947368421
3105 0.580971659919
3116 0.582995951417
3121 0.585020242915
3148 0.587044534413
3149 0.589068825911
3157 0.591093117409
3169 0.593117408907
3190 0.595141700405
3203 0.597165991903
3213 0.599190283401
3216 0.601214574899
3219 0.603238866397
3233 0.605263157895
3260 0.607287449393
3276 0.609311740891
3321 0.611336032389
3333 0.613360323887
3345 0.617408906883
3345 0.617408906883
3347 0.619433198381
3350 0.621457489879
3353 0.623481781377
3359 0.625506072874
3367 0.627530364372
3380 0.62955465587
3390 0.631578947368
3400 0.633603238866
3401 0.635627530364
3407 0.637651821862
3413 0.63967611336
3420 0.641700404858
3435 0.643724696356
3460 0.645748987854
3494 0.647773279352
3513 0.64979757085
3515 0.651821862348
3525 0.653846153846
3549 0.655870445344
3568 0.657894736842
3621 0.65991902834
3630 0.661943319838
3631 0.663967611336
3632 0.665991902834
3640 0.668016194332
3650 0.67004048583
3656 0.672064777328
3685 0.674089068826
3691 0.676113360324
3693 0.678137651822
3700 0.68016194332
3704 0.682186234818
3721 0.684210526316
3732 0.686234817814
3759 0.688259109312
3820 0.69028340081
3828 0.692307692308
3870 0.694331983806
3897 0.696356275304
3930 0.698380566802
3936 0.7004048583
3956 0.702429149798
3967 0.704453441296
3975 0.706477732794
3976 0.708502024291
3983 0.710526315789
3984 0.712550607287
4004 0.714574898785
4026 0.716599190283
4028 0.718623481781
4031 0.720647773279
4036 0.722672064777
4077 0.724696356275
4092 0.726720647773
4109 0.728744939271
4130 0.730769230769
4136 0.732793522267
4141 0.734817813765
4154 0.736842105263
4178 0.738866396761
4213 0.740890688259
4233 0.744939271255
4233 0.744939271255
4246 0.748987854251
4246 0.748987854251
4254 0.751012145749
4258 0.753036437247
4264 0.755060728745
4363 0.757085020243
4399 0.759109311741
4415 0.761133603239
4425 0.763157894737
4434 0.765182186235
4440 0.767206477733
4531 0.769230769231
4533 0.771255060729
4535 0.773279352227
4553 0.775303643725
4555 0.777327935223
4578 0.779352226721
4632 0.781376518219
4658 0.783400809717
4703 0.785425101215
4739 0.787449392713
4800 0.789473684211
4804 0.791497975709
4805 0.793522267206
4816 0.795546558704
4851 0.797570850202
4879 0.7995951417
4891 0.801619433198
4892 0.803643724696
4898 0.805668016194
4902 0.807692307692
4913 0.80971659919
4929 0.811740890688
4945 0.813765182186
4967 0.815789473684
4984 0.817813765182
4989 0.81983805668
5012 0.821862348178
5067 0.823886639676
5076 0.825910931174
5084 0.827935222672
5091 0.82995951417
5112 0.831983805668
5174 0.834008097166
5181 0.836032388664
5222 0.838056680162
5236 0.84008097166
5241 0.842105263158
5290 0.844129554656
5318 0.846153846154
5338 0.848178137652
5405 0.85020242915
5406 0.852226720648
5411 0.854251012146
5420 0.856275303644
5431 0.858299595142
5444 0.86032388664
5463 0.862348178138
5490 0.864372469636
5563 0.866396761134
5595 0.868421052632
5599 0.87044534413
5646 0.872469635628
5831 0.874493927126
5852 0.878542510121
5852 0.878542510121
5875 0.880566801619
5917 0.882591093117
5919 0.884615384615
5923 0.886639676113
5948 0.888663967611
5987 0.890688259109
6001 0.892712550607
6009 0.894736842105
6019 0.898785425101
6019 0.898785425101
6056 0.900809716599
6074 0.902834008097
6089 0.904858299595
6203 0.906882591093
6217 0.908906882591
6241 0.910931174089
6260 0.912955465587
6282 0.914979757085
6328 0.917004048583
6371 0.919028340081
6458 0.921052631579
6497 0.923076923077
6499 0.925101214575
6533 0.927125506073
6544 0.929149797571
6622 0.931174089069
6630 0.933198380567
6670 0.935222672065
6749 0.937246963563
6751 0.939271255061
6809 0.941295546559
6942 0.943319838057
7012 0.945344129555
7175 0.947368421053
7296 0.949392712551
7351 0.951417004049
7388 0.953441295547
7403 0.955465587045
7637 0.957489878543
7668 0.95951417004
7744 0.961538461538
7790 0.963562753036
7925 0.965587044534
8078 0.967611336032
8126 0.96963562753
8348 0.971659919028
8875 0.973684210526
9141 0.975708502024
9242 0.977732793522
9292 0.97975708502
9447 0.981781376518
9958 0.983805668016
10969 0.985829959514
11460 0.987854251012
11670 0.98987854251
13975 0.991902834008
16858 0.993927125506
17005 0.995951417004
18492 0.997975708502
34802 1.0
