35 0.00395256916996
700 0.00790513833992
925 0.0118577075099
957 0.0158102766798
1142 0.0197628458498
1172 0.0237154150198
1363 0.0276679841897
1565 0.0316205533597
1830 0.0355731225296
1876 0.0395256916996
1899 0.0434782608696
2020 0.0474308300395
2076 0.0513833992095
2100 0.0553359683794
2146 0.0592885375494
2231 0.0632411067194
2252 0.0671936758893
2260 0.0711462450593
2265 0.0750988142292
2280 0.0790513833992
2293 0.0830039525692
2331 0.0869565217391
2380 0.0909090909091
2425 0.0948616600791
2463 0.102766798419
2463 0.102766798419
2516 0.106719367589
2637 0.110671936759
2670 0.114624505929
2673 0.118577075099
2679 0.122529644269
2699 0.126482213439
2701 0.134387351779
2701 0.134387351779
2804 0.138339920949
2956 0.142292490119
2960 0.146245059289
2967 0.150197628458
2981 0.154150197628
2989 0.158102766798
2997 0.162055335968
3099 0.166007905138
3140 0.169960474308
3213 0.173913043478
3215 0.177865612648
3240 0.181818181818
3313 0.185770750988
3314 0.189723320158
3324 0.193675889328
3428 0.197628458498
3467 0.201581027668
3472 0.205533596838
3476 0.209486166008
3501 0.213438735178
3538 0.217391304348
3549 0.221343873518
3580 0.225296442688
3617 0.229249011858
3637 0.233201581028
3651 0.237154150198
3673 0.241106719368
3682 0.245059288538
3705 0.249011857708
3724 0.252964426877
3727 0.256916996047
3752 0.260869565217
3760 0.264822134387
3765 0.268774703557
3769 0.272727272727
3791 0.276679841897
3793 0.280632411067
3834 0.284584980237
3841 0.288537549407
3844 0.292490118577
3872 0.296442687747
3885 0.300395256917
3907 0.304347826087
3909 0.308300395257
3962 0.312252964427
3973 0.316205533597
3976 0.320158102767
3981 0.324110671937
4004 0.328063241107
4012 0.332015810277
4030 0.335968379447
4048 0.339920948617
4055 0.343873517787
4076 0.347826086957
4083 0.351778656126
4087 0.355731225296
4089 0.359683794466
4128 0.363636363636
4153 0.367588932806
4157 0.371541501976
4162 0.375494071146
4172 0.379446640316
4185 0.383399209486
4190 0.387351778656
4194 0.391304347826
4216 0.395256916996
4230 0.399209486166
4244 0.403162055336
4251 0.407114624506
4258 0.411067193676
4272 0.415019762846
4310 0.418972332016
4317 0.422924901186
4333 0.426877470356
4348 0.430830039526
4372 0.434782608696
4373 0.438735177866
4408 0.442687747036
4420 0.446640316206
4426 0.450592885375
4430 0.454545454545
4444 0.462450592885
4444 0.462450592885
4547 0.466403162055
4589 0.470355731225
4602 0.474308300395
4616 0.478260869565
4619 0.482213438735
4628 0.486166007905
4642 0.490118577075
4643 0.494071146245
4657 0.498023715415
4678 0.501976284585
4739 0.505928853755
4776 0.509881422925
4843 0.513833992095
4906 0.517786561265
4914 0.521739130435
4926 0.525691699605
4963 0.529644268775
4981 0.533596837945
4997 0.537549407115
5007 0.541501976285
5048 0.545454545455
5094 0.549407114625
5105 0.553359683794
5120 0.557312252964
5184 0.561264822134
5188 0.565217391304
5215 0.569169960474
5285 0.573122529644
5289 0.577075098814
5300 0.581027667984
5342 0.584980237154
5351 0.588932806324
5374 0.592885375494
5383 0.596837944664
5412 0.600790513834
5441 0.604743083004
5487 0.608695652174
5529 0.612648221344
5558 0.616600790514
5589 0.620553359684
5605 0.624505928854
5620 0.628458498024
5636 0.632411067194
5668 0.636363636364
5720 0.640316205534
5747 0.644268774704
5800 0.648221343874
5846 0.652173913043
5855 0.656126482213
5874 0.660079051383
5936 0.664031620553
5947 0.667984189723
6033 0.671936758893
6067 0.675889328063
6079 0.679841897233
6118 0.683794466403
6149 0.691699604743
6149 0.691699604743
6219 0.695652173913
6244 0.699604743083
6301 0.703557312253
6305 0.707509881423
6338 0.711462450593
6363 0.715415019763
6402 0.719367588933
6406 0.723320158103
6425 0.727272727273
6472 0.731225296443
6481 0.735177865613
6547 0.739130434783
6595 0.743083003953
6600 0.747035573123
6605 0.750988142292
6626 0.754940711462
6629 0.758893280632
6674 0.762845849802
6718 0.766798418972
6723 0.770750988142
6868 0.774703557312
6913 0.778656126482
6934 0.782608695652
7033 0.786561264822
7035 0.790513833992
7121 0.794466403162
7219 0.798418972332
7293 0.802371541502
7357 0.806324110672
7363 0.810276679842
7448 0.814229249012
7498 0.818181818182
7533 0.822134387352
7603 0.826086956522
7634 0.830039525692
7678 0.833992094862
7684 0.837944664032
7739 0.841897233202
7752 0.845849802372
7764 0.849802371542
7949 0.853754940711
7993 0.857707509881
8020 0.861660079051
8112 0.865612648221
8313 0.869565217391
8316 0.873517786561
8394 0.877470355731
8416 0.881422924901
8449 0.885375494071
8584 0.889328063241
8602 0.893280632411
8768 0.897233201581
8809 0.901185770751
8928 0.905138339921
8951 0.909090909091
8963 0.913043478261
9138 0.916996047431
9211 0.920948616601
9334 0.924901185771
9381 0.928853754941
9416 0.932806324111
9519 0.936758893281
9752 0.940711462451
10063 0.944664031621
10132 0.948616600791
10261 0.95256916996
10982 0.95652173913
11082 0.9604743083
11258 0.96442687747
11364 0.96837944664
11653 0.97233201581
11793 0.97628458498
12469 0.98023715415
13631 0.98418972332
14261 0.98814229249
15414 0.99209486166
16510 0.99604743083
16836 1.0
