33 0.00380228136882
125 0.00760456273764
338 0.0114068441065
948 0.0152091254753
952 0.0190114068441
1022 0.0228136882129
1360 0.0266159695817
1532 0.0304182509506
1674 0.0342205323194
2145 0.0380228136882
2401 0.041825095057
2654 0.0456273764259
2899 0.0494296577947
2968 0.0532319391635
3088 0.0570342205323
3562 0.0608365019011
3653 0.06463878327
4701 0.0684410646388
5006 0.0722433460076
5556 0.0760456273764
5611 0.0798479087452
5947 0.0836501901141
6000 0.0874524714829
6399 0.0912547528517
6401 0.0950570342205
6429 0.0988593155894
6516 0.102661596958
6633 0.106463878327
6998 0.110266159696
7072 0.114068441065
7689 0.117870722433
7792 0.121673003802
7814 0.125475285171
8353 0.12927756654
9402 0.133079847909
9436 0.136882129278
9494 0.140684410646
9500 0.144486692015
9645 0.148288973384
9703 0.152091254753
9719 0.155893536122
9796 0.15969581749
9847 0.163498098859
9915 0.167300380228
10050 0.171102661597
10103 0.174904942966
10162 0.178707224335
10275 0.182509505703
10391 0.186311787072
10558 0.190114068441
10944 0.19391634981
10965 0.197718631179
10991 0.201520912548
11053 0.205323193916
11139 0.209125475285
11282 0.212927756654
11334 0.216730038023
11748 0.220532319392
11935 0.22433460076
12385 0.228136882129
12635 0.231939163498
13021 0.235741444867
13247 0.239543726236
13641 0.243346007605
13666 0.247148288973
13929 0.250950570342
14085 0.254752851711
14244 0.25855513308
14364 0.262357414449
14385 0.266159695817
14421 0.269961977186
14813 0.273764258555
14871 0.277566539924
14951 0.281368821293
15177 0.285171102662
15216 0.28897338403
15259 0.292775665399
15303 0.296577946768
15312 0.300380228137
15406 0.304182509506
15524 0.307984790875
15665 0.311787072243
15696 0.315589353612
16081 0.319391634981
16648 0.32319391635
16764 0.326996197719
16874 0.330798479087
16894 0.334600760456
16908 0.338403041825
16910 0.342205323194
17196 0.346007604563
17542 0.349809885932
17663 0.3536121673
17771 0.357414448669
17867 0.361216730038
17943 0.365019011407
18116 0.368821292776
18355 0.372623574144
18537 0.376425855513
18750 0.380228136882
18765 0.384030418251
19094 0.38783269962
19262 0.391634980989
19363 0.395437262357
19478 0.399239543726
19635 0.403041825095
20168 0.406844106464
20351 0.410646387833
21239 0.414448669202
21512 0.41825095057
21573 0.422053231939
21760 0.425855513308
21818 0.429657794677
22270 0.433460076046
22673 0.437262357414
22834 0.441064638783
22841 0.444866920152
24133 0.448669201521
24467 0.45247148289
24524 0.456273764259
25366 0.460076045627
26075 0.463878326996
26145 0.467680608365
26449 0.471482889734
26500 0.475285171103
26778 0.479087452471
27102 0.48288973384
27458 0.486692015209
27459 0.490494296578
27544 0.494296577947
27689 0.498098859316
27768 0.501901140684
27897 0.505703422053
28327 0.509505703422
28386 0.513307984791
28418 0.51711026616
28549 0.520912547529
29610 0.524714828897
29685 0.528517110266
29741 0.532319391635
29944 0.536121673004
30413 0.539923954373
30441 0.543726235741
30823 0.54752851711
31378 0.551330798479
31664 0.555133079848
32065 0.558935361217
32488 0.562737642586
32592 0.566539923954
32650 0.570342205323
32880 0.574144486692
32922 0.577946768061
33537 0.58174904943
33768 0.585551330798
34267 0.589353612167
34725 0.593155893536
34780 0.596958174905
34865 0.600760456274
35026 0.604562737643
35313 0.608365019011
35501 0.61216730038
35880 0.615969581749
36598 0.619771863118
37266 0.623574144487
37310 0.627376425856
37343 0.631178707224
37857 0.634980988593
37929 0.638783269962
37935 0.642585551331
39214 0.6463878327
39346 0.650190114068
39839 0.653992395437
40460 0.657794676806
40953 0.661596958175
40989 0.665399239544
41425 0.669201520913
42017 0.673003802281
42034 0.67680608365
42165 0.680608365019
42366 0.684410646388
42517 0.688212927757
42552 0.692015209125
43326 0.695817490494
43415 0.699619771863
43440 0.703422053232
43982 0.707224334601
44183 0.71102661597
44825 0.714828897338
45021 0.718631178707
45066 0.722433460076
45603 0.726235741445
45710 0.730038022814
46189 0.733840304183
46415 0.737642585551
46751 0.74144486692
47604 0.745247148289
47709 0.749049429658
47798 0.752851711027
48629 0.756653992395
48634 0.760456273764
48743 0.764258555133
49138 0.768060836502
49468 0.771863117871
50223 0.77566539924
50328 0.779467680608
52169 0.783269961977
53825 0.787072243346
53985 0.790874524715
54124 0.794676806084
54256 0.798479087452
54287 0.802281368821
55373 0.80608365019
56942 0.809885931559
57553 0.813688212928
57622 0.817490494297
57700 0.821292775665
57997 0.825095057034
58373 0.828897338403
58781 0.832699619772
59390 0.836501901141
60010 0.84030418251
61050 0.844106463878
64599 0.847908745247
65007 0.851711026616
65564 0.855513307985
65894 0.859315589354
66690 0.863117870722
67735 0.866920152091
67815 0.87072243346
68894 0.874524714829
75413 0.878326996198
75840 0.882129277567
76135 0.885931558935
76140 0.889733840304
77885 0.893536121673
84424 0.897338403042
85335 0.901140684411
87905 0.904942965779
92884 0.908745247148
95811 0.912547528517
98759 0.916349809886
99219 0.920152091255
102399 0.923954372624
105561 0.927756653992
107372 0.931558935361
112576 0.93536121673
121302 0.939163498099
123398 0.942965779468
134942 0.946768060837
136801 0.950570342205
140365 0.954372623574
149326 0.958174904943
155524 0.961977186312
156359 0.965779467681
161065 0.969581749049
164445 0.973384030418
165622 0.977186311787
175315 0.980988593156
181576 0.984790874525
212449 0.988593155894
220987 0.992395437262
235618 0.996197718631
272920 1.0
