723 0.00398406374502
929 0.00796812749004
973 0.0119521912351
1153 0.0159362549801
1390 0.0199203187251
1408 0.0239043824701
1580 0.0278884462151
1604 0.0318725099602
1825 0.0398406374502
1825 0.0398406374502
2039 0.0438247011952
2101 0.0478087649402
2161 0.0517928286853
2171 0.0557768924303
2236 0.0597609561753
2246 0.0637450199203
2285 0.0677290836653
2299 0.0717131474104
2376 0.0756972111554
2423 0.0796812749004
2440 0.0836653386454
2453 0.0876494023904
2486 0.0916334661355
2517 0.0956175298805
2665 0.0996015936255
2741 0.103585657371
2748 0.107569721116
3005 0.111553784861
3009 0.115537848606
3014 0.119521912351
3039 0.123505976096
3087 0.127490039841
3200 0.131474103586
3202 0.135458167331
3260 0.139442231076
3326 0.143426294821
3390 0.147410358566
3398 0.151394422311
3437 0.155378486056
3466 0.159362549801
3481 0.163346613546
3504 0.167330677291
3563 0.171314741036
3623 0.175298804781
3635 0.179282868526
3657 0.183266932271
3664 0.187250996016
3679 0.191235059761
3736 0.195219123506
3738 0.199203187251
3763 0.203187250996
3780 0.207171314741
3806 0.211155378486
3924 0.215139442231
3929 0.219123505976
3949 0.223107569721
3989 0.227091633466
3991 0.231075697211
4001 0.235059760956
4005 0.239043824701
4093 0.243027888446
4096 0.247011952191
4107 0.250996015936
4121 0.254980079681
4225 0.258964143426
4242 0.262948207171
4244 0.266932270916
4285 0.270916334661
4294 0.274900398406
4315 0.278884462151
4324 0.282868525896
4334 0.286852589641
4336 0.290836653386
4359 0.294820717131
4361 0.298804780876
4377 0.302788844622
4380 0.306772908367
4383 0.310756972112
4391 0.314741035857
4470 0.318725099602
4474 0.322709163347
4531 0.330677290837
4531 0.330677290837
4556 0.334661354582
4670 0.338645418327
4752 0.342629482072
4765 0.346613545817
4786 0.350597609562
4808 0.354581673307
4842 0.358565737052
4869 0.362549800797
4870 0.366533864542
4988 0.370517928287
5034 0.374501992032
5042 0.378486055777
5064 0.382470119522
5095 0.386454183267
5100 0.390438247012
5128 0.394422310757
5136 0.398406374502
5156 0.402390438247
5197 0.406374501992
5212 0.410358565737
5249 0.414342629482
5280 0.418326693227
5362 0.422310756972
5417 0.426294820717
5419 0.430278884462
5474 0.434262948207
5487 0.438247011952
5497 0.442231075697
5529 0.446215139442
5585 0.450199203187
5591 0.454183266932
5594 0.458167330677
5611 0.462151394422
5620 0.466135458167
5631 0.470119521912
5697 0.474103585657
5747 0.478087649402
5782 0.482071713147
5797 0.486055776892
5879 0.490039840637
5903 0.494023904382
5974 0.498007968127
5986 0.501992031873
5999 0.505976095618
6001 0.509960159363
6139 0.513944223108
6177 0.517928286853
6194 0.521912350598
6239 0.525896414343
6249 0.529880478088
6335 0.533864541833
6337 0.537848605578
6354 0.541832669323
6471 0.545816733068
6542 0.549800796813
6548 0.553784860558
6612 0.557768924303
6656 0.561752988048
6669 0.565737051793
6699 0.569721115538
6751 0.573705179283
6808 0.577689243028
6854 0.581673306773
6856 0.585657370518
6885 0.589641434263
6924 0.593625498008
6971 0.597609561753
6989 0.601593625498
7057 0.605577689243
7067 0.609561752988
7141 0.613545816733
7147 0.617529880478
7184 0.621513944223
7217 0.625498007968
7249 0.629482071713
7257 0.633466135458
7304 0.637450199203
7325 0.641434262948
7363 0.645418326693
7384 0.649402390438
7477 0.653386454183
7500 0.657370517928
7509 0.661354581673
7523 0.665338645418
7559 0.669322709163
7594 0.673306772908
7635 0.677290836653
7659 0.681274900398
7671 0.685258964143
7683 0.689243027888
7761 0.693227091633
7806 0.697211155378
7833 0.701195219124
7875 0.705179282869
7896 0.709163346614
7961 0.713147410359
7982 0.717131474104
7983 0.721115537849
8006 0.725099601594
8020 0.729083665339
8064 0.733067729084
8186 0.737051792829
8279 0.741035856574
8281 0.745019920319
8409 0.749003984064
8470 0.752988047809
8477 0.756972111554
8506 0.760956175299
8648 0.764940239044
8813 0.768924302789
8936 0.772908366534
9104 0.776892430279
9137 0.780876494024
9188 0.784860557769
9205 0.788844621514
9227 0.792828685259
9312 0.796812749004
9594 0.800796812749
9608 0.804780876494
9690 0.808764940239
9886 0.812749003984
9926 0.816733067729
10029 0.820717131474
10041 0.824701195219
10043 0.828685258964
10064 0.832669322709
10150 0.836653386454
10158 0.840637450199
10222 0.844621513944
10235 0.848605577689
10236 0.856573705179
10236 0.856573705179
10432 0.860557768924
10495 0.864541832669
10506 0.868525896414
10595 0.872509960159
10754 0.876494023904
10851 0.880478087649
10863 0.884462151394
11011 0.888446215139
11071 0.892430278884
11248 0.896414342629
11552 0.900398406375
11779 0.90438247012
11978 0.908366533865
12006 0.91235059761
12388 0.916334661355
12699 0.9203187251
13133 0.924302788845
13234 0.92828685259
13456 0.932270916335
13565 0.93625498008
13719 0.940239043825
14895 0.94422310757
15602 0.948207171315
16242 0.95219123506
17320 0.956175298805
17629 0.96015936255
18156 0.964143426295
19232 0.96812749004
19711 0.972111553785
19713 0.97609561753
20764 0.980079681275
21014 0.98406374502
21287 0.988047808765
25357 0.99203187251
26771 0.996015936255
33020 1.0
