32 0.00202429149798
592 0.00404858299595
835 0.00607287449393
1246 0.0080971659919
1525 0.0101214574899
1837 0.0121457489879
1968 0.0141700404858
2330 0.0161943319838
2857 0.0182186234818
2984 0.0202429149798
3131 0.0222672064777
3275 0.0242914979757
3512 0.0263157894737
3924 0.0283400809717
4182 0.0303643724696
4389 0.0323886639676
4423 0.0344129554656
4498 0.0364372469636
4546 0.0384615384615
4587 0.0404858299595
4786 0.0425101214575
4947 0.0445344129555
4951 0.0465587044534
4954 0.0485829959514
5703 0.0506072874494
6777 0.0526315789474
6791 0.0546558704453
7048 0.0566801619433
7122 0.0587044534413
7259 0.0607287449393
7261 0.0627530364372
7449 0.0647773279352
7522 0.0668016194332
7739 0.0688259109312
7983 0.0708502024291
8141 0.0728744939271
8150 0.0748987854251
8897 0.0769230769231
8978 0.0789473684211
9120 0.080971659919
9481 0.082995951417
9703 0.085020242915
9707 0.087044534413
9947 0.0890688259109
10023 0.0910931174089
10117 0.0931174089069
10215 0.0951417004049
10336 0.0971659919028
10432 0.0991902834008
10824 0.101214574899
11210 0.103238866397
11751 0.105263157895
11846 0.107287449393
11935 0.109311740891
12147 0.111336032389
12211 0.113360323887
12346 0.115384615385
12411 0.117408906883
12421 0.119433198381
12460 0.121457489879
12463 0.123481781377
12484 0.125506072874
12564 0.127530364372
12813 0.12955465587
12963 0.131578947368
13208 0.133603238866
13211 0.135627530364
13481 0.137651821862
13577 0.13967611336
13700 0.141700404858
13741 0.143724696356
13858 0.145748987854
13860 0.147773279352
13992 0.14979757085
14083 0.151821862348
14874 0.153846153846
15186 0.155870445344
15468 0.157894736842
15528 0.15991902834
15604 0.161943319838
15632 0.163967611336
15662 0.165991902834
15688 0.168016194332
16177 0.17004048583
16439 0.172064777328
16447 0.174089068826
16786 0.176113360324
16883 0.178137651822
17488 0.18016194332
17577 0.182186234818
17618 0.184210526316
17669 0.186234817814
17933 0.188259109312
18033 0.19028340081
18129 0.192307692308
18139 0.194331983806
18251 0.196356275304
18329 0.198380566802
18330 0.2004048583
18412 0.202429149798
18521 0.204453441296
18694 0.206477732794
19092 0.208502024291
19170 0.210526315789
19180 0.212550607287
19321 0.214574898785
19913 0.216599190283
19935 0.218623481781
20040 0.220647773279
20168 0.222672064777
20251 0.224696356275
20271 0.226720647773
20310 0.228744939271
20360 0.230769230769
20430 0.232793522267
20562 0.234817813765
20632 0.236842105263
21038 0.238866396761
21201 0.240890688259
21338 0.242914979757
21664 0.244939271255
21837 0.246963562753
21911 0.248987854251
21936 0.251012145749
22022 0.253036437247
22052 0.255060728745
22120 0.257085020243
22205 0.259109311741
22452 0.261133603239
22483 0.263157894737
22553 0.265182186235
22661 0.267206477733
22738 0.269230769231
22743 0.271255060729
22855 0.273279352227
22968 0.275303643725
23006 0.277327935223
23354 0.279352226721
23385 0.281376518219
23389 0.283400809717
23475 0.285425101215
23483 0.287449392713
23521 0.289473684211
23584 0.291497975709
23585 0.293522267206
23686 0.295546558704
23690 0.297570850202
23719 0.2995951417
23737 0.301619433198
23822 0.303643724696
24123 0.305668016194
24425 0.307692307692
24430 0.30971659919
24528 0.311740890688
25013 0.313765182186
25063 0.315789473684
25145 0.317813765182
25270 0.31983805668
25769 0.321862348178
25809 0.323886639676
26253 0.325910931174
26388 0.327935222672
26634 0.32995951417
27014 0.331983805668
27162 0.334008097166
27282 0.338056680162
27282 0.338056680162
27425 0.34008097166
27571 0.342105263158
27860 0.344129554656
27887 0.346153846154
28091 0.348178137652
28199 0.35020242915
28210 0.352226720648
28253 0.354251012146
28306 0.356275303644
28319 0.358299595142
28550 0.36032388664
28913 0.362348178138
29094 0.364372469636
29416 0.366396761134
29452 0.368421052632
29497 0.37044534413
29508 0.372469635628
29947 0.374493927126
30207 0.376518218623
30385 0.380566801619
30385 0.380566801619
30716 0.382591093117
30739 0.384615384615
30817 0.386639676113
30838 0.388663967611
31282 0.390688259109
31475 0.392712550607
31683 0.394736842105
31880 0.396761133603
31949 0.398785425101
31961 0.400809716599
31962 0.402834008097
32380 0.404858299595
32578 0.406882591093
32596 0.408906882591
32983 0.410931174089
33290 0.412955465587
33471 0.414979757085
33503 0.417004048583
33524 0.419028340081
33785 0.421052631579
33883 0.423076923077
34144 0.425101214575
34202 0.427125506073
34537 0.429149797571
34567 0.431174089069
34759 0.433198380567
34911 0.435222672065
35131 0.437246963563
35290 0.439271255061
35417 0.441295546559
35494 0.443319838057
35527 0.445344129555
35843 0.447368421053
36180 0.449392712551
36239 0.451417004049
36398 0.453441295547
36400 0.455465587045
36408 0.457489878543
36668 0.461538461538
36668 0.461538461538
36684 0.463562753036
36685 0.465587044534
36815 0.467611336032
37093 0.46963562753
37507 0.471659919028
37570 0.473684210526
37763 0.475708502024
37931 0.477732793522
38007 0.47975708502
38162 0.481781376518
38250 0.483805668016
38275 0.485829959514
38295 0.487854251012
38311 0.48987854251
38369 0.491902834008
38461 0.493927125506
38607 0.495951417004
38649 0.497975708502
38654 0.5
38688 0.502024291498
38707 0.504048582996
38760 0.506072874494
39183 0.508097165992
39491 0.51012145749
39525 0.512145748988
39828 0.514170040486
39896 0.516194331984
39971 0.518218623482
39995 0.52024291498
40330 0.522267206478
40755 0.524291497976
40898 0.526315789474
41037 0.528340080972
41111 0.53036437247
41138 0.532388663968
41254 0.534412955466
41338 0.536437246964
41560 0.538461538462
41724 0.54048582996
41821 0.542510121457
41894 0.544534412955
42087 0.546558704453
42225 0.548582995951
42366 0.550607287449
42525 0.552631578947
42881 0.554655870445
42939 0.556680161943
43172 0.558704453441
43181 0.560728744939
43197 0.562753036437
43221 0.564777327935
43419 0.566801619433
43733 0.568825910931
43943 0.570850202429
44592 0.572874493927
44931 0.574898785425
45033 0.576923076923
45190 0.578947368421
45463 0.580971659919
45504 0.582995951417
45759 0.585020242915
46263 0.587044534413
46406 0.589068825911
46424 0.591093117409
46526 0.593117408907
46813 0.595141700405
47112 0.597165991903
47113 0.599190283401
47203 0.601214574899
47822 0.603238866397
47890 0.605263157895
48141 0.607287449393
48163 0.609311740891
48228 0.611336032389
48724 0.613360323887
48726 0.615384615385
48746 0.617408906883
48786 0.619433198381
48923 0.621457489879
48988 0.623481781377
49143 0.625506072874
49367 0.627530364372
49605 0.62955465587
49636 0.631578947368
49742 0.633603238866
49774 0.635627530364
49914 0.637651821862
50103 0.63967611336
50319 0.641700404858
50367 0.643724696356
50483 0.645748987854
50587 0.647773279352
50713 0.64979757085
50721 0.651821862348
50792 0.653846153846
50816 0.655870445344
50871 0.657894736842
51020 0.65991902834
51043 0.661943319838
51069 0.663967611336
51111 0.665991902834
51119 0.668016194332
51138 0.67004048583
51221 0.672064777328
51484 0.674089068826
51500 0.676113360324
51523 0.678137651822
51714 0.68016194332
51747 0.682186234818
52444 0.684210526316
52647 0.686234817814
53159 0.688259109312
53291 0.69028340081
53354 0.692307692308
53687 0.694331983806
53752 0.696356275304
53808 0.698380566802
53979 0.7004048583
54003 0.702429149798
54229 0.704453441296
54341 0.706477732794
54428 0.708502024291
54619 0.710526315789
55630 0.712550607287
55847 0.714574898785
56190 0.716599190283
56280 0.718623481781
56728 0.720647773279
56792 0.722672064777
57031 0.724696356275
57296 0.726720647773
58083 0.728744939271
58637 0.730769230769
58674 0.732793522267
58783 0.734817813765
59136 0.736842105263
59160 0.738866396761
59388 0.740890688259
59729 0.742914979757
59998 0.744939271255
60608 0.746963562753
60636 0.748987854251
60865 0.751012145749
61343 0.753036437247
61450 0.755060728745
61535 0.757085020243
61778 0.759109311741
61914 0.761133603239
61925 0.763157894737
62648 0.765182186235
62694 0.767206477733
62955 0.769230769231
63179 0.771255060729
63191 0.773279352227
63317 0.775303643725
63898 0.777327935223
64033 0.779352226721
64097 0.781376518219
64142 0.783400809717
65077 0.785425101215
65328 0.787449392713
65414 0.789473684211
66621 0.791497975709
66878 0.793522267206
66885 0.795546558704
67036 0.797570850202
67278 0.7995951417
68143 0.801619433198
68244 0.803643724696
68761 0.805668016194
68822 0.807692307692
69007 0.80971659919
69071 0.811740890688
69129 0.813765182186
69179 0.815789473684
69646 0.817813765182
71699 0.81983805668
71900 0.821862348178
72188 0.823886639676
72330 0.825910931174
72386 0.827935222672
72888 0.82995951417
73307 0.831983805668
73463 0.834008097166
73806 0.836032388664
74192 0.838056680162
74267 0.84008097166
74373 0.842105263158
74949 0.844129554656
76271 0.846153846154
76669 0.848178137652
77386 0.85020242915
78758 0.852226720648
78786 0.854251012146
79462 0.856275303644
79715 0.858299595142
80162 0.86032388664
80169 0.862348178138
80775 0.864372469636
81478 0.866396761134
81596 0.868421052632
82144 0.87044534413
83283 0.872469635628
83564 0.874493927126
89361 0.876518218623
91867 0.878542510121
92754 0.880566801619
93879 0.882591093117
94003 0.884615384615
94212 0.886639676113
94590 0.888663967611
95353 0.890688259109
96942 0.892712550607
97022 0.894736842105
97072 0.896761133603
98968 0.898785425101
99613 0.900809716599
100052 0.902834008097
100632 0.904858299595
100954 0.906882591093
101172 0.908906882591
101205 0.910931174089
102402 0.912955465587
102967 0.914979757085
103359 0.917004048583
105242 0.919028340081
110428 0.921052631579
111753 0.923076923077
113102 0.925101214575
113987 0.927125506073
114608 0.929149797571
115361 0.931174089069
118501 0.933198380567
121086 0.935222672065
121581 0.937246963563
122795 0.939271255061
127036 0.941295546559
127902 0.943319838057
128117 0.945344129555
129742 0.947368421053
132988 0.949392712551
140653 0.951417004049
141441 0.953441295547
141848 0.955465587045
151247 0.957489878543
155520 0.95951417004
158014 0.961538461538
160622 0.963562753036
162496 0.965587044534
162710 0.967611336032
175407 0.96963562753
185421 0.971659919028
186137 0.973684210526
189537 0.975708502024
192084 0.977732793522
196934 0.97975708502
207986 0.981781376518
210325 0.983805668016
210953 0.985829959514
212082 0.987854251012
213268 0.98987854251
220540 0.991902834008
241779 0.993927125506
261991 0.995951417004
265514 0.997975708502
2449357 1.0
