32 0.00202429149798
311 0.00404858299595
365 0.00607287449393
485 0.0080971659919
531 0.0101214574899
546 0.0121457489879
580 0.0141700404858
582 0.0161943319838
710 0.0182186234818
780 0.0202429149798
805 0.0222672064777
835 0.0242914979757
897 0.0263157894737
904 0.0283400809717
918 0.0303643724696
933 0.0323886639676
968 0.0344129554656
973 0.0364372469636
981 0.0384615384615
995 0.0404858299595
1000 0.0425101214575
1005 0.0445344129555
1086 0.0465587044534
1118 0.0485829959514
1200 0.0506072874494
1216 0.0526315789474
1233 0.0546558704453
1234 0.0566801619433
1240 0.0587044534413
1305 0.0607287449393
1333 0.0627530364372
1338 0.0647773279352
1366 0.0668016194332
1411 0.0688259109312
1430 0.0708502024291
1450 0.0728744939271
1468 0.0748987854251
1470 0.0769230769231
1474 0.0789473684211
1519 0.080971659919
1551 0.082995951417
1561 0.085020242915
1565 0.087044534413
1569 0.0890688259109
1582 0.0910931174089
1584 0.0931174089069
1595 0.0951417004049
1645 0.0971659919028
1669 0.0991902834008
1687 0.101214574899
1700 0.103238866397
1717 0.105263157895
1736 0.107287449393
1742 0.109311740891
1765 0.111336032389
1782 0.113360323887
1786 0.115384615385
1793 0.117408906883
1796 0.119433198381
1823 0.121457489879
1898 0.123481781377
1899 0.125506072874
1907 0.127530364372
1950 0.12955465587
1952 0.131578947368
1958 0.133603238866
1988 0.135627530364
2010 0.137651821862
2011 0.13967611336
2042 0.141700404858
2043 0.143724696356
2059 0.145748987854
2064 0.147773279352
2079 0.14979757085
2081 0.151821862348
2088 0.153846153846
2100 0.155870445344
2110 0.157894736842
2127 0.15991902834
2142 0.161943319838
2152 0.163967611336
2159 0.165991902834
2166 0.168016194332
2171 0.17004048583
2183 0.172064777328
2186 0.174089068826
2191 0.176113360324
2194 0.178137651822
2198 0.18016194332
2200 0.182186234818
2209 0.184210526316
2212 0.186234817814
2238 0.188259109312
2274 0.19028340081
2284 0.192307692308
2286 0.194331983806
2302 0.196356275304
2321 0.198380566802
2326 0.2004048583
2349 0.202429149798
2358 0.204453441296
2375 0.206477732794
2387 0.208502024291
2401 0.210526315789
2406 0.212550607287
2411 0.214574898785
2415 0.216599190283
2439 0.218623481781
2448 0.220647773279
2459 0.222672064777
2473 0.224696356275
2489 0.226720647773
2490 0.228744939271
2514 0.230769230769
2539 0.232793522267
2541 0.234817813765
2549 0.236842105263
2577 0.238866396761
2580 0.240890688259
2581 0.242914979757
2647 0.244939271255
2669 0.246963562753
2674 0.248987854251
2684 0.251012145749
2692 0.253036437247
2703 0.255060728745
2728 0.257085020243
2737 0.259109311741
2740 0.261133603239
2761 0.263157894737
2783 0.265182186235
2793 0.267206477733
2801 0.269230769231
2812 0.271255060729
2837 0.273279352227
2838 0.275303643725
2850 0.277327935223
2853 0.279352226721
2862 0.281376518219
2864 0.283400809717
2865 0.285425101215
2883 0.287449392713
2928 0.291497975709
2928 0.291497975709
2938 0.293522267206
2982 0.295546558704
2985 0.297570850202
2998 0.2995951417
3002 0.301619433198
3005 0.303643724696
3020 0.305668016194
3030 0.307692307692
3075 0.30971659919
3077 0.311740890688
3108 0.313765182186
3138 0.315789473684
3141 0.317813765182
3160 0.31983805668
3165 0.321862348178
3168 0.323886639676
3170 0.325910931174
3186 0.327935222672
3202 0.32995951417
3207 0.331983805668
3211 0.334008097166
3231 0.336032388664
3245 0.338056680162
3249 0.34008097166
3265 0.342105263158
3290 0.344129554656
3315 0.346153846154
3318 0.348178137652
3341 0.35020242915
3345 0.352226720648
3372 0.356275303644
3372 0.356275303644
3420 0.358299595142
3421 0.36032388664
3422 0.362348178138
3425 0.364372469636
3428 0.366396761134
3429 0.368421052632
3455 0.37044534413
3464 0.372469635628
3466 0.376518218623
3466 0.376518218623
3469 0.378542510121
3478 0.380566801619
3510 0.382591093117
3514 0.384615384615
3526 0.386639676113
3553 0.388663967611
3557 0.390688259109
3583 0.392712550607
3612 0.394736842105
3625 0.396761133603
3629 0.398785425101
3630 0.400809716599
3634 0.402834008097
3637 0.406882591093
3637 0.406882591093
3665 0.408906882591
3680 0.410931174089
3684 0.412955465587
3691 0.414979757085
3703 0.417004048583
3710 0.419028340081
3714 0.421052631579
3729 0.423076923077
3730 0.427125506073
3730 0.427125506073
3741 0.429149797571
3788 0.431174089069
3813 0.433198380567
3825 0.435222672065
3837 0.437246963563
3860 0.439271255061
3868 0.441295546559
3882 0.443319838057
3888 0.445344129555
3944 0.447368421053
3946 0.449392712551
3970 0.451417004049
3972 0.453441295547
3978 0.455465587045
4024 0.457489878543
4027 0.45951417004
4035 0.461538461538
4036 0.463562753036
4040 0.465587044534
4053 0.467611336032
4056 0.46963562753
4097 0.471659919028
4107 0.473684210526
4115 0.475708502024
4143 0.477732793522
4153 0.47975708502
4168 0.481781376518
4172 0.483805668016
4178 0.485829959514
4181 0.487854251012
4199 0.491902834008
4199 0.491902834008
4203 0.493927125506
4222 0.495951417004
4243 0.497975708502
4247 0.5
4252 0.502024291498
4262 0.504048582996
4263 0.506072874494
4266 0.508097165992
4280 0.51012145749
4298 0.512145748988
4305 0.514170040486
4322 0.516194331984
4339 0.518218623482
4341 0.52024291498
4346 0.522267206478
4350 0.524291497976
4353 0.526315789474
4407 0.528340080972
4418 0.53036437247
4436 0.532388663968
4458 0.534412955466
4464 0.536437246964
4478 0.538461538462
4484 0.54048582996
4549 0.542510121457
4610 0.544534412955
4627 0.546558704453
4634 0.548582995951
4642 0.550607287449
4653 0.552631578947
4694 0.554655870445
4698 0.556680161943
4784 0.558704453441
4788 0.560728744939
4811 0.562753036437
4814 0.564777327935
4837 0.566801619433
4843 0.568825910931
4865 0.570850202429
4922 0.572874493927
4926 0.574898785425
4931 0.576923076923
4938 0.578947368421
4945 0.580971659919
4976 0.585020242915
4976 0.585020242915
5001 0.587044534413
5005 0.589068825911
5023 0.591093117409
5052 0.593117408907
5054 0.595141700405
5072 0.597165991903
5087 0.599190283401
5096 0.601214574899
5103 0.603238866397
5136 0.605263157895
5140 0.607287449393
5142 0.609311740891
5152 0.611336032389
5153 0.613360323887
5165 0.615384615385
5172 0.617408906883
5199 0.619433198381
5267 0.621457489879
5269 0.625506072874
5269 0.625506072874
5284 0.627530364372
5285 0.62955465587
5288 0.631578947368
5339 0.633603238866
5360 0.635627530364
5427 0.637651821862
5464 0.63967611336
5466 0.641700404858
5520 0.643724696356
5533 0.645748987854
5546 0.647773279352
5549 0.64979757085
5573 0.653846153846
5573 0.653846153846
5605 0.655870445344
5606 0.657894736842
5644 0.65991902834
5674 0.661943319838
5690 0.663967611336
5710 0.665991902834
5717 0.668016194332
5719 0.67004048583
5737 0.672064777328
5750 0.674089068826
5814 0.676113360324
5816 0.68016194332
5816 0.68016194332
5823 0.682186234818
5840 0.684210526316
5841 0.686234817814
5862 0.688259109312
5870 0.69028340081
5885 0.692307692308
5896 0.694331983806
5899 0.698380566802
5899 0.698380566802
5920 0.7004048583
5936 0.702429149798
5939 0.704453441296
5956 0.708502024291
5956 0.708502024291
5961 0.710526315789
5974 0.714574898785
5974 0.714574898785
5988 0.716599190283
6028 0.718623481781
6031 0.720647773279
6037 0.722672064777
6056 0.724696356275
6100 0.726720647773
6158 0.728744939271
6171 0.730769230769
6273 0.732793522267
6324 0.734817813765
6379 0.736842105263
6397 0.738866396761
6441 0.740890688259
6444 0.742914979757
6531 0.744939271255
6533 0.746963562753
6559 0.748987854251
6563 0.751012145749
6583 0.753036437247
6609 0.755060728745
6614 0.757085020243
6623 0.759109311741
6633 0.761133603239
6635 0.763157894737
6666 0.765182186235
6671 0.767206477733
6692 0.769230769231
6701 0.771255060729
6762 0.773279352227
6786 0.775303643725
6813 0.777327935223
6841 0.779352226721
6842 0.781376518219
6843 0.783400809717
6872 0.785425101215
6898 0.787449392713
6979 0.789473684211
7005 0.791497975709
7075 0.793522267206
7094 0.795546558704
7123 0.797570850202
7126 0.7995951417
7154 0.803643724696
7154 0.803643724696
7296 0.805668016194
7302 0.807692307692
7306 0.80971659919
7331 0.811740890688
7409 0.813765182186
7468 0.815789473684
7628 0.817813765182
7699 0.81983805668
7750 0.821862348178
7760 0.823886639676
7793 0.825910931174
7845 0.827935222672
7865 0.82995951417
7900 0.831983805668
7915 0.834008097166
7921 0.836032388664
7951 0.838056680162
8007 0.84008097166
8037 0.842105263158
8048 0.844129554656
8101 0.846153846154
8111 0.848178137652
8118 0.85020242915
8228 0.852226720648
8316 0.854251012146
8367 0.856275303644
8373 0.858299595142
8375 0.86032388664
8441 0.862348178138
8468 0.864372469636
8623 0.866396761134
8642 0.868421052632
8752 0.87044534413
8862 0.872469635628
8898 0.874493927126
8929 0.876518218623
9048 0.878542510121
9064 0.880566801619
9069 0.882591093117
9342 0.884615384615
9397 0.886639676113
9401 0.888663967611
9407 0.890688259109
9448 0.892712550607
9568 0.894736842105
9713 0.896761133603
9852 0.898785425101
9886 0.900809716599
9940 0.902834008097
10011 0.904858299595
10097 0.906882591093
10508 0.908906882591
10680 0.910931174089
10711 0.912955465587
10913 0.914979757085
10916 0.917004048583
11062 0.919028340081
11236 0.921052631579
11395 0.923076923077
11669 0.925101214575
11673 0.927125506073
12261 0.929149797571
12881 0.931174089069
12985 0.933198380567
13050 0.935222672065
13382 0.937246963563
13747 0.939271255061
13880 0.941295546559
14089 0.943319838057
14117 0.945344129555
14177 0.947368421053
14340 0.949392712551
14356 0.951417004049
14484 0.953441295547
14625 0.955465587045
14733 0.957489878543
14777 0.95951417004
15332 0.961538461538
15784 0.963562753036
16376 0.965587044534
16699 0.967611336032
16956 0.96963562753
17419 0.971659919028
18038 0.973684210526
18200 0.975708502024
19295 0.977732793522
19673 0.97975708502
20245 0.981781376518
20991 0.983805668016
21090 0.985829959514
21264 0.987854251012
21271 0.98987854251
23173 0.991902834008
24731 0.993927125506
30108 0.995951417004
31645 0.997975708502
36612 1.0
