29 0.00591715976331
29 0.00591715976331
824 0.00887573964497
1113 0.0118343195266
1601 0.0147928994083
1684 0.0177514792899
2019 0.0207100591716
2075 0.0236686390533
2533 0.0266272189349
2576 0.0295857988166
2973 0.0325443786982
3008 0.0355029585799
3126 0.0384615384615
3443 0.0414201183432
3512 0.0443786982249
3538 0.0473372781065
3683 0.0502958579882
3811 0.0532544378698
3857 0.0562130177515
4002 0.0591715976331
4115 0.0621301775148
4233 0.0650887573964
4318 0.0680473372781
4358 0.0710059171598
4409 0.0739644970414
4419 0.0769230769231
4695 0.0798816568047
4772 0.0828402366864
4787 0.085798816568
4881 0.0887573964497
4898 0.0917159763314
5070 0.094674556213
5128 0.0976331360947
5261 0.100591715976
5265 0.103550295858
5308 0.10650887574
5371 0.109467455621
5570 0.112426035503
5608 0.115384615385
5980 0.118343195266
6155 0.121301775148
6164 0.12426035503
6296 0.127218934911
6441 0.130177514793
6572 0.133136094675
6616 0.136094674556
6643 0.139053254438
7002 0.14201183432
7007 0.144970414201
7026 0.150887573964
7026 0.150887573964
7082 0.153846153846
7092 0.156804733728
7146 0.159763313609
7162 0.162721893491
7213 0.165680473373
7215 0.168639053254
7230 0.171597633136
7289 0.174556213018
7322 0.177514792899
7338 0.180473372781
7344 0.183431952663
7438 0.186390532544
7963 0.189349112426
7995 0.192307692308
8135 0.195266272189
8369 0.198224852071
8387 0.201183431953
8396 0.204142011834
8469 0.207100591716
8471 0.210059171598
8477 0.213017751479
8482 0.215976331361
8505 0.218934911243
8535 0.221893491124
8771 0.224852071006
8938 0.227810650888
8942 0.230769230769
8946 0.233727810651
8947 0.236686390533
9017 0.239644970414
9087 0.242603550296
9152 0.245562130178
9188 0.248520710059
9410 0.251479289941
9439 0.254437869822
9451 0.257396449704
9619 0.260355029586
9621 0.263313609467
9622 0.266272189349
9765 0.269230769231
9782 0.272189349112
9797 0.275147928994
9812 0.278106508876
9973 0.281065088757
10022 0.284023668639
10025 0.286982248521
10189 0.289940828402
10223 0.292899408284
10466 0.295857988166
10507 0.298816568047
10531 0.301775147929
10535 0.304733727811
10629 0.307692307692
10644 0.310650887574
10879 0.313609467456
11226 0.316568047337
11269 0.319526627219
11295 0.322485207101
11307 0.325443786982
11328 0.328402366864
11372 0.331360946746
11499 0.334319526627
11537 0.337278106509
11587 0.340236686391
11611 0.343195266272
11745 0.346153846154
11778 0.349112426036
11886 0.352071005917
11917 0.355029585799
11921 0.35798816568
11968 0.360946745562
12117 0.363905325444
12214 0.366863905325
12252 0.369822485207
12259 0.372781065089
12473 0.37573964497
12497 0.378698224852
12641 0.381656804734
12654 0.384615384615
12666 0.387573964497
12692 0.390532544379
12921 0.39349112426
13136 0.396449704142
13205 0.399408284024
13293 0.402366863905
13337 0.405325443787
13383 0.408284023669
13464 0.41124260355
13556 0.414201183432
13619 0.417159763314
13702 0.420118343195
13795 0.423076923077
13890 0.426035502959
14079 0.42899408284
14172 0.431952662722
14179 0.434911242604
14468 0.437869822485
14509 0.440828402367
14740 0.443786982249
14755 0.44674556213
14917 0.449704142012
14959 0.452662721893
15049 0.455621301775
15054 0.458579881657
15188 0.461538461538
15282 0.46449704142
15296 0.467455621302
15315 0.470414201183
15326 0.473372781065
15385 0.476331360947
15403 0.479289940828
15412 0.48224852071
15587 0.485207100592
15612 0.488165680473
15664 0.491124260355
15786 0.494082840237
15951 0.497041420118
16016 0.5
16025 0.502958579882
16135 0.505917159763
16309 0.508875739645
16454 0.511834319527
16545 0.514792899408
16599 0.51775147929
16876 0.520710059172
17194 0.523668639053
17210 0.526627218935
17255 0.529585798817
17348 0.532544378698
17381 0.53550295858
17398 0.538461538462
17432 0.541420118343
17464 0.544378698225
17572 0.547337278107
17681 0.550295857988
17984 0.55325443787
17994 0.556213017751
18141 0.559171597633
18213 0.562130177515
18363 0.565088757396
18458 0.568047337278
18525 0.57100591716
18533 0.573964497041
18714 0.576923076923
18767 0.579881656805
18786 0.582840236686
18836 0.585798816568
19282 0.58875739645
19308 0.591715976331
19373 0.594674556213
19440 0.597633136095
19510 0.600591715976
19513 0.603550295858
19541 0.60650887574
19685 0.609467455621
19873 0.612426035503
19914 0.615384615385
19941 0.618343195266
19952 0.621301775148
20001 0.62426035503
20285 0.627218934911
20424 0.630177514793
20527 0.633136094675
20822 0.636094674556
20955 0.639053254438
20957 0.64201183432
21048 0.644970414201
21134 0.647928994083
21726 0.650887573964
21978 0.653846153846
21994 0.656804733728
22104 0.659763313609
22144 0.662721893491
22322 0.665680473373
22491 0.668639053254
22546 0.671597633136
22547 0.674556213018
22573 0.677514792899
22809 0.680473372781
22823 0.683431952663
22935 0.686390532544
23126 0.689349112426
23140 0.692307692308
23257 0.695266272189
23411 0.698224852071
23789 0.701183431953
23862 0.704142011834
24033 0.707100591716
24160 0.710059171598
24436 0.713017751479
24945 0.715976331361
24997 0.718934911243
25100 0.721893491124
25105 0.724852071006
25179 0.727810650888
25319 0.730769230769
25364 0.733727810651
25834 0.736686390533
25901 0.739644970414
26161 0.742603550296
26441 0.745562130178
26510 0.748520710059
26520 0.751479289941
26610 0.754437869822
26762 0.757396449704
26769 0.760355029586
26882 0.763313609467
26885 0.766272189349
26893 0.769230769231
27136 0.772189349112
27303 0.775147928994
27448 0.778106508876
27882 0.781065088757
28197 0.784023668639
28464 0.786982248521
28506 0.789940828402
28525 0.792899408284
28635 0.795857988166
28968 0.798816568047
28969 0.801775147929
29227 0.804733727811
29293 0.807692307692
29338 0.810650887574
29475 0.813609467456
29814 0.816568047337
29849 0.819526627219
29887 0.822485207101
30222 0.825443786982
30392 0.828402366864
30414 0.831360946746
30490 0.834319526627
30740 0.837278106509
30741 0.840236686391
30744 0.843195266272
30755 0.846153846154
31103 0.849112426036
31363 0.852071005917
31666 0.855029585799
32639 0.85798816568
33098 0.860946745562
34210 0.863905325444
34436 0.866863905325
35623 0.869822485207
36129 0.872781065089
36208 0.87573964497
36576 0.878698224852
36747 0.881656804734
36885 0.884615384615
37492 0.887573964497
38786 0.890532544379
38856 0.89349112426
39381 0.896449704142
39664 0.899408284024
40830 0.902366863905
41539 0.905325443787
41722 0.908284023669
41835 0.91124260355
41972 0.914201183432
41976 0.917159763314
43456 0.920118343195
43589 0.923076923077
43831 0.926035502959
44539 0.92899408284
46475 0.931952662722
48591 0.934911242604
49018 0.937869822485
50059 0.940828402367
56090 0.943786982249
59056 0.94674556213
59325 0.949704142012
61311 0.952662721893
65994 0.955621301775
66192 0.958579881657
66237 0.961538461538
68501 0.96449704142
68773 0.967455621302
69070 0.970414201183
69904 0.973372781065
74309 0.976331360947
75664 0.979289940828
75731 0.98224852071
97381 0.985207100592
97883 0.988165680473
100810 0.991124260355
100858 0.994082840237
104581 0.997041420118
110113 1.0
