30 0.00423728813559
35 0.00847457627119
1010 0.0127118644068
1337 0.0169491525424
1413 0.021186440678
1657 0.0254237288136
2012 0.0296610169492
2028 0.0338983050847
2245 0.0381355932203
2641 0.0423728813559
2912 0.0466101694915
3062 0.0508474576271
3211 0.0550847457627
3275 0.0593220338983
3303 0.0635593220339
3306 0.0677966101695
3351 0.0720338983051
3459 0.0762711864407
3474 0.0805084745763
3593 0.0847457627119
3654 0.0889830508475
3735 0.0932203389831
4144 0.0974576271186
4215 0.101694915254
4263 0.10593220339
4281 0.110169491525
4410 0.114406779661
4414 0.118644067797
4656 0.122881355932
4788 0.127118644068
4881 0.131355932203
4935 0.135593220339
4963 0.139830508475
5288 0.14406779661
5652 0.148305084746
5659 0.152542372881
5804 0.161016949153
5804 0.161016949153
5935 0.165254237288
6175 0.169491525424
6208 0.173728813559
6212 0.177966101695
6253 0.182203389831
6441 0.186440677966
6446 0.190677966102
6542 0.194915254237
6581 0.199152542373
6667 0.203389830508
6750 0.207627118644
6809 0.21186440678
6840 0.216101694915
6852 0.220338983051
6873 0.224576271186
6949 0.228813559322
6993 0.233050847458
7049 0.237288135593
7086 0.241525423729
7122 0.245762711864
7129 0.25
7173 0.254237288136
7575 0.258474576271
7636 0.262711864407
7672 0.266949152542
7680 0.271186440678
7696 0.275423728814
7774 0.279661016949
7801 0.283898305085
7803 0.28813559322
7951 0.292372881356
8020 0.296610169492
8033 0.300847457627
8050 0.305084745763
8078 0.309322033898
8079 0.313559322034
8113 0.317796610169
8130 0.322033898305
8238 0.326271186441
8271 0.330508474576
8397 0.334745762712
8483 0.338983050847
8581 0.343220338983
8594 0.347457627119
8728 0.351694915254
8757 0.35593220339
8802 0.360169491525
8811 0.364406779661
8860 0.368644067797
8901 0.372881355932
8940 0.377118644068
8954 0.381355932203
9066 0.385593220339
9067 0.389830508475
9151 0.39406779661
9187 0.398305084746
9283 0.402542372881
9287 0.406779661017
9308 0.411016949153
9324 0.415254237288
9332 0.419491525424
9381 0.423728813559
9405 0.427966101695
9455 0.432203389831
9704 0.436440677966
9733 0.440677966102
9750 0.444915254237
9773 0.449152542373
9852 0.453389830508
9955 0.457627118644
10319 0.46186440678
10460 0.466101694915
10467 0.470338983051
10482 0.474576271186
10545 0.478813559322
10559 0.483050847458
10646 0.487288135593
10905 0.491525423729
11029 0.495762711864
11160 0.5
11181 0.504237288136
11204 0.508474576271
11372 0.512711864407
11379 0.516949152542
11465 0.521186440678
11548 0.525423728814
11693 0.529661016949
11710 0.533898305085
12086 0.53813559322
12100 0.542372881356
12115 0.546610169492
12213 0.550847457627
12261 0.555084745763
12277 0.559322033898
12281 0.563559322034
12563 0.567796610169
12572 0.572033898305
12597 0.576271186441
12725 0.580508474576
12742 0.584745762712
12788 0.588983050847
12889 0.593220338983
12908 0.597457627119
12936 0.601694915254
13105 0.60593220339
13119 0.610169491525
13365 0.614406779661
13383 0.618644067797
13671 0.622881355932
13680 0.627118644068
13684 0.631355932203
13775 0.635593220339
13794 0.639830508475
13933 0.64406779661
13970 0.648305084746
14032 0.652542372881
14078 0.656779661017
14141 0.661016949153
14200 0.665254237288
14304 0.669491525424
14364 0.673728813559
14389 0.677966101695
14410 0.682203389831
14464 0.686440677966
14491 0.690677966102
14496 0.694915254237
14548 0.699152542373
14659 0.703389830508
14757 0.707627118644
14847 0.71186440678
15111 0.716101694915
15175 0.720338983051
15263 0.724576271186
15320 0.728813559322
15542 0.733050847458
15756 0.737288135593
15855 0.741525423729
15870 0.745762711864
16106 0.75
16109 0.754237288136
16282 0.758474576271
16981 0.762711864407
17497 0.766949152542
17962 0.771186440678
18012 0.775423728814
18043 0.779661016949
18180 0.783898305085
18443 0.78813559322
18490 0.792372881356
18524 0.796610169492
18677 0.800847457627
18858 0.805084745763
18906 0.809322033898
18966 0.813559322034
19110 0.817796610169
19135 0.822033898305
19196 0.826271186441
19607 0.830508474576
19615 0.834745762712
19629 0.838983050847
21075 0.843220338983
21187 0.847457627119
21252 0.851694915254
21349 0.85593220339
21434 0.860169491525
21491 0.864406779661
21541 0.868644067797
22746 0.872881355932
22824 0.877118644068
23021 0.881355932203
23029 0.885593220339
23279 0.889830508475
23509 0.89406779661
23549 0.898305084746
23828 0.902542372881
24113 0.906779661017
24605 0.911016949153
25931 0.915254237288
26820 0.919491525424
27597 0.923728813559
27723 0.927966101695
27912 0.932203389831
28143 0.936440677966
28888 0.940677966102
30121 0.944915254237
31969 0.949152542373
32046 0.953389830508
32190 0.957627118644
32391 0.96186440678
32633 0.966101694915
33195 0.970338983051
35240 0.974576271186
35707 0.978813559322
41601 0.983050847458
42211 0.987288135593
42726 0.991525423729
43422 0.995762711864
63811 1.0
