720 0.00377358490566
941 0.00754716981132
1015 0.011320754717
1178 0.0150943396226
1405 0.0188679245283
1421 0.022641509434
1586 0.0264150943396
1848 0.0301886792453
1958 0.0339622641509
2058 0.0377358490566
2074 0.0415094339623
2163 0.0452830188679
2304 0.0490566037736
2351 0.0528301886792
2371 0.0566037735849
2372 0.0603773584906
2420 0.0641509433962
2492 0.0679245283019
2564 0.0716981132075
2624 0.0754716981132
2743 0.0792452830189
2795 0.0830188679245
2867 0.0867924528302
2933 0.0905660377358
3044 0.0943396226415
3066 0.0981132075472
3128 0.101886792453
3307 0.105660377358
3343 0.109433962264
3379 0.11320754717
3465 0.116981132075
3528 0.120754716981
3576 0.124528301887
3640 0.128301886792
3655 0.132075471698
3686 0.135849056604
3723 0.139622641509
3824 0.143396226415
3843 0.147169811321
3922 0.150943396226
3961 0.154716981132
3996 0.158490566038
4030 0.162264150943
4036 0.166037735849
4118 0.169811320755
4138 0.17358490566
4161 0.177358490566
4184 0.181132075472
4219 0.184905660377
4241 0.188679245283
4277 0.192452830189
4319 0.196226415094
4321 0.2
4425 0.203773584906
4472 0.207547169811
4504 0.211320754717
4515 0.215094339623
4551 0.218867924528
4654 0.222641509434
4665 0.22641509434
4707 0.230188679245
4717 0.233962264151
4737 0.237735849057
4763 0.241509433962
4793 0.245283018868
4811 0.249056603774
4872 0.252830188679
4903 0.256603773585
4923 0.260377358491
4963 0.264150943396
4967 0.267924528302
4973 0.271698113208
4978 0.275471698113
5011 0.279245283019
5028 0.283018867925
5043 0.28679245283
5116 0.290566037736
5117 0.294339622642
5211 0.298113207547
5231 0.301886792453
5239 0.305660377358
5326 0.309433962264
5327 0.31320754717
5342 0.316981132075
5378 0.320754716981
5379 0.324528301887
5404 0.328301886792
5539 0.332075471698
5552 0.335849056604
5579 0.339622641509
5614 0.343396226415
5633 0.347169811321
5700 0.350943396226
5731 0.354716981132
5733 0.358490566038
5800 0.362264150943
5816 0.366037735849
5861 0.369811320755
5866 0.37358490566
5913 0.377358490566
5960 0.384905660377
5960 0.384905660377
6035 0.388679245283
6048 0.392452830189
6076 0.396226415094
6099 0.4
6107 0.403773584906
6118 0.407547169811
6125 0.411320754717
6128 0.415094339623
6129 0.418867924528
6239 0.422641509434
6291 0.42641509434
6389 0.430188679245
6422 0.433962264151
6456 0.437735849057
6463 0.441509433962
6491 0.445283018868
6500 0.449056603774
6512 0.452830188679
6681 0.456603773585
6775 0.460377358491
6812 0.464150943396
6849 0.467924528302
6873 0.471698113208
6895 0.475471698113
6956 0.479245283019
6990 0.48679245283
6990 0.48679245283
7008 0.490566037736
7042 0.494339622642
7172 0.498113207547
7186 0.501886792453
7221 0.505660377358
7252 0.509433962264
7303 0.51320754717
7316 0.516981132075
7395 0.520754716981
7425 0.524528301887
7435 0.528301886792
7494 0.532075471698
7580 0.535849056604
7590 0.539622641509
7748 0.543396226415
7751 0.547169811321
7955 0.550943396226
8080 0.554716981132
8134 0.558490566038
8220 0.562264150943
8304 0.566037735849
8404 0.569811320755
8444 0.57358490566
8461 0.577358490566
8504 0.581132075472
8529 0.584905660377
8575 0.588679245283
8582 0.592452830189
8593 0.596226415094
8615 0.6
8679 0.603773584906
8695 0.607547169811
8713 0.611320754717
8728 0.615094339623
8798 0.618867924528
8838 0.622641509434
8856 0.62641509434
8982 0.630188679245
8987 0.633962264151
9073 0.637735849057
9159 0.641509433962
9179 0.645283018868
9352 0.649056603774
9357 0.652830188679
9561 0.656603773585
9568 0.660377358491
9645 0.664150943396
9651 0.667924528302
9777 0.671698113208
9803 0.675471698113
9926 0.679245283019
10033 0.683018867925
10118 0.68679245283
10129 0.690566037736
10130 0.694339622642
10293 0.698113207547
10344 0.701886792453
10355 0.705660377358
10454 0.709433962264
10506 0.71320754717
10513 0.716981132075
10551 0.720754716981
10614 0.724528301887
10632 0.728301886792
10687 0.732075471698
10725 0.735849056604
10781 0.739622641509
10805 0.743396226415
10860 0.747169811321
10909 0.750943396226
11072 0.754716981132
11137 0.758490566038
11290 0.762264150943
11367 0.766037735849
11393 0.769811320755
11437 0.77358490566
11489 0.777358490566
11521 0.781132075472
11547 0.784905660377
11585 0.788679245283
11814 0.792452830189
11961 0.796226415094
12023 0.8
12048 0.803773584906
12141 0.807547169811
12247 0.811320754717
12372 0.815094339623
12423 0.818867924528
12517 0.822641509434
12588 0.82641509434
12657 0.830188679245
12745 0.833962264151
12796 0.837735849057
12868 0.845283018868
12868 0.845283018868
12978 0.849056603774
13071 0.852830188679
13112 0.856603773585
13263 0.860377358491
13484 0.864150943396
13629 0.867924528302
13691 0.871698113208
13728 0.875471698113
13811 0.879245283019
13856 0.883018867925
13916 0.88679245283
13942 0.890566037736
14144 0.894339622642
14351 0.898113207547
14453 0.901886792453
14875 0.905660377358
14899 0.909433962264
15554 0.91320754717
16081 0.916981132075
16154 0.920754716981
16228 0.924528301887
16440 0.928301886792
16732 0.932075471698
16755 0.935849056604
16831 0.939622641509
18351 0.943396226415
19706 0.947169811321
20053 0.950943396226
20500 0.954716981132
21394 0.958490566038
22500 0.962264150943
24211 0.966037735849
24520 0.969811320755
25773 0.97358490566
27016 0.977358490566
28651 0.981132075472
29666 0.984905660377
29733 0.988679245283
30168 0.992452830189
33171 0.996226415094
40426 1.0
