33 0.00209205020921
34 0.00418410041841
37 0.00627615062762
655 0.00836820083682
809 0.010460251046
837 0.0125523012552
1013 0.0146443514644
1189 0.0167364016736
1205 0.0188284518828
1351 0.0209205020921
1577 0.0230125523013
1634 0.0251046025105
1766 0.0271966527197
1806 0.0292887029289
1863 0.0313807531381
1876 0.0334728033473
1901 0.0355648535565
1972 0.0397489539749
1972 0.0397489539749
1979 0.0418410041841
1990 0.0439330543933
2007 0.0460251046025
2012 0.0481171548117
2120 0.0502092050209
2133 0.0523012552301
2138 0.0543933054393
2248 0.0564853556485
2295 0.0585774058577
2318 0.0606694560669
2351 0.0627615062762
2367 0.0648535564854
2394 0.0669456066946
2395 0.0690376569038
2439 0.071129707113
2516 0.0732217573222
2585 0.0753138075314
2586 0.0774058577406
2599 0.0794979079498
2602 0.081589958159
2626 0.0836820083682
2628 0.0857740585774
2657 0.0878661087866
2747 0.0899581589958
2781 0.092050209205
2807 0.0941422594142
2812 0.0962343096234
2873 0.0983263598326
2892 0.100418410042
2974 0.102510460251
3036 0.10460251046
3062 0.106694560669
3078 0.108786610879
3085 0.110878661088
3097 0.112970711297
3108 0.115062761506
3114 0.117154811715
3116 0.119246861925
3124 0.121338912134
3130 0.123430962343
3158 0.125523012552
3168 0.127615062762
3193 0.129707112971
3245 0.13179916318
3246 0.133891213389
3253 0.135983263598
3276 0.138075313808
3285 0.140167364017
3289 0.142259414226
3299 0.144351464435
3331 0.146443514644
3341 0.148535564854
3347 0.150627615063
3355 0.152719665272
3361 0.154811715481
3382 0.15690376569
3426 0.1589958159
3439 0.161087866109
3444 0.163179916318
3508 0.165271966527
3509 0.169456066946
3509 0.169456066946
3511 0.171548117155
3517 0.173640167364
3526 0.177824267782
3526 0.177824267782
3527 0.179916317992
3535 0.18410041841
3535 0.18410041841
3544 0.186192468619
3551 0.188284518828
3552 0.190376569038
3583 0.192468619247
3607 0.194560669456
3619 0.198744769874
3619 0.198744769874
3632 0.200836820084
3634 0.202928870293
3635 0.205020920502
3638 0.207112970711
3648 0.209205020921
3653 0.21129707113
3657 0.213389121339
3671 0.215481171548
3672 0.217573221757
3705 0.219665271967
3709 0.221757322176
3716 0.223849372385
3724 0.225941422594
3738 0.228033472803
3764 0.230125523013
3783 0.232217573222
3786 0.234309623431
3843 0.23640167364
3862 0.238493723849
3866 0.240585774059
3879 0.242677824268
3881 0.244769874477
3882 0.246861924686
3895 0.248953974895
3973 0.251046025105
3991 0.253138075314
3993 0.255230125523
3997 0.257322175732
4001 0.259414225941
4010 0.261506276151
4012 0.26359832636
4035 0.265690376569
4036 0.267782426778
4049 0.269874476987
4053 0.271966527197
4059 0.274058577406
4072 0.276150627615
4087 0.278242677824
4089 0.280334728033
4094 0.282426778243
4119 0.284518828452
4141 0.286610878661
4156 0.290794979079
4156 0.290794979079
4194 0.292887029289
4223 0.294979079498
4235 0.297071129707
4237 0.299163179916
4249 0.301255230126
4253 0.303347280335
4298 0.307531380753
4298 0.307531380753
4307 0.309623430962
4311 0.311715481172
4315 0.313807531381
4328 0.31589958159
4344 0.317991631799
4354 0.320083682008
4373 0.322175732218
4375 0.324267782427
4379 0.326359832636
4399 0.328451882845
4400 0.330543933054
4412 0.332635983264
4424 0.334728033473
4436 0.336820083682
4449 0.3410041841
4449 0.3410041841
4453 0.34309623431
4457 0.345188284519
4483 0.347280334728
4488 0.349372384937
4503 0.351464435146
4504 0.353556485356
4530 0.355648535565
4535 0.357740585774
4582 0.359832635983
4587 0.361924686192
4601 0.364016736402
4627 0.366108786611
4634 0.36820083682
4663 0.370292887029
4667 0.372384937238
4671 0.374476987448
4673 0.376569037657
4689 0.378661087866
4699 0.380753138075
4717 0.382845188285
4723 0.384937238494
4726 0.387029288703
4737 0.389121338912
4739 0.391213389121
4740 0.393305439331
4746 0.39539748954
4760 0.397489539749
4777 0.399581589958
4786 0.401673640167
4790 0.403765690377
4814 0.405857740586
4822 0.407949790795
4852 0.410041841004
4856 0.412133891213
4865 0.414225941423
4867 0.416317991632
4883 0.418410041841
4889 0.42050209205
4890 0.422594142259
4896 0.424686192469
4927 0.426778242678
4967 0.428870292887
5008 0.430962343096
5013 0.433054393305
5023 0.435146443515
5024 0.437238493724
5034 0.439330543933
5039 0.441422594142
5050 0.443514644351
5070 0.445606694561
5083 0.44769874477
5099 0.449790794979
5128 0.451882845188
5133 0.453974895397
5161 0.456066945607
5178 0.458158995816
5197 0.460251046025
5203 0.462343096234
5205 0.464435146444
5214 0.466527196653
5236 0.468619246862
5239 0.470711297071
5245 0.47280334728
5250 0.47489539749
5277 0.476987447699
5290 0.479079497908
5324 0.481171548117
5335 0.483263598326
5348 0.485355648536
5386 0.487447698745
5411 0.489539748954
5413 0.491631799163
5437 0.493723849372
5456 0.495815899582
5465 0.497907949791
5490 0.5
5494 0.502092050209
5510 0.504184100418
5533 0.506276150628
5541 0.508368200837
5563 0.510460251046
5565 0.512552301255
5571 0.514644351464
5578 0.516736401674
5579 0.518828451883
5587 0.520920502092
5646 0.523012552301
5657 0.52510460251
5670 0.52719665272
5688 0.529288702929
5695 0.533472803347
5695 0.533472803347
5705 0.537656903766
5705 0.537656903766
5710 0.539748953975
5756 0.541841004184
5771 0.543933054393
5775 0.546025104603
5785 0.548117154812
5788 0.550209205021
5789 0.55230125523
5800 0.554393305439
5803 0.556485355649
5829 0.558577405858
5830 0.560669456067
5832 0.562761506276
5853 0.564853556485
5860 0.569037656904
5860 0.569037656904
5869 0.571129707113
5886 0.573221757322
5918 0.575313807531
5937 0.577405857741
5975 0.57949790795
5991 0.581589958159
5993 0.583682008368
5995 0.585774058577
6010 0.587866108787
6011 0.589958158996
6013 0.592050209205
6014 0.594142259414
6021 0.596234309623
6039 0.598326359833
6046 0.600418410042
6057 0.602510460251
6075 0.60460251046
6077 0.606694560669
6140 0.608786610879
6141 0.610878661088
6175 0.612970711297
6178 0.615062761506
6216 0.617154811715
6218 0.619246861925
6229 0.621338912134
6241 0.623430962343
6261 0.625523012552
6267 0.627615062762
6291 0.629707112971
6307 0.63179916318
6317 0.633891213389
6325 0.635983263598
6365 0.638075313808
6370 0.640167364017
6376 0.644351464435
6376 0.644351464435
6428 0.646443514644
6435 0.648535564854
6478 0.650627615063
6543 0.652719665272
6565 0.654811715481
6567 0.65690376569
6645 0.6589958159
6686 0.661087866109
6728 0.663179916318
6733 0.665271966527
6745 0.667364016736
6756 0.669456066946
6794 0.671548117155
6806 0.673640167364
6809 0.675732217573
6841 0.677824267782
6861 0.679916317992
6874 0.682008368201
6876 0.68410041841
6917 0.686192468619
6918 0.688284518828
6995 0.690376569038
6997 0.692468619247
7061 0.694560669456
7081 0.696652719665
7133 0.698744769874
7152 0.700836820084
7165 0.702928870293
7171 0.705020920502
7177 0.707112970711
7198 0.71129707113
7198 0.71129707113
7202 0.713389121339
7211 0.717573221757
7211 0.717573221757
7219 0.719665271967
7238 0.721757322176
7256 0.723849372385
7260 0.725941422594
7329 0.728033472803
7339 0.730125523013
7356 0.732217573222
7382 0.734309623431
7466 0.73640167364
7494 0.738493723849
7495 0.740585774059
7565 0.742677824268
7572 0.744769874477
7578 0.746861924686
7700 0.748953974895
7721 0.751046025105
7769 0.753138075314
7779 0.755230125523
7804 0.757322175732
7810 0.761506276151
7810 0.761506276151
7823 0.76359832636
7828 0.765690376569
7829 0.767782426778
7849 0.769874476987
7857 0.771966527197
7873 0.774058577406
7954 0.776150627615
7958 0.778242677824
7976 0.780334728033
7986 0.782426778243
7990 0.784518828452
7991 0.786610878661
8030 0.78870292887
8077 0.790794979079
8078 0.792887029289
8080 0.794979079498
8084 0.797071129707
8238 0.799163179916
8239 0.801255230126
8309 0.803347280335
8341 0.805439330544
8347 0.807531380753
8411 0.809623430962
8453 0.811715481172
8496 0.813807531381
8504 0.81589958159
8516 0.817991631799
8534 0.820083682008
8540 0.822175732218
8549 0.824267782427
8612 0.826359832636
8645 0.828451882845
8673 0.830543933054
8705 0.832635983264
8712 0.834728033473
8751 0.836820083682
8896 0.838912133891
8938 0.8410041841
9024 0.84309623431
9027 0.845188284519
9172 0.847280334728
9272 0.849372384937
9315 0.851464435146
9407 0.853556485356
9466 0.855648535565
9469 0.857740585774
9473 0.859832635983
9529 0.861924686192
9582 0.864016736402
9654 0.866108786611
9675 0.86820083682
9695 0.870292887029
9715 0.872384937238
9717 0.874476987448
9724 0.876569037657
9741 0.878661087866
9821 0.880753138075
9853 0.882845188285
9861 0.884937238494
9906 0.887029288703
9928 0.889121338912
9975 0.891213389121
9977 0.893305439331
10015 0.89539748954
10042 0.897489539749
10049 0.899581589958
10063 0.901673640167
10099 0.903765690377
10110 0.905857740586
10205 0.907949790795
10236 0.910041841004
10258 0.912133891213
10417 0.914225941423
10586 0.916317991632
10609 0.918410041841
10675 0.92050209205
10964 0.922594142259
10965 0.924686192469
10993 0.926778242678
11176 0.928870292887
11382 0.930962343096
11502 0.933054393305
11816 0.935146443515
11992 0.937238493724
12077 0.939330543933
12156 0.941422594142
12243 0.943514644351
12300 0.945606694561
12382 0.94769874477
12471 0.949790794979
12483 0.951882845188
12520 0.953974895397
12687 0.956066945607
12761 0.958158995816
13019 0.960251046025
13357 0.962343096234
13384 0.964435146444
13438 0.966527196653
13442 0.968619246862
13464 0.970711297071
14039 0.97280334728
14102 0.97489539749
14129 0.976987447699
14237 0.979079497908
14541 0.981171548117
14689 0.983263598326
14715 0.985355648536
15388 0.987447698745
15421 0.989539748954
15441 0.991631799163
16391 0.993723849372
17508 0.995815899582
21293 0.997907949791
35593 1.0
