29 0.0020202020202
539 0.0040404040404
690 0.00606060606061
709 0.00808080808081
888 0.010101010101
997 0.0121212121212
1014 0.0141414141414
1156 0.0161616161616
1362 0.0181818181818
1464 0.020202020202
1508 0.0222222222222
1517 0.0242424242424
1564 0.0262626262626
1578 0.0282828282828
1602 0.030303030303
1646 0.0323232323232
1657 0.0343434343434
1678 0.0363636363636
1684 0.0383838383838
1691 0.040404040404
1701 0.0424242424242
1794 0.0444444444444
1800 0.0464646464646
1801 0.0484848484848
1804 0.0505050505051
1892 0.0525252525253
1924 0.0545454545455
1978 0.0565656565657
1992 0.0585858585859
2025 0.0606060606061
2030 0.0626262626263
2062 0.0646464646465
2122 0.0666666666667
2160 0.0686868686869
2165 0.0707070707071
2182 0.0727272727273
2185 0.0747474747475
2188 0.0767676767677
2193 0.0787878787879
2224 0.0808080808081
2259 0.0828282828283
2327 0.0848484848485
2409 0.0868686868687
2421 0.0888888888889
2422 0.0909090909091
2426 0.0929292929293
2444 0.0949494949495
2445 0.0969696969697
2551 0.0989898989899
2552 0.10101010101
2557 0.10303030303
2590 0.105050505051
2593 0.107070707071
2603 0.109090909091
2606 0.111111111111
2611 0.113131313131
2648 0.115151515152
2663 0.117171717172
2686 0.119191919192
2689 0.121212121212
2690 0.123232323232
2691 0.125252525253
2701 0.127272727273
2702 0.129292929293
2713 0.131313131313
2715 0.133333333333
2724 0.135353535354
2761 0.137373737374
2768 0.139393939394
2778 0.141414141414
2791 0.143434343434
2805 0.145454545455
2808 0.147474747475
2813 0.151515151515
2813 0.151515151515
2817 0.153535353535
2824 0.155555555556
2831 0.157575757576
2845 0.159595959596
2868 0.161616161616
2882 0.163636363636
2891 0.165656565657
2895 0.167676767677
2904 0.169696969697
2914 0.171717171717
2915 0.173737373737
2928 0.175757575758
2942 0.177777777778
2944 0.179797979798
2946 0.181818181818
2962 0.185858585859
2962 0.185858585859
2983 0.187878787879
2992 0.189898989899
2998 0.191919191919
3005 0.193939393939
3007 0.19595959596
3017 0.19797979798
3036 0.2
3040 0.20202020202
3043 0.206060606061
3043 0.206060606061
3060 0.208080808081
3062 0.210101010101
3066 0.212121212121
3072 0.214141414141
3078 0.216161616162
3083 0.218181818182
3085 0.220202020202
3087 0.222222222222
3095 0.224242424242
3099 0.226262626263
3100 0.228282828283
3118 0.230303030303
3124 0.232323232323
3132 0.234343434343
3153 0.236363636364
3156 0.238383838384
3160 0.240404040404
3161 0.242424242424
3179 0.244444444444
3189 0.246464646465
3193 0.248484848485
3210 0.250505050505
3221 0.252525252525
3256 0.254545454545
3263 0.256565656566
3264 0.258585858586
3267 0.260606060606
3274 0.262626262626
3282 0.264646464646
3313 0.266666666667
3334 0.268686868687
3346 0.270707070707
3350 0.272727272727
3369 0.274747474747
3378 0.276767676768
3382 0.278787878788
3395 0.282828282828
3395 0.282828282828
3396 0.284848484848
3422 0.286868686869
3426 0.288888888889
3451 0.290909090909
3455 0.292929292929
3469 0.294949494949
3480 0.29696969697
3519 0.29898989899
3528 0.30101010101
3544 0.30303030303
3553 0.305050505051
3563 0.307070707071
3583 0.309090909091
3587 0.311111111111
3589 0.313131313131
3597 0.315151515152
3628 0.317171717172
3634 0.319191919192
3637 0.321212121212
3656 0.323232323232
3657 0.325252525253
3666 0.327272727273
3681 0.329292929293
3690 0.331313131313
3699 0.333333333333
3706 0.335353535354
3711 0.337373737374
3741 0.339393939394
3751 0.341414141414
3765 0.343434343434
3773 0.345454545455
3792 0.347474747475
3793 0.351515151515
3793 0.351515151515
3795 0.353535353535
3800 0.355555555556
3814 0.357575757576
3822 0.359595959596
3825 0.361616161616
3834 0.363636363636
3840 0.365656565657
3870 0.367676767677
3894 0.369696969697
3905 0.371717171717
3906 0.373737373737
3935 0.375757575758
3940 0.377777777778
3942 0.379797979798
3946 0.381818181818
3948 0.383838383838
3958 0.385858585859
3978 0.387878787879
3983 0.389898989899
3985 0.391919191919
4007 0.393939393939
4014 0.39595959596
4021 0.39797979798
4026 0.4
4029 0.40202020202
4031 0.40404040404
4041 0.406060606061
4043 0.408080808081
4049 0.410101010101
4062 0.412121212121
4076 0.414141414141
4083 0.416161616162
4088 0.418181818182
4092 0.420202020202
4093 0.422222222222
4098 0.424242424242
4099 0.426262626263
4133 0.428282828283
4154 0.434343434343
4154 0.434343434343
4154 0.434343434343
4168 0.436363636364
4174 0.438383838384
4175 0.440404040404
4183 0.442424242424
4188 0.444444444444
4196 0.446464646465
4225 0.448484848485
4229 0.450505050505
4264 0.452525252525
4290 0.454545454545
4297 0.456565656566
4301 0.458585858586
4317 0.460606060606
4328 0.462626262626
4330 0.464646464646
4337 0.466666666667
4372 0.468686868687
4399 0.470707070707
4412 0.472727272727
4424 0.474747474747
4438 0.476767676768
4457 0.478787878788
4458 0.480808080808
4475 0.482828282828
4497 0.484848484848
4507 0.486868686869
4525 0.488888888889
4535 0.490909090909
4547 0.492929292929
4551 0.494949494949
4557 0.49696969697
4558 0.49898989899
4568 0.50101010101
4589 0.50303030303
4590 0.505050505051
4610 0.509090909091
4610 0.509090909091
4622 0.511111111111
4625 0.513131313131
4639 0.515151515152
4648 0.517171717172
4661 0.519191919192
4672 0.521212121212
4673 0.523232323232
4684 0.527272727273
4684 0.527272727273
4686 0.529292929293
4722 0.531313131313
4745 0.533333333333
4753 0.535353535354
4757 0.537373737374
4758 0.539393939394
4775 0.541414141414
4788 0.543434343434
4800 0.545454545455
4804 0.547474747475
4811 0.549494949495
4814 0.551515151515
4847 0.553535353535
4852 0.555555555556
4858 0.557575757576
4872 0.559595959596
4874 0.561616161616
4881 0.563636363636
4902 0.565656565657
4914 0.567676767677
4925 0.569696969697
4955 0.571717171717
4990 0.573737373737
4991 0.575757575758
4994 0.577777777778
4997 0.579797979798
5000 0.581818181818
5048 0.585858585859
5048 0.585858585859
5066 0.587878787879
5071 0.589898989899
5075 0.591919191919
5078 0.593939393939
5083 0.59595959596
5090 0.59797979798
5092 0.60202020202
5092 0.60202020202
5142 0.60404040404
5146 0.606060606061
5168 0.608080808081
5191 0.610101010101
5200 0.612121212121
5216 0.614141414141
5251 0.616161616162
5260 0.618181818182
5269 0.620202020202
5282 0.622222222222
5289 0.624242424242
5311 0.626262626263
5318 0.628282828283
5353 0.632323232323
5353 0.632323232323
5356 0.634343434343
5375 0.636363636364
5380 0.638383838384
5385 0.640404040404
5403 0.642424242424
5412 0.644444444444
5480 0.646464646465
5520 0.648484848485
5530 0.650505050505
5535 0.654545454545
5535 0.654545454545
5539 0.656565656566
5559 0.658585858586
5576 0.660606060606
5600 0.662626262626
5624 0.664646464646
5651 0.666666666667
5655 0.668686868687
5656 0.670707070707
5675 0.672727272727
5679 0.674747474747
5680 0.676767676768
5690 0.678787878788
5701 0.680808080808
5706 0.682828282828
5725 0.684848484848
5742 0.686868686869
5752 0.688888888889
5779 0.690909090909
5780 0.692929292929
5785 0.69696969697
5785 0.69696969697
5807 0.69898989899
5825 0.70101010101
5833 0.70303030303
5844 0.705050505051
5862 0.707070707071
5914 0.709090909091
5927 0.711111111111
5938 0.713131313131
5945 0.715151515152
5986 0.717171717172
5987 0.719191919192
6003 0.721212121212
6010 0.723232323232
6025 0.725252525253
6030 0.727272727273
6033 0.729292929293
6080 0.731313131313
6084 0.733333333333
6115 0.735353535354
6151 0.737373737374
6156 0.739393939394
6166 0.741414141414
6186 0.743434343434
6191 0.745454545455
6239 0.747474747475
6282 0.749494949495
6292 0.751515151515
6314 0.753535353535
6373 0.755555555556
6389 0.757575757576
6394 0.759595959596
6493 0.761616161616
6531 0.763636363636
6545 0.765656565657
6556 0.767676767677
6564 0.769696969697
6573 0.771717171717
6599 0.773737373737
6602 0.775757575758
6616 0.777777777778
6652 0.779797979798
6660 0.781818181818
6672 0.783838383838
6677 0.785858585859
6692 0.787878787879
6734 0.789898989899
6735 0.791919191919
6771 0.793939393939
6777 0.79595959596
6781 0.79797979798
6811 0.8
6824 0.80202020202
6839 0.80404040404
6847 0.806060606061
6884 0.808080808081
6958 0.810101010101
6959 0.812121212121
6973 0.814141414141
6974 0.816161616162
6998 0.818181818182
7091 0.820202020202
7161 0.822222222222
7168 0.824242424242
7211 0.826262626263
7214 0.828282828283
7228 0.830303030303
7240 0.832323232323
7269 0.834343434343
7320 0.836363636364
7359 0.838383838384
7385 0.840404040404
7397 0.842424242424
7444 0.844444444444
7509 0.846464646465
7513 0.848484848485
7541 0.850505050505
7654 0.852525252525
7729 0.854545454545
7890 0.856565656566
7928 0.858585858586
8002 0.860606060606
8006 0.864646464646
8006 0.864646464646
8023 0.866666666667
8104 0.868686868687
8119 0.870707070707
8126 0.872727272727
8175 0.874747474747
8178 0.876767676768
8216 0.878787878788
8233 0.880808080808
8234 0.882828282828
8238 0.884848484848
8281 0.886868686869
8286 0.888888888889
8287 0.890909090909
8317 0.892929292929
8405 0.894949494949
8419 0.89696969697
8537 0.89898989899
8574 0.90101010101
8592 0.90303030303
8598 0.905050505051
8601 0.907070707071
8627 0.911111111111
8627 0.911111111111
8697 0.913131313131
8710 0.915151515152
8743 0.917171717172
8849 0.919191919192
9078 0.921212121212
9257 0.923232323232
9258 0.925252525253
9347 0.927272727273
9394 0.929292929293
9404 0.931313131313
9407 0.933333333333
9408 0.935353535354
9556 0.937373737374
9727 0.939393939394
9735 0.941414141414
9968 0.943434343434
10013 0.945454545455
10068 0.947474747475
10094 0.949494949495
10118 0.951515151515
10353 0.953535353535
10494 0.955555555556
10669 0.957575757576
10695 0.959595959596
10748 0.961616161616
10800 0.963636363636
10885 0.965656565657
11229 0.967676767677
11332 0.969696969697
11391 0.971717171717
11428 0.973737373737
11483 0.975757575758
11549 0.977777777778
11778 0.979797979798
11834 0.981818181818
11895 0.983838383838
12238 0.985858585859
12337 0.987878787879
12463 0.989898989899
12892 0.991919191919
13272 0.993939393939
13726 0.99595959596
15158 0.99797979798
35705 1.0
