28 0.0020202020202
199 0.0040404040404
205 0.00606060606061
272 0.00808080808081
296 0.010101010101
314 0.0121212121212
319 0.0141414141414
324 0.0161616161616
374 0.0181818181818
436 0.020202020202
450 0.0222222222222
472 0.0242424242424
480 0.0262626262626
488 0.0282828282828
492 0.030303030303
501 0.0323232323232
506 0.0343434343434
507 0.0363636363636
541 0.0383838383838
552 0.040404040404
556 0.0424242424242
570 0.0444444444444
586 0.0464646464646
597 0.0484848484848
620 0.0505050505051
627 0.0525252525253
658 0.0545454545455
672 0.0565656565657
680 0.0585858585859
683 0.0606060606061
698 0.0626262626263
702 0.0646464646465
716 0.0666666666667
717 0.0686868686869
722 0.0707070707071
725 0.0727272727273
729 0.0747474747475
731 0.0767676767677
773 0.0787878787879
778 0.0808080808081
789 0.0828282828283
792 0.0848484848485
813 0.0868686868687
815 0.0888888888889
820 0.0909090909091
848 0.0929292929293
857 0.0949494949495
858 0.0969696969697
872 0.0989898989899
873 0.10101010101
875 0.10303030303
878 0.105050505051
879 0.107070707071
882 0.109090909091
889 0.111111111111
891 0.113131313131
897 0.115151515152
908 0.117171717172
911 0.119191919192
917 0.121212121212
919 0.123232323232
920 0.125252525253
941 0.127272727273
953 0.129292929293
958 0.131313131313
961 0.133333333333
974 0.135353535354
997 0.137373737374
1001 0.139393939394
1002 0.141414141414
1004 0.143434343434
1010 0.145454545455
1018 0.147474747475
1026 0.153535353535
1026 0.153535353535
1026 0.153535353535
1036 0.155555555556
1040 0.157575757576
1045 0.159595959596
1060 0.161616161616
1066 0.163636363636
1068 0.165656565657
1076 0.169696969697
1076 0.169696969697
1079 0.171717171717
1083 0.173737373737
1086 0.175757575758
1088 0.177777777778
1090 0.179797979798
1093 0.181818181818
1119 0.183838383838
1134 0.185858585859
1142 0.187878787879
1154 0.189898989899
1155 0.191919191919
1164 0.193939393939
1167 0.19595959596
1170 0.19797979798
1172 0.2
1175 0.20202020202
1187 0.20404040404
1189 0.206060606061
1190 0.210101010101
1190 0.210101010101
1193 0.212121212121
1202 0.216161616162
1202 0.216161616162
1203 0.218181818182
1204 0.220202020202
1210 0.222222222222
1220 0.224242424242
1227 0.226262626263
1228 0.230303030303
1228 0.230303030303
1232 0.232323232323
1247 0.234343434343
1255 0.236363636364
1267 0.238383838384
1282 0.240404040404
1285 0.242424242424
1287 0.244444444444
1292 0.246464646465
1300 0.248484848485
1305 0.250505050505
1307 0.252525252525
1317 0.254545454545
1318 0.256565656566
1322 0.258585858586
1328 0.262626262626
1328 0.262626262626
1329 0.266666666667
1329 0.266666666667
1334 0.268686868687
1336 0.270707070707
1340 0.272727272727
1341 0.274747474747
1345 0.276767676768
1349 0.278787878788
1351 0.280808080808
1352 0.282828282828
1359 0.284848484848
1360 0.286868686869
1365 0.290909090909
1365 0.290909090909
1369 0.292929292929
1370 0.294949494949
1381 0.29696969697
1385 0.29898989899
1387 0.30101010101
1393 0.30303030303
1403 0.307070707071
1403 0.307070707071
1409 0.311111111111
1409 0.311111111111
1415 0.313131313131
1422 0.315151515152
1423 0.317171717172
1435 0.319191919192
1443 0.321212121212
1450 0.323232323232
1453 0.325252525253
1458 0.327272727273
1460 0.329292929293
1467 0.331313131313
1478 0.333333333333
1488 0.335353535354
1492 0.337373737374
1495 0.339393939394
1500 0.341414141414
1503 0.343434343434
1504 0.345454545455
1519 0.347474747475
1520 0.349494949495
1535 0.351515151515
1548 0.353535353535
1549 0.355555555556
1558 0.357575757576
1560 0.359595959596
1563 0.361616161616
1564 0.363636363636
1569 0.365656565657
1571 0.367676767677
1585 0.371717171717
1585 0.371717171717
1587 0.373737373737
1603 0.375757575758
1607 0.377777777778
1608 0.379797979798
1625 0.381818181818
1635 0.383838383838
1640 0.387878787879
1640 0.387878787879
1645 0.389898989899
1656 0.391919191919
1658 0.393939393939
1659 0.39595959596
1665 0.39797979798
1676 0.40202020202
1676 0.40202020202
1677 0.40404040404
1685 0.408080808081
1685 0.408080808081
1694 0.410101010101
1695 0.412121212121
1699 0.414141414141
1702 0.416161616162
1703 0.418181818182
1706 0.420202020202
1707 0.422222222222
1710 0.424242424242
1711 0.426262626263
1712 0.428282828283
1713 0.430303030303
1716 0.432323232323
1729 0.436363636364
1729 0.436363636364
1733 0.438383838384
1737 0.440404040404
1738 0.442424242424
1739 0.444444444444
1747 0.446464646465
1749 0.448484848485
1764 0.450505050505
1781 0.452525252525
1787 0.454545454545
1801 0.456565656566
1807 0.458585858586
1817 0.462626262626
1817 0.462626262626
1819 0.464646464646
1820 0.466666666667
1824 0.470707070707
1824 0.470707070707
1830 0.472727272727
1837 0.474747474747
1839 0.476767676768
1842 0.478787878788
1846 0.480808080808
1852 0.482828282828
1879 0.484848484848
1899 0.486868686869
1905 0.488888888889
1907 0.490909090909
1910 0.492929292929
1911 0.494949494949
1913 0.49696969697
1922 0.49898989899
1932 0.50101010101
1949 0.505050505051
1949 0.505050505051
1956 0.507070707071
1958 0.509090909091
1961 0.511111111111
1965 0.513131313131
1966 0.515151515152
1987 0.517171717172
1998 0.519191919192
2012 0.521212121212
2022 0.523232323232
2030 0.525252525253
2043 0.527272727273
2044 0.529292929293
2065 0.531313131313
2074 0.533333333333
2075 0.535353535354
2085 0.537373737374
2103 0.539393939394
2106 0.541414141414
2116 0.543434343434
2121 0.545454545455
2125 0.547474747475
2168 0.549494949495
2170 0.551515151515
2176 0.553535353535
2207 0.555555555556
2213 0.557575757576
2216 0.559595959596
2220 0.561616161616
2228 0.563636363636
2241 0.567676767677
2241 0.567676767677
2242 0.569696969697
2258 0.571717171717
2260 0.573737373737
2262 0.575757575758
2264 0.577777777778
2267 0.579797979798
2268 0.581818181818
2271 0.585858585859
2271 0.585858585859
2272 0.587878787879
2274 0.589898989899
2280 0.591919191919
2292 0.593939393939
2293 0.59595959596
2307 0.59797979798
2308 0.6
2321 0.60202020202
2336 0.60404040404
2340 0.606060606061
2344 0.608080808081
2376 0.614141414141
2376 0.614141414141
2376 0.614141414141
2383 0.616161616162
2384 0.618181818182
2385 0.620202020202
2389 0.622222222222
2410 0.624242424242
2428 0.626262626263
2430 0.628282828283
2457 0.630303030303
2462 0.632323232323
2476 0.634343434343
2482 0.636363636364
2483 0.638383838384
2485 0.640404040404
2504 0.642424242424
2513 0.644444444444
2519 0.646464646465
2533 0.648484848485
2545 0.650505050505
2581 0.652525252525
2590 0.656565656566
2590 0.656565656566
2600 0.658585858586
2605 0.660606060606
2609 0.662626262626
2613 0.664646464646
2627 0.666666666667
2633 0.668686868687
2636 0.670707070707
2652 0.672727272727
2653 0.676767676768
2653 0.676767676768
2660 0.678787878788
2665 0.680808080808
2669 0.682828282828
2670 0.684848484848
2673 0.686868686869
2675 0.690909090909
2675 0.690909090909
2690 0.692929292929
2697 0.694949494949
2705 0.69696969697
2711 0.69898989899
2721 0.70101010101
2724 0.70303030303
2726 0.705050505051
2761 0.707070707071
2798 0.709090909091
2807 0.711111111111
2823 0.713131313131
2843 0.715151515152
2862 0.717171717172
2885 0.719191919192
2924 0.721212121212
2927 0.723232323232
2980 0.725252525253
2997 0.727272727273
3001 0.729292929293
3006 0.731313131313
3031 0.733333333333
3033 0.735353535354
3039 0.737373737374
3040 0.739393939394
3074 0.741414141414
3096 0.743434343434
3107 0.745454545455
3109 0.747474747475
3137 0.749494949495
3158 0.753535353535
3158 0.753535353535
3159 0.755555555556
3167 0.757575757576
3173 0.759595959596
3190 0.761616161616
3200 0.763636363636
3202 0.765656565657
3203 0.767676767677
3204 0.769696969697
3207 0.771717171717
3268 0.775757575758
3268 0.775757575758
3294 0.777777777778
3295 0.779797979798
3318 0.781818181818
3328 0.783838383838
3346 0.785858585859
3347 0.787878787879
3352 0.789898989899
3400 0.791919191919
3435 0.793939393939
3491 0.79595959596
3503 0.79797979798
3510 0.8
3511 0.80202020202
3535 0.806060606061
3535 0.806060606061
3537 0.808080808081
3540 0.810101010101
3544 0.812121212121
3561 0.814141414141
3564 0.816161616162
3568 0.818181818182
3575 0.820202020202
3577 0.822222222222
3587 0.824242424242
3589 0.826262626263
3595 0.828282828283
3605 0.830303030303
3608 0.832323232323
3614 0.834343434343
3623 0.836363636364
3637 0.838383838384
3640 0.840404040404
3641 0.842424242424
3682 0.844444444444
3692 0.846464646465
3743 0.848484848485
3781 0.850505050505
3784 0.854545454545
3784 0.854545454545
3790 0.858585858586
3790 0.858585858586
3811 0.860606060606
3823 0.862626262626
3846 0.864646464646
3848 0.866666666667
3887 0.868686868687
3907 0.870707070707
3914 0.872727272727
3936 0.874747474747
4013 0.876767676768
4020 0.878787878788
4039 0.880808080808
4079 0.882828282828
4083 0.884848484848
4140 0.886868686869
4155 0.888888888889
4198 0.890909090909
4291 0.892929292929
4292 0.894949494949
4350 0.89696969697
4369 0.89898989899
4413 0.90101010101
4418 0.90303030303
4424 0.905050505051
4426 0.907070707071
4427 0.909090909091
4438 0.911111111111
4455 0.913131313131
4490 0.915151515152
4508 0.917171717172
4519 0.919191919192
4574 0.921212121212
4585 0.923232323232
4598 0.925252525253
4601 0.927272727273
4617 0.929292929293
4652 0.931313131313
4715 0.933333333333
4807 0.935353535354
4832 0.937373737374
4853 0.939393939394
4886 0.941414141414
4889 0.943434343434
4926 0.945454545455
4984 0.947474747475
5115 0.949494949495
5157 0.951515151515
5186 0.953535353535
5259 0.955555555556
5292 0.957575757576
5298 0.959595959596
5419 0.961616161616
5461 0.963636363636
5635 0.965656565657
5637 0.967676767677
5676 0.969696969697
5697 0.971717171717
5707 0.973737373737
5750 0.975757575758
5752 0.977777777778
6234 0.979797979798
6277 0.981818181818
6911 0.983838383838
7018 0.985858585859
7257 0.987878787879
7824 0.989898989899
8050 0.991919191919
8331 0.993939393939
8804 0.99595959596
9000 0.99797979798
33409 1.0
