34 0.00202429149798
380 0.00404858299595
485 0.00607287449393
827 0.0080971659919
866 0.0101214574899
888 0.0121457489879
952 0.0141700404858
971 0.0161943319838
1300 0.0182186234818
1405 0.0202429149798
1460 0.0222672064777
1513 0.0242914979757
1532 0.0263157894737
1559 0.0283400809717
1632 0.0303643724696
1679 0.0323886639676
1741 0.0344129554656
1761 0.0364372469636
1886 0.0384615384615
1924 0.0404858299595
2049 0.0425101214575
2151 0.0445344129555
2171 0.0465587044534
2235 0.0485829959514
2289 0.0506072874494
2339 0.0526315789474
2443 0.0546558704453
2514 0.0566801619433
2590 0.0587044534413
2802 0.0607287449393
2825 0.0627530364372
2827 0.0647773279352
2845 0.0668016194332
2885 0.0688259109312
3068 0.0708502024291
3147 0.0748987854251
3147 0.0748987854251
3354 0.0769230769231
3432 0.0789473684211
3460 0.080971659919
3507 0.082995951417
3562 0.085020242915
3595 0.087044534413
3614 0.0890688259109
3678 0.0910931174089
3692 0.0931174089069
3704 0.0951417004049
3729 0.0971659919028
3760 0.0991902834008
3808 0.101214574899
3834 0.103238866397
3851 0.105263157895
3880 0.107287449393
3915 0.109311740891
3968 0.111336032389
4082 0.113360323887
4150 0.115384615385
4162 0.117408906883
4194 0.119433198381
4237 0.121457489879
4273 0.123481781377
4288 0.125506072874
4315 0.127530364372
4359 0.12955465587
4372 0.131578947368
4391 0.133603238866
4504 0.135627530364
4537 0.137651821862
4578 0.13967611336
4583 0.141700404858
4608 0.143724696356
4610 0.145748987854
4614 0.147773279352
4659 0.14979757085
4686 0.151821862348
4735 0.153846153846
4741 0.155870445344
4819 0.157894736842
4838 0.15991902834
4893 0.161943319838
4901 0.163967611336
5084 0.165991902834
5100 0.168016194332
5141 0.17004048583
5142 0.172064777328
5152 0.174089068826
5235 0.176113360324
5251 0.178137651822
5295 0.18016194332
5319 0.182186234818
5343 0.184210526316
5359 0.186234817814
5413 0.188259109312
5489 0.19028340081
5514 0.192307692308
5585 0.194331983806
5589 0.196356275304
5598 0.198380566802
5637 0.2004048583
5648 0.202429149798
5663 0.204453441296
5726 0.206477732794
5729 0.210526315789
5729 0.210526315789
5818 0.212550607287
5914 0.214574898785
5915 0.216599190283
5916 0.218623481781
5949 0.220647773279
5974 0.222672064777
6019 0.224696356275
6046 0.226720647773
6097 0.230769230769
6097 0.230769230769
6126 0.232793522267
6136 0.234817813765
6168 0.236842105263
6172 0.238866396761
6184 0.240890688259
6223 0.242914979757
6237 0.244939271255
6242 0.246963562753
6243 0.248987854251
6251 0.253036437247
6251 0.253036437247
6255 0.255060728745
6285 0.257085020243
6355 0.259109311741
6402 0.261133603239
6418 0.263157894737
6452 0.265182186235
6460 0.267206477733
6463 0.269230769231
6642 0.271255060729
6643 0.273279352227
6646 0.275303643725
6717 0.277327935223
6832 0.279352226721
6957 0.281376518219
7019 0.283400809717
7026 0.285425101215
7089 0.287449392713
7092 0.291497975709
7092 0.291497975709
7097 0.293522267206
7219 0.295546558704
7228 0.297570850202
7277 0.2995951417
7331 0.301619433198
7340 0.303643724696
7342 0.305668016194
7404 0.307692307692
7479 0.30971659919
7572 0.311740890688
7602 0.313765182186
7633 0.315789473684
7649 0.317813765182
7655 0.31983805668
7662 0.321862348178
7725 0.323886639676
7771 0.325910931174
7790 0.327935222672
7801 0.32995951417
7803 0.331983805668
7825 0.334008097166
7869 0.336032388664
7870 0.338056680162
7877 0.34008097166
7887 0.342105263158
7901 0.344129554656
7907 0.346153846154
7936 0.348178137652
7947 0.35020242915
7977 0.352226720648
8047 0.354251012146
8060 0.356275303644
8191 0.358299595142
8243 0.36032388664
8287 0.362348178138
8309 0.364372469636
8381 0.366396761134
8382 0.368421052632
8446 0.37044534413
8549 0.372469635628
8579 0.374493927126
8701 0.376518218623
8714 0.378542510121
8721 0.380566801619
8765 0.382591093117
8774 0.384615384615
8844 0.386639676113
8883 0.388663967611
8908 0.390688259109
8949 0.392712550607
8985 0.394736842105
9014 0.396761133603
9020 0.398785425101
9032 0.400809716599
9033 0.402834008097
9051 0.404858299595
9056 0.406882591093
9087 0.408906882591
9097 0.410931174089
9107 0.412955465587
9206 0.414979757085
9243 0.417004048583
9269 0.419028340081
9360 0.421052631579
9373 0.423076923077
9380 0.425101214575
9479 0.427125506073
9489 0.429149797571
9573 0.431174089069
9616 0.433198380567
9648 0.435222672065
9689 0.437246963563
9830 0.439271255061
9864 0.441295546559
9931 0.443319838057
9952 0.445344129555
9954 0.447368421053
9989 0.449392712551
10018 0.451417004049
10100 0.453441295547
10113 0.455465587045
10166 0.457489878543
10192 0.45951417004
10204 0.461538461538
10300 0.463562753036
10362 0.465587044534
10374 0.467611336032
10418 0.46963562753
10434 0.471659919028
10535 0.473684210526
10556 0.475708502024
10604 0.477732793522
10642 0.47975708502
10659 0.481781376518
10774 0.483805668016
10879 0.485829959514
10953 0.487854251012
11038 0.48987854251
11041 0.491902834008
11074 0.493927125506
11116 0.495951417004
11207 0.497975708502
11225 0.5
11455 0.502024291498
11464 0.504048582996
11529 0.506072874494
11565 0.508097165992
11575 0.51012145749
11584 0.512145748988
11614 0.514170040486
11677 0.516194331984
11706 0.518218623482
11803 0.52024291498
11851 0.522267206478
11892 0.524291497976
11948 0.526315789474
11976 0.528340080972
11984 0.53036437247
12033 0.532388663968
12038 0.534412955466
12064 0.536437246964
12076 0.538461538462
12140 0.54048582996
12150 0.542510121457
12229 0.544534412955
12261 0.546558704453
12303 0.548582995951
12313 0.550607287449
12341 0.552631578947
12384 0.554655870445
12398 0.556680161943
12410 0.558704453441
12486 0.562753036437
12486 0.562753036437
12570 0.564777327935
12686 0.566801619433
12775 0.568825910931
12804 0.570850202429
12816 0.572874493927
12860 0.574898785425
12955 0.576923076923
13043 0.578947368421
13057 0.580971659919
13092 0.582995951417
13106 0.585020242915
13128 0.587044534413
13137 0.589068825911
13231 0.591093117409
13237 0.593117408907
13238 0.595141700405
13294 0.597165991903
13317 0.599190283401
13335 0.601214574899
13343 0.603238866397
13422 0.607287449393
13422 0.607287449393
13494 0.609311740891
13495 0.611336032389
13513 0.613360323887
13550 0.615384615385
13567 0.617408906883
13597 0.619433198381
13605 0.621457489879
13617 0.623481781377
13639 0.625506072874
13703 0.627530364372
13732 0.62955465587
13755 0.631578947368
13820 0.633603238866
13886 0.637651821862
13886 0.637651821862
13955 0.63967611336
14152 0.641700404858
14165 0.643724696356
14193 0.645748987854
14212 0.647773279352
14270 0.64979757085
14323 0.653846153846
14323 0.653846153846
14329 0.655870445344
14341 0.657894736842
14435 0.65991902834
14464 0.661943319838
14552 0.663967611336
14626 0.665991902834
14740 0.668016194332
14748 0.67004048583
14871 0.672064777328
14920 0.674089068826
14929 0.676113360324
14947 0.678137651822
15086 0.68016194332
15133 0.682186234818
15245 0.684210526316
15253 0.686234817814
15504 0.688259109312
15574 0.69028340081
15636 0.692307692308
15637 0.694331983806
15660 0.696356275304
15664 0.698380566802
15786 0.7004048583
15921 0.702429149798
15951 0.704453441296
16032 0.706477732794
16035 0.708502024291
16116 0.710526315789
16234 0.712550607287
16297 0.714574898785
16300 0.716599190283
16435 0.718623481781
16520 0.720647773279
16521 0.722672064777
16587 0.724696356275
16654 0.726720647773
16676 0.728744939271
16756 0.730769230769
16931 0.732793522267
17013 0.734817813765
17019 0.736842105263
17109 0.738866396761
17250 0.740890688259
17416 0.742914979757
17686 0.744939271255
17829 0.746963562753
17921 0.748987854251
17936 0.751012145749
17958 0.753036437247
18151 0.755060728745
18182 0.757085020243
18262 0.759109311741
18351 0.761133603239
18368 0.763157894737
18437 0.765182186235
18562 0.767206477733
18684 0.769230769231
18902 0.771255060729
18934 0.773279352227
18968 0.775303643725
19212 0.777327935223
19231 0.779352226721
19299 0.781376518219
19690 0.783400809717
19831 0.785425101215
19865 0.787449392713
19950 0.789473684211
20020 0.791497975709
20067 0.793522267206
20121 0.795546558704
20230 0.797570850202
20244 0.7995951417
20443 0.801619433198
20669 0.803643724696
20724 0.805668016194
20884 0.807692307692
20905 0.80971659919
20925 0.811740890688
20935 0.813765182186
20939 0.815789473684
21065 0.817813765182
21070 0.81983805668
21355 0.821862348178
21357 0.823886639676
21384 0.825910931174
21401 0.827935222672
21497 0.82995951417
21807 0.831983805668
21831 0.834008097166
22024 0.836032388664
22211 0.838056680162
22333 0.84008097166
22554 0.842105263158
22675 0.844129554656
22810 0.846153846154
23009 0.848178137652
23253 0.85020242915
23301 0.852226720648
23470 0.854251012146
23720 0.856275303644
23741 0.858299595142
23809 0.86032388664
24035 0.862348178138
24206 0.864372469636
24457 0.866396761134
24758 0.868421052632
25204 0.87044534413
25349 0.872469635628
25357 0.874493927126
25424 0.876518218623
25715 0.878542510121
25969 0.880566801619
26382 0.882591093117
26636 0.884615384615
26715 0.886639676113
26762 0.888663967611
26819 0.890688259109
26857 0.892712550607
27095 0.894736842105
27267 0.896761133603
27784 0.898785425101
28057 0.900809716599
28114 0.902834008097
28687 0.904858299595
29151 0.906882591093
29157 0.908906882591
29534 0.910931174089
29762 0.912955465587
30111 0.914979757085
31061 0.917004048583
31280 0.919028340081
31632 0.921052631579
31767 0.923076923077
32545 0.925101214575
33457 0.927125506073
34037 0.929149797571
35215 0.931174089069
35425 0.933198380567
37022 0.935222672065
38749 0.937246963563
39166 0.939271255061
39366 0.941295546559
39414 0.943319838057
39873 0.945344129555
39900 0.947368421053
40080 0.949392712551
41386 0.951417004049
42742 0.953441295547
43887 0.955465587045
43995 0.957489878543
44600 0.95951417004
45209 0.961538461538
47807 0.963562753036
49305 0.965587044534
50323 0.967611336032
50986 0.96963562753
52499 0.971659919028
53195 0.973684210526
56662 0.975708502024
58812 0.977732793522
59131 0.97975708502
59488 0.981781376518
61114 0.983805668016
62084 0.985829959514
62593 0.987854251012
64933 0.98987854251
64943 0.991902834008
83977 0.993927125506
103700 0.995951417004
103975 0.997975708502
132080 1.0
