746 0.00235294117647
1042 0.00470588235294
1391 0.00705882352941
1427 0.00941176470588
1667 0.0117647058824
1672 0.0141176470588
2193 0.0164705882353
2247 0.0188235294118
2668 0.0211764705882
2938 0.0235294117647
3025 0.0258823529412
3144 0.0282352941176
3211 0.0305882352941
3516 0.0329411764706
3518 0.0352941176471
3646 0.0376470588235
3663 0.04
3686 0.0423529411765
3722 0.0447058823529
3820 0.0470588235294
3988 0.0494117647059
4132 0.0517647058824
4178 0.0541176470588
4668 0.0564705882353
4982 0.0588235294118
5055 0.0611764705882
5201 0.0635294117647
5259 0.0658823529412
5373 0.0682352941176
5387 0.0705882352941
5564 0.0729411764706
5648 0.0752941176471
5671 0.0776470588235
5787 0.08
6107 0.0823529411765
6138 0.0847058823529
6176 0.0870588235294
6288 0.0894117647059
6485 0.0917647058824
6964 0.0941176470588
7227 0.0964705882353
7328 0.0988235294118
7706 0.101176470588
7726 0.103529411765
8029 0.105882352941
8056 0.108235294118
8128 0.110588235294
8164 0.112941176471
8239 0.115294117647
8250 0.117647058824
8255 0.12
8316 0.122352941176
8337 0.124705882353
8357 0.127058823529
8402 0.129411764706
8718 0.131764705882
8737 0.134117647059
8830 0.136470588235
8836 0.138823529412
8990 0.141176470588
9073 0.143529411765
9135 0.145882352941
9380 0.148235294118
9393 0.150588235294
9509 0.152941176471
9611 0.155294117647
9628 0.157647058824
9723 0.16
9776 0.162352941176
9963 0.164705882353
10237 0.167058823529
10509 0.169411764706
10513 0.171764705882
10705 0.174117647059
10792 0.176470588235
10836 0.178823529412
10916 0.181176470588
11039 0.183529411765
11082 0.185882352941
11337 0.188235294118
11366 0.190588235294
11464 0.192941176471
11526 0.195294117647
11530 0.197647058824
11555 0.2
11599 0.202352941176
11658 0.204705882353
11797 0.207058823529
11890 0.209411764706
11901 0.211764705882
11931 0.214117647059
11932 0.216470588235
12238 0.218823529412
12327 0.221176470588
12357 0.223529411765
12453 0.225882352941
12469 0.228235294118
12473 0.230588235294
12595 0.232941176471
12691 0.235294117647
12707 0.237647058824
12779 0.24
12782 0.242352941176
12902 0.244705882353
12945 0.247058823529
13031 0.249411764706
13221 0.251764705882
13244 0.254117647059
13336 0.256470588235
13343 0.258823529412
13360 0.261176470588
13496 0.263529411765
13582 0.265882352941
13741 0.268235294118
13829 0.270588235294
13837 0.272941176471
13874 0.275294117647
13897 0.277647058824
13953 0.28
14040 0.282352941176
14069 0.284705882353
14228 0.287058823529
14263 0.289411764706
14373 0.291764705882
14483 0.294117647059
14608 0.296470588235
14870 0.298823529412
14882 0.301176470588
14956 0.303529411765
14988 0.305882352941
15491 0.308235294118
15522 0.310588235294
15558 0.312941176471
15576 0.315294117647
15657 0.317647058824
15770 0.32
15791 0.322352941176
15848 0.324705882353
15856 0.327058823529
16005 0.329411764706
16093 0.331764705882
16150 0.334117647059
16174 0.336470588235
16538 0.338823529412
16644 0.341176470588
16698 0.343529411765
16766 0.345882352941
16807 0.348235294118
16847 0.350588235294
16861 0.352941176471
17284 0.355294117647
17553 0.357647058824
17859 0.36
17982 0.362352941176
17991 0.364705882353
17997 0.367058823529
18046 0.369411764706
18047 0.371764705882
18295 0.374117647059
18353 0.376470588235
18445 0.381176470588
18445 0.381176470588
18626 0.383529411765
18697 0.385882352941
18846 0.388235294118
19060 0.390588235294
19073 0.392941176471
19238 0.395294117647
19240 0.397647058824
19451 0.4
19489 0.402352941176
19510 0.404705882353
19574 0.407058823529
19609 0.409411764706
19669 0.411764705882
19828 0.414117647059
19833 0.416470588235
19856 0.418823529412
19983 0.421176470588
20008 0.423529411765
20037 0.425882352941
20179 0.428235294118
20200 0.430588235294
20522 0.432941176471
20537 0.435294117647
20661 0.437647058824
20727 0.44
20746 0.442352941176
20793 0.444705882353
21055 0.447058823529
21089 0.449411764706
21209 0.451764705882
21333 0.454117647059
21346 0.456470588235
21623 0.458823529412
21707 0.461176470588
21734 0.463529411765
21953 0.465882352941
22026 0.468235294118
22183 0.470588235294
22382 0.472941176471
22417 0.475294117647
22425 0.477647058824
22508 0.48
22606 0.482352941176
22788 0.484705882353
22912 0.487058823529
23015 0.489411764706
23035 0.491764705882
23330 0.494117647059
23388 0.496470588235
23418 0.498823529412
23501 0.501176470588
23791 0.503529411765
23935 0.505882352941
24002 0.508235294118
24225 0.510588235294
24276 0.512941176471
24310 0.515294117647
24340 0.517647058824
24469 0.52
24760 0.522352941176
24800 0.524705882353
24884 0.527058823529
24931 0.529411764706
25379 0.531764705882
25807 0.534117647059
25814 0.536470588235
26021 0.538823529412
26056 0.541176470588
26267 0.543529411765
26290 0.545882352941
26293 0.548235294118
26504 0.550588235294
26515 0.552941176471
27041 0.555294117647
27069 0.557647058824
27422 0.56
27569 0.562352941176
27595 0.564705882353
27889 0.567058823529
27932 0.569411764706
27949 0.571764705882
27990 0.574117647059
28185 0.576470588235
28207 0.578823529412
28362 0.581176470588
28432 0.583529411765
28523 0.585882352941
28547 0.588235294118
28572 0.590588235294
28812 0.592941176471
28828 0.595294117647
28892 0.597647058824
28928 0.6
28986 0.602352941176
29087 0.604705882353
29471 0.607058823529
29538 0.609411764706
29540 0.611764705882
29603 0.614117647059
29707 0.616470588235
29714 0.618823529412
29736 0.621176470588
29972 0.623529411765
29985 0.625882352941
30177 0.628235294118
30625 0.630588235294
30736 0.632941176471
30773 0.635294117647
31051 0.637647058824
31429 0.64
31439 0.642352941176
31467 0.644705882353
31683 0.647058823529
31777 0.649411764706
31815 0.651764705882
31915 0.654117647059
31958 0.656470588235
32167 0.658823529412
32401 0.661176470588
32870 0.663529411765
32898 0.665882352941
32976 0.668235294118
33410 0.670588235294
33634 0.672941176471
33722 0.675294117647
33776 0.677647058824
33954 0.68
34076 0.682352941176
34108 0.684705882353
34109 0.687058823529
34189 0.689411764706
34199 0.691764705882
34495 0.694117647059
34520 0.696470588235
34586 0.698823529412
34845 0.701176470588
34946 0.703529411765
35218 0.705882352941
35290 0.708235294118
35300 0.710588235294
35413 0.712941176471
35605 0.715294117647
35751 0.717647058824
35927 0.72
36221 0.722352941176
36284 0.724705882353
36410 0.727058823529
36540 0.729411764706
36730 0.731764705882
36980 0.734117647059
37084 0.736470588235
37234 0.738823529412
37320 0.741176470588
37351 0.743529411765
37386 0.745882352941
37570 0.748235294118
37933 0.750588235294
37941 0.752941176471
38144 0.755294117647
38187 0.757647058824
38336 0.76
38460 0.762352941176
38716 0.764705882353
39062 0.767058823529
39242 0.769411764706
39351 0.771764705882
39392 0.774117647059
39401 0.776470588235
39582 0.778823529412
39619 0.781176470588
39858 0.783529411765
40018 0.785882352941
40348 0.788235294118
40459 0.790588235294
40645 0.792941176471
41440 0.795294117647
41539 0.797647058824
41592 0.8
41595 0.802352941176
41632 0.804705882353
42138 0.807058823529
42338 0.809411764706
42494 0.811764705882
42526 0.814117647059
42678 0.816470588235
43473 0.818823529412
43770 0.821176470588
43786 0.823529411765
44001 0.825882352941
44315 0.828235294118
44457 0.830588235294
44495 0.832941176471
44735 0.835294117647
44818 0.837647058824
45008 0.84
45442 0.842352941176
45465 0.844705882353
45585 0.847058823529
45828 0.849411764706
46896 0.851764705882
47670 0.854117647059
48442 0.856470588235
48929 0.858823529412
49009 0.861176470588
49756 0.863529411765
51856 0.865882352941
52082 0.868235294118
52301 0.870588235294
52446 0.872941176471
52796 0.875294117647
52905 0.877647058824
52986 0.88
53280 0.882352941176
53890 0.884705882353
55493 0.887058823529
56658 0.889411764706
56876 0.891764705882
56996 0.894117647059
57141 0.896470588235
57703 0.898823529412
60087 0.901176470588
60992 0.903529411765
61215 0.905882352941
61598 0.908235294118
62574 0.910588235294
62590 0.912941176471
62717 0.915294117647
63309 0.917647058824
67577 0.92
67751 0.922352941176
69054 0.924705882353
70884 0.927058823529
74437 0.929411764706
76839 0.931764705882
76999 0.934117647059
77299 0.936470588235
80756 0.938823529412
84226 0.941176470588
84657 0.943529411765
89133 0.945882352941
93219 0.948235294118
94656 0.950588235294
96439 0.952941176471
98057 0.955294117647
98417 0.957647058824
103409 0.96
105134 0.962352941176
105752 0.964705882353
106810 0.967058823529
107186 0.969411764706
109388 0.971764705882
110949 0.974117647059
112851 0.976470588235
113989 0.978823529412
120515 0.981176470588
123040 0.983529411765
148234 0.985882352941
151396 0.988235294118
152210 0.990588235294
152906 0.992941176471
163915 0.995294117647
171886 0.997647058824
333509 1.0
