28 0.00223214285714
36 0.00446428571429
37 0.00669642857143
625 0.00892857142857
817 0.0111607142857
897 0.0133928571429
1018 0.015625
1231 0.0178571428571
1237 0.0200892857143
1394 0.0223214285714
1633 0.0245535714286
1910 0.0267857142857
2055 0.0290178571429
2118 0.03125
2141 0.0334821428571
2160 0.0357142857143
2198 0.0379464285714
2199 0.0401785714286
2265 0.0424107142857
2339 0.0446428571429
2350 0.046875
2399 0.0491071428571
2401 0.0513392857143
2405 0.0535714285714
2735 0.0558035714286
2819 0.0580357142857
2931 0.0602678571429
2978 0.0625
3096 0.0647321428571
3131 0.0669642857143
3229 0.0691964285714
3235 0.0714285714286
3287 0.0736607142857
3313 0.0758928571429
3319 0.078125
3402 0.0803571428571
3472 0.0825892857143
3482 0.0848214285714
3507 0.0870535714286
3599 0.0892857142857
3649 0.0915178571429
3667 0.09375
3677 0.0959821428571
3779 0.0982142857143
3843 0.100446428571
3871 0.102678571429
3883 0.104910714286
3884 0.107142857143
3907 0.109375
3935 0.111607142857
3962 0.113839285714
4108 0.116071428571
4118 0.118303571429
4151 0.120535714286
4190 0.122767857143
4199 0.125
4210 0.127232142857
4282 0.129464285714
4285 0.131696428571
4301 0.133928571429
4304 0.136160714286
4311 0.138392857143
4387 0.140625
4416 0.142857142857
4465 0.145089285714
4482 0.147321428571
4545 0.149553571429
4560 0.151785714286
4594 0.154017857143
4626 0.15625
4640 0.158482142857
4650 0.160714285714
4734 0.162946428571
4766 0.165178571429
4798 0.167410714286
4801 0.169642857143
4813 0.171875
4827 0.174107142857
4852 0.176339285714
4861 0.178571428571
4866 0.180803571429
4890 0.183035714286
4893 0.185267857143
4913 0.1875
4924 0.189732142857
4934 0.191964285714
4971 0.194196428571
5019 0.196428571429
5068 0.198660714286
5097 0.200892857143
5109 0.203125
5113 0.205357142857
5132 0.207589285714
5185 0.209821428571
5187 0.212053571429
5190 0.214285714286
5212 0.216517857143
5273 0.21875
5285 0.220982142857
5299 0.223214285714
5377 0.225446428571
5386 0.227678571429
5403 0.229910714286
5417 0.232142857143
5433 0.234375
5494 0.236607142857
5502 0.238839285714
5585 0.241071428571
5596 0.243303571429
5607 0.245535714286
5624 0.247767857143
5680 0.25
5700 0.252232142857
5712 0.254464285714
5719 0.256696428571
5727 0.258928571429
5744 0.261160714286
5782 0.263392857143
5789 0.265625
5795 0.267857142857
5811 0.270089285714
5828 0.272321428571
5876 0.274553571429
5900 0.276785714286
5910 0.279017857143
5930 0.28125
5949 0.283482142857
6047 0.285714285714
6076 0.287946428571
6086 0.290178571429
6100 0.292410714286
6118 0.294642857143
6135 0.296875
6175 0.299107142857
6186 0.301339285714
6202 0.303571428571
6252 0.305803571429
6298 0.308035714286
6311 0.310267857143
6375 0.3125
6379 0.314732142857
6424 0.319196428571
6424 0.319196428571
6480 0.321428571429
6500 0.323660714286
6536 0.325892857143
6594 0.328125
6630 0.330357142857
6648 0.332589285714
6667 0.334821428571
6674 0.337053571429
6694 0.339285714286
6724 0.341517857143
6741 0.34375
6778 0.345982142857
6799 0.348214285714
6807 0.350446428571
6881 0.352678571429
6887 0.354910714286
6932 0.357142857143
6936 0.359375
6943 0.361607142857
7044 0.363839285714
7067 0.366071428571
7084 0.368303571429
7128 0.370535714286
7346 0.375
7346 0.375
7347 0.377232142857
7365 0.379464285714
7371 0.381696428571
7378 0.383928571429
7397 0.386160714286
7444 0.388392857143
7490 0.390625
7506 0.392857142857
7536 0.395089285714
7540 0.397321428571
7594 0.399553571429
7615 0.401785714286
7652 0.404017857143
7659 0.40625
7684 0.408482142857
7694 0.410714285714
7709 0.412946428571
7759 0.415178571429
7762 0.419642857143
7762 0.419642857143
7798 0.421875
8000 0.424107142857
8057 0.426339285714
8100 0.428571428571
8131 0.430803571429
8164 0.435267857143
8164 0.435267857143
8229 0.439732142857
8229 0.439732142857
8240 0.441964285714
8242 0.444196428571
8275 0.448660714286
8275 0.448660714286
8318 0.450892857143
8331 0.453125
8341 0.455357142857
8344 0.457589285714
8372 0.459821428571
8374 0.462053571429
8390 0.464285714286
8400 0.466517857143
8479 0.46875
8494 0.470982142857
8507 0.473214285714
8531 0.475446428571
8573 0.477678571429
8576 0.479910714286
8592 0.482142857143
8601 0.484375
8605 0.486607142857
8634 0.488839285714
8635 0.491071428571
8648 0.493303571429
8649 0.495535714286
8696 0.497767857143
8721 0.5
8758 0.502232142857
8759 0.504464285714
8765 0.506696428571
8774 0.508928571429
8776 0.511160714286
8796 0.513392857143
8820 0.515625
8861 0.517857142857
8881 0.520089285714
8953 0.522321428571
8971 0.524553571429
8979 0.526785714286
9005 0.529017857143
9078 0.53125
9079 0.533482142857
9080 0.535714285714
9106 0.537946428571
9130 0.540178571429
9151 0.542410714286
9156 0.544642857143
9213 0.546875
9276 0.549107142857
9284 0.551339285714
9292 0.553571428571
9361 0.555803571429
9396 0.558035714286
9450 0.560267857143
9508 0.5625
9587 0.564732142857
9718 0.566964285714
9730 0.569196428571
9733 0.571428571429
9753 0.573660714286
9843 0.575892857143
9929 0.578125
9931 0.580357142857
9938 0.582589285714
10032 0.584821428571
10068 0.587053571429
10078 0.589285714286
10111 0.591517857143
10163 0.59375
10177 0.595982142857
10291 0.598214285714
10418 0.600446428571
10546 0.602678571429
10583 0.604910714286
10591 0.607142857143
10629 0.609375
10647 0.611607142857
10724 0.613839285714
10775 0.616071428571
10782 0.618303571429
10799 0.620535714286
10839 0.622767857143
10853 0.625
10895 0.627232142857
10912 0.629464285714
11075 0.631696428571
11097 0.633928571429
11119 0.636160714286
11127 0.638392857143
11155 0.640625
11177 0.642857142857
11186 0.645089285714
11234 0.647321428571
11242 0.649553571429
11257 0.651785714286
11325 0.654017857143
11329 0.65625
11363 0.658482142857
11407 0.660714285714
11440 0.662946428571
11468 0.665178571429
11472 0.667410714286
11478 0.669642857143
11493 0.671875
11580 0.674107142857
11670 0.676339285714
11678 0.678571428571
11688 0.680803571429
11729 0.683035714286
11731 0.685267857143
11734 0.6875
11762 0.689732142857
11767 0.691964285714
11777 0.694196428571
11802 0.696428571429
11914 0.698660714286
12021 0.700892857143
12037 0.703125
12070 0.705357142857
12127 0.707589285714
12277 0.712053571429
12277 0.712053571429
12314 0.714285714286
12367 0.716517857143
12394 0.71875
12412 0.720982142857
12419 0.723214285714
12488 0.725446428571
12517 0.727678571429
12536 0.729910714286
12538 0.732142857143
12540 0.734375
12547 0.736607142857
12660 0.738839285714
12666 0.741071428571
12679 0.743303571429
12687 0.745535714286
12759 0.747767857143
12913 0.75
12943 0.752232142857
12971 0.754464285714
13168 0.756696428571
13264 0.758928571429
13305 0.761160714286
13318 0.763392857143
13391 0.765625
13449 0.767857142857
13476 0.770089285714
13487 0.772321428571
13490 0.774553571429
13598 0.776785714286
13633 0.779017857143
13675 0.78125
13687 0.783482142857
13701 0.785714285714
13704 0.787946428571
13786 0.790178571429
13816 0.792410714286
13834 0.796875
13834 0.796875
13993 0.799107142857
14114 0.801339285714
14160 0.803571428571
14229 0.805803571429
14287 0.808035714286
14339 0.810267857143
14360 0.8125
14685 0.814732142857
14719 0.816964285714
14766 0.819196428571
14819 0.821428571429
14857 0.823660714286
14934 0.825892857143
15170 0.828125
15204 0.830357142857
15304 0.832589285714
15429 0.834821428571
15439 0.837053571429
15472 0.839285714286
15498 0.841517857143
15540 0.84375
15546 0.845982142857
15712 0.848214285714
15843 0.850446428571
15908 0.852678571429
15924 0.854910714286
15928 0.857142857143
15949 0.859375
15964 0.861607142857
16046 0.863839285714
16059 0.866071428571
16089 0.868303571429
16147 0.870535714286
16227 0.872767857143
16235 0.875
16470 0.877232142857
16653 0.879464285714
17275 0.881696428571
17424 0.883928571429
17476 0.886160714286
17480 0.888392857143
17571 0.890625
17661 0.892857142857
17953 0.895089285714
18460 0.897321428571
18649 0.899553571429
18670 0.901785714286
18826 0.904017857143
19102 0.90625
19111 0.908482142857
19224 0.910714285714
19290 0.912946428571
19532 0.915178571429
19836 0.917410714286
20042 0.919642857143
20264 0.921875
21330 0.924107142857
21470 0.926339285714
21943 0.928571428571
22367 0.930803571429
23458 0.933035714286
23942 0.935267857143
24146 0.9375
24198 0.939732142857
24673 0.941964285714
24845 0.944196428571
25390 0.946428571429
25437 0.948660714286
25544 0.950892857143
25565 0.953125
25904 0.955357142857
26491 0.957589285714
26861 0.959821428571
26975 0.962053571429
27494 0.964285714286
27506 0.966517857143
28123 0.96875
28460 0.970982142857
28569 0.973214285714
29680 0.975446428571
29913 0.977678571429
30156 0.979910714286
33389 0.982142857143
34434 0.984375
37035 0.986607142857
37039 0.988839285714
38065 0.991071428571
38913 0.993303571429
39629 0.995535714286
50288 0.997767857143
52862 1.0
