33 0.00202429149798
323 0.00404858299595
370 0.00607287449393
480 0.0080971659919
521 0.0101214574899
535 0.0121457489879
565 0.0141700404858
576 0.0161943319838
671 0.0182186234818
752 0.0202429149798
789 0.0222672064777
825 0.0242914979757
842 0.0263157894737
860 0.0283400809717
867 0.0303643724696
893 0.0323886639676
914 0.0344129554656
929 0.0364372469636
935 0.0384615384615
948 0.0404858299595
960 0.0425101214575
964 0.0445344129555
989 0.0465587044534
991 0.0485829959514
1014 0.0506072874494
1138 0.0526315789474
1161 0.0566801619433
1161 0.0566801619433
1192 0.0607287449393
1192 0.0607287449393
1196 0.0627530364372
1209 0.0647773279352
1238 0.0668016194332
1256 0.0688259109312
1275 0.0708502024291
1292 0.0728744939271
1345 0.0748987854251
1346 0.0769230769231
1350 0.0789473684211
1357 0.080971659919
1361 0.082995951417
1367 0.085020242915
1403 0.087044534413
1416 0.0890688259109
1449 0.0910931174089
1450 0.0931174089069
1458 0.0951417004049
1471 0.0971659919028
1486 0.0991902834008
1497 0.101214574899
1501 0.103238866397
1544 0.105263157895
1569 0.107287449393
1610 0.109311740891
1611 0.111336032389
1616 0.113360323887
1617 0.115384615385
1619 0.117408906883
1628 0.121457489879
1628 0.121457489879
1638 0.123481781377
1643 0.125506072874
1668 0.127530364372
1675 0.12955465587
1686 0.131578947368
1693 0.133603238866
1722 0.135627530364
1729 0.137651821862
1736 0.13967611336
1745 0.141700404858
1748 0.145748987854
1748 0.145748987854
1761 0.147773279352
1772 0.14979757085
1791 0.151821862348
1792 0.153846153846
1793 0.155870445344
1795 0.157894736842
1796 0.15991902834
1817 0.161943319838
1850 0.163967611336
1851 0.165991902834
1865 0.168016194332
1874 0.17004048583
1876 0.172064777328
1889 0.174089068826
1891 0.178137651822
1891 0.178137651822
1895 0.18016194332
1903 0.182186234818
1913 0.184210526316
1920 0.186234817814
1928 0.188259109312
1930 0.19028340081
1937 0.192307692308
1940 0.194331983806
1942 0.196356275304
1951 0.198380566802
1953 0.2004048583
1957 0.202429149798
1968 0.204453441296
1977 0.206477732794
1978 0.208502024291
1979 0.210526315789
1986 0.212550607287
1991 0.214574898785
2021 0.216599190283
2038 0.218623481781
2045 0.220647773279
2057 0.222672064777
2061 0.224696356275
2062 0.226720647773
2069 0.228744939271
2072 0.232793522267
2072 0.232793522267
2078 0.234817813765
2112 0.236842105263
2123 0.238866396761
2132 0.242914979757
2132 0.242914979757
2155 0.244939271255
2179 0.246963562753
2189 0.248987854251
2220 0.251012145749
2243 0.253036437247
2245 0.255060728745
2252 0.257085020243
2269 0.261133603239
2269 0.261133603239
2271 0.263157894737
2272 0.265182186235
2273 0.267206477733
2278 0.269230769231
2282 0.271255060729
2328 0.273279352227
2329 0.275303643725
2330 0.277327935223
2336 0.279352226721
2344 0.281376518219
2345 0.283400809717
2352 0.285425101215
2363 0.287449392713
2366 0.289473684211
2369 0.291497975709
2390 0.293522267206
2400 0.295546558704
2402 0.2995951417
2402 0.2995951417
2407 0.301619433198
2416 0.303643724696
2422 0.305668016194
2434 0.307692307692
2437 0.30971659919
2449 0.311740890688
2458 0.313765182186
2470 0.315789473684
2479 0.317813765182
2480 0.31983805668
2489 0.323886639676
2489 0.323886639676
2497 0.325910931174
2509 0.327935222672
2515 0.32995951417
2527 0.331983805668
2534 0.334008097166
2543 0.336032388664
2545 0.338056680162
2567 0.34008097166
2571 0.342105263158
2581 0.344129554656
2584 0.346153846154
2585 0.348178137652
2597 0.35020242915
2628 0.352226720648
2633 0.354251012146
2635 0.356275303644
2647 0.358299595142
2651 0.36032388664
2652 0.362348178138
2656 0.364372469636
2675 0.366396761134
2679 0.368421052632
2680 0.37044534413
2689 0.372469635628
2705 0.374493927126
2716 0.376518218623
2735 0.378542510121
2748 0.380566801619
2753 0.382591093117
2755 0.384615384615
2769 0.386639676113
2775 0.388663967611
2810 0.390688259109
2818 0.392712550607
2824 0.394736842105
2834 0.396761133603
2836 0.398785425101
2850 0.400809716599
2862 0.402834008097
2883 0.404858299595
2887 0.406882591093
2902 0.408906882591
2907 0.410931174089
2910 0.412955465587
2929 0.417004048583
2929 0.417004048583
2943 0.419028340081
2945 0.423076923077
2945 0.423076923077
2952 0.425101214575
2957 0.427125506073
2961 0.429149797571
2976 0.431174089069
2985 0.433198380567
2997 0.435222672065
3018 0.437246963563
3033 0.439271255061
3067 0.441295546559
3104 0.443319838057
3105 0.445344129555
3133 0.447368421053
3143 0.449392712551
3167 0.451417004049
3170 0.453441295547
3172 0.455465587045
3193 0.457489878543
3195 0.45951417004
3213 0.461538461538
3244 0.463562753036
3248 0.465587044534
3279 0.467611336032
3282 0.46963562753
3289 0.471659919028
3293 0.473684210526
3309 0.475708502024
3326 0.477732793522
3334 0.481781376518
3334 0.481781376518
3338 0.485829959514
3338 0.485829959514
3360 0.487854251012
3365 0.48987854251
3372 0.491902834008
3378 0.493927125506
3383 0.495951417004
3388 0.497975708502
3391 0.5
3394 0.502024291498
3398 0.504048582996
3403 0.506072874494
3412 0.508097165992
3415 0.51012145749
3416 0.512145748988
3424 0.514170040486
3460 0.516194331984
3472 0.518218623482
3485 0.52024291498
3492 0.522267206478
3495 0.524291497976
3496 0.526315789474
3516 0.528340080972
3524 0.53036437247
3531 0.532388663968
3539 0.534412955466
3540 0.536437246964
3548 0.538461538462
3574 0.54048582996
3576 0.542510121457
3577 0.544534412955
3597 0.546558704453
3608 0.548582995951
3642 0.550607287449
3646 0.552631578947
3651 0.554655870445
3659 0.556680161943
3698 0.558704453441
3720 0.560728744939
3731 0.562753036437
3738 0.564777327935
3766 0.566801619433
3789 0.568825910931
3793 0.570850202429
3803 0.572874493927
3806 0.574898785425
3816 0.576923076923
3827 0.578947368421
3842 0.580971659919
3847 0.582995951417
3852 0.585020242915
3880 0.587044534413
3891 0.589068825911
3914 0.591093117409
3936 0.593117408907
3944 0.595141700405
3948 0.597165991903
3959 0.599190283401
3978 0.601214574899
3981 0.603238866397
4028 0.605263157895
4029 0.607287449393
4033 0.609311740891
4036 0.611336032389
4043 0.613360323887
4049 0.615384615385
4074 0.621457489879
4074 0.621457489879
4074 0.621457489879
4092 0.623481781377
4105 0.625506072874
4124 0.627530364372
4125 0.62955465587
4140 0.631578947368
4144 0.633603238866
4156 0.635627530364
4157 0.637651821862
4163 0.63967611336
4172 0.641700404858
4186 0.643724696356
4191 0.645748987854
4192 0.647773279352
4238 0.64979757085
4247 0.651821862348
4268 0.653846153846
4279 0.655870445344
4282 0.657894736842
4302 0.65991902834
4351 0.661943319838
4363 0.663967611336
4367 0.665991902834
4376 0.668016194332
4396 0.67004048583
4398 0.672064777328
4426 0.676113360324
4426 0.676113360324
4440 0.678137651822
4465 0.68016194332
4496 0.682186234818
4499 0.684210526316
4521 0.686234817814
4543 0.688259109312
4553 0.69028340081
4569 0.692307692308
4589 0.694331983806
4600 0.696356275304
4604 0.698380566802
4607 0.7004048583
4617 0.702429149798
4632 0.704453441296
4640 0.706477732794
4641 0.708502024291
4657 0.710526315789
4684 0.712550607287
4776 0.714574898785
4858 0.716599190283
4869 0.720647773279
4869 0.720647773279
4889 0.722672064777
4912 0.724696356275
4933 0.726720647773
4985 0.728744939271
4988 0.730769230769
5067 0.732793522267
5091 0.734817813765
5105 0.736842105263
5130 0.738866396761
5152 0.740890688259
5201 0.742914979757
5237 0.744939271255
5245 0.746963562753
5252 0.748987854251
5269 0.751012145749
5281 0.753036437247
5285 0.755060728745
5286 0.757085020243
5322 0.759109311741
5377 0.761133603239
5380 0.763157894737
5435 0.765182186235
5448 0.767206477733
5466 0.769230769231
5469 0.771255060729
5485 0.773279352227
5494 0.775303643725
5519 0.777327935223
5535 0.779352226721
5536 0.781376518219
5556 0.783400809717
5600 0.785425101215
5658 0.787449392713
5660 0.789473684211
5675 0.791497975709
5714 0.793522267206
5734 0.795546558704
5757 0.797570850202
5761 0.7995951417
5765 0.801619433198
5786 0.803643724696
5799 0.805668016194
5809 0.807692307692
5817 0.80971659919
5830 0.811740890688
5849 0.813765182186
5854 0.817813765182
5854 0.817813765182
5909 0.81983805668
5910 0.821862348178
5986 0.823886639676
6020 0.825910931174
6022 0.827935222672
6051 0.82995951417
6056 0.831983805668
6119 0.834008097166
6133 0.836032388664
6138 0.838056680162
6162 0.84008097166
6235 0.842105263158
6251 0.844129554656
6257 0.846153846154
6281 0.848178137652
6374 0.85020242915
6393 0.852226720648
6453 0.854251012146
6485 0.856275303644
6494 0.858299595142
6500 0.86032388664
6502 0.862348178138
6623 0.864372469636
6692 0.866396761134
6737 0.868421052632
6790 0.87044534413
6854 0.872469635628
6859 0.874493927126
6946 0.876518218623
7077 0.878542510121
7084 0.880566801619
7102 0.882591093117
7111 0.884615384615
7164 0.886639676113
7267 0.888663967611
7277 0.890688259109
7307 0.892712550607
7394 0.894736842105
7412 0.896761133603
7432 0.898785425101
7576 0.900809716599
7584 0.902834008097
7689 0.904858299595
7833 0.906882591093
7845 0.908906882591
7874 0.910931174089
8011 0.912955465587
8016 0.914979757085
8222 0.917004048583
8368 0.919028340081
8634 0.921052631579
8718 0.923076923077
8843 0.925101214575
8930 0.927125506073
9038 0.929149797571
9145 0.931174089069
9240 0.933198380567
9290 0.935222672065
9305 0.937246963563
9359 0.939271255061
9387 0.941295546559
9397 0.943319838057
9570 0.945344129555
9610 0.947368421053
9671 0.949392712551
9822 0.951417004049
10245 0.953441295547
10270 0.955465587045
10465 0.957489878543
10484 0.95951417004
11362 0.961538461538
11708 0.963562753036
11775 0.965587044534
11946 0.967611336032
12133 0.96963562753
12206 0.971659919028
12437 0.973684210526
12798 0.975708502024
13061 0.977732793522
13312 0.97975708502
13469 0.981781376518
13624 0.983805668016
13857 0.985829959514
13866 0.987854251012
14006 0.98987854251
15663 0.991902834008
16377 0.993927125506
19018 0.995951417004
20056 0.997975708502
43210 1.0
