30 0.00416666666667
33 0.00833333333333
712 0.0125
933 0.0166666666667
961 0.0208333333333
1132 0.025
1360 0.0291666666667
1368 0.0333333333333
1560 0.0375
1591 0.0416666666667
1817 0.0458333333333
1836 0.05
1876 0.0541666666667
2013 0.0583333333333
2018 0.0625
2061 0.0666666666667
2080 0.0708333333333
2114 0.075
2153 0.0791666666667
2236 0.0833333333333
2238 0.0875
2259 0.0916666666667
2268 0.0958333333333
2327 0.1
2328 0.104166666667
2336 0.108333333333
2382 0.1125
2437 0.116666666667
2441 0.120833333333
2444 0.125
2501 0.129166666667
2694 0.133333333333
2698 0.1375
2731 0.141666666667
2737 0.145833333333
2795 0.15
2934 0.154166666667
2969 0.158333333333
2975 0.1625
2995 0.166666666667
2996 0.170833333333
3142 0.175
3162 0.179166666667
3233 0.183333333333
3235 0.1875
3257 0.191666666667
3259 0.195833333333
3338 0.2
3345 0.204166666667
3346 0.208333333333
3396 0.2125
3418 0.216666666667
3426 0.220833333333
3427 0.225
3469 0.229166666667
3479 0.233333333333
3489 0.2375
3497 0.241666666667
3519 0.245833333333
3526 0.25
3542 0.254166666667
3546 0.258333333333
3560 0.2625
3562 0.266666666667
3603 0.270833333333
3630 0.275
3677 0.279166666667
3685 0.283333333333
3713 0.2875
3767 0.291666666667
3802 0.295833333333
3817 0.3
3834 0.304166666667
3838 0.308333333333
3878 0.3125
3923 0.316666666667
3940 0.320833333333
3943 0.325
3958 0.329166666667
3960 0.333333333333
3966 0.3375
3976 0.341666666667
3983 0.345833333333
4004 0.35
4043 0.354166666667
4062 0.358333333333
4067 0.3625
4075 0.366666666667
4076 0.370833333333
4105 0.379166666667
4105 0.379166666667
4116 0.383333333333
4149 0.3875
4161 0.391666666667
4163 0.395833333333
4184 0.4
4189 0.404166666667
4197 0.408333333333
4231 0.4125
4233 0.416666666667
4241 0.420833333333
4285 0.425
4291 0.429166666667
4331 0.433333333333
4335 0.4375
4368 0.441666666667
4380 0.445833333333
4451 0.45
4527 0.454166666667
4553 0.458333333333
4576 0.4625
4587 0.466666666667
4606 0.470833333333
4611 0.475
4626 0.479166666667
4638 0.483333333333
4661 0.4875
4688 0.491666666667
4692 0.495833333333
4757 0.5
4772 0.504166666667
4776 0.508333333333
4793 0.5125
4794 0.516666666667
4834 0.520833333333
4923 0.525
4928 0.529166666667
4941 0.533333333333
4956 0.5375
4979 0.541666666667
4985 0.545833333333
5049 0.55
5072 0.554166666667
5106 0.558333333333
5120 0.5625
5121 0.566666666667
5135 0.570833333333
5143 0.575
5156 0.579166666667
5187 0.583333333333
5197 0.5875
5215 0.595833333333
5215 0.595833333333
5237 0.6
5263 0.604166666667
5308 0.608333333333
5342 0.6125
5345 0.616666666667
5348 0.620833333333
5359 0.625
5372 0.629166666667
5394 0.633333333333
5401 0.6375
5406 0.641666666667
5411 0.645833333333
5451 0.65
5456 0.654166666667
5466 0.658333333333
5512 0.6625
5573 0.666666666667
5630 0.670833333333
5664 0.675
5756 0.679166666667
5770 0.683333333333
5803 0.6875
5832 0.691666666667
5892 0.695833333333
5927 0.7
5939 0.704166666667
5974 0.708333333333
5996 0.7125
6041 0.716666666667
6048 0.720833333333
6057 0.725
6081 0.729166666667
6118 0.733333333333
6155 0.7375
6205 0.741666666667
6242 0.75
6242 0.75
6252 0.754166666667
6262 0.758333333333
6310 0.7625
6358 0.766666666667
6373 0.770833333333
6412 0.775
6447 0.779166666667
6511 0.783333333333
6575 0.7875
6607 0.791666666667
6683 0.795833333333
6686 0.8
6742 0.804166666667
6752 0.808333333333
6811 0.8125
6825 0.820833333333
6825 0.820833333333
6831 0.825
6919 0.829166666667
6977 0.833333333333
7039 0.8375
7055 0.841666666667
7112 0.845833333333
7148 0.85
7208 0.854166666667
7341 0.858333333333
7456 0.8625
7512 0.866666666667
7520 0.870833333333
7549 0.875
7590 0.879166666667
7726 0.883333333333
7939 0.8875
8031 0.891666666667
8155 0.895833333333
8192 0.9
8258 0.904166666667
8262 0.908333333333
8741 0.9125
8744 0.916666666667
8863 0.920833333333
8888 0.925
9012 0.929166666667
9033 0.933333333333
9155 0.9375
9588 0.941666666667
9820 0.945833333333
9951 0.95
10147 0.954166666667
10181 0.958333333333
10212 0.9625
10419 0.966666666667
11255 0.970833333333
11263 0.975
11696 0.979166666667
12528 0.983333333333
13881 0.9875
16210 0.991666666667
16704 0.995833333333
17319 1.0
