33 0.00202429149798
230 0.00404858299595
242 0.00607287449393
487 0.0080971659919
503 0.0101214574899
530 0.0121457489879
566 0.0141700404858
626 0.0161943319838
986 0.0182186234818
1075 0.0202429149798
1147 0.0222672064777
1151 0.0242914979757
1313 0.0263157894737
1368 0.0283400809717
1410 0.0303643724696
1609 0.0323886639676
1611 0.0344129554656
1652 0.0364372469636
1706 0.0384615384615
1746 0.0404858299595
1771 0.0425101214575
1875 0.0445344129555
1887 0.0465587044534
2009 0.0485829959514
2099 0.0506072874494
2116 0.0526315789474
2176 0.0546558704453
2236 0.0566801619433
2274 0.0587044534413
2628 0.0607287449393
2731 0.0627530364372
2765 0.0647773279352
2768 0.0668016194332
2886 0.0688259109312
2916 0.0708502024291
3056 0.0728744939271
3059 0.0748987854251
3296 0.0769230769231
3359 0.0789473684211
3380 0.080971659919
3449 0.082995951417
3570 0.085020242915
3584 0.087044534413
3620 0.0890688259109
3655 0.0910931174089
3743 0.0931174089069
3795 0.0951417004049
3796 0.0971659919028
3817 0.0991902834008
3909 0.101214574899
3924 0.103238866397
3929 0.105263157895
3960 0.107287449393
4145 0.109311740891
4236 0.111336032389
4311 0.113360323887
4472 0.115384615385
4511 0.117408906883
4540 0.119433198381
4605 0.121457489879
4646 0.123481781377
4650 0.125506072874
4680 0.127530364372
4698 0.12955465587
4735 0.131578947368
4768 0.133603238866
4938 0.135627530364
4990 0.137651821862
5158 0.13967611336
5184 0.141700404858
5208 0.143724696356
5211 0.145748987854
5286 0.147773279352
5324 0.14979757085
5434 0.151821862348
5505 0.153846153846
5603 0.155870445344
5641 0.157894736842
5680 0.15991902834
5721 0.161943319838
5740 0.163967611336
5791 0.165991902834
5869 0.168016194332
5924 0.17004048583
5983 0.172064777328
6019 0.174089068826
6040 0.176113360324
6097 0.178137651822
6098 0.18016194332
6137 0.184210526316
6137 0.184210526316
6181 0.186234817814
6245 0.188259109312
6248 0.19028340081
6289 0.192307692308
6315 0.194331983806
6433 0.196356275304
6443 0.198380566802
6478 0.2004048583
6514 0.202429149798
6540 0.204453441296
6552 0.206477732794
6554 0.208502024291
6555 0.210526315789
6562 0.212550607287
6600 0.214574898785
6609 0.216599190283
6710 0.218623481781
6769 0.220647773279
6814 0.222672064777
6923 0.224696356275
6929 0.226720647773
7125 0.228744939271
7130 0.230769230769
7138 0.232793522267
7197 0.234817813765
7203 0.236842105263
7241 0.238866396761
7302 0.240890688259
7352 0.242914979757
7358 0.244939271255
7377 0.246963562753
7412 0.248987854251
7501 0.251012145749
7505 0.253036437247
7568 0.255060728745
7571 0.257085020243
7589 0.259109311741
7678 0.261133603239
7750 0.263157894737
7776 0.265182186235
7851 0.267206477733
8027 0.269230769231
8047 0.271255060729
8059 0.273279352227
8095 0.275303643725
8112 0.277327935223
8136 0.279352226721
8165 0.281376518219
8215 0.283400809717
8355 0.285425101215
8374 0.287449392713
8379 0.289473684211
8477 0.291497975709
8483 0.293522267206
8599 0.295546558704
8620 0.297570850202
8628 0.2995951417
8650 0.301619433198
8730 0.303643724696
8732 0.305668016194
8810 0.307692307692
8989 0.30971659919
8992 0.311740890688
9042 0.313765182186
9139 0.315789473684
9197 0.317813765182
9323 0.31983805668
9327 0.321862348178
9355 0.323886639676
9414 0.325910931174
9419 0.327935222672
9595 0.32995951417
9684 0.331983805668
9686 0.334008097166
9730 0.336032388664
9770 0.338056680162
9890 0.34008097166
9893 0.342105263158
9945 0.344129554656
10003 0.346153846154
10011 0.348178137652
10093 0.35020242915
10238 0.352226720648
10367 0.354251012146
10421 0.356275303644
10491 0.358299595142
10498 0.36032388664
10563 0.362348178138
10565 0.364372469636
10575 0.366396761134
10580 0.368421052632
10591 0.37044534413
10602 0.372469635628
10629 0.374493927126
10764 0.376518218623
10804 0.378542510121
10941 0.380566801619
10979 0.382591093117
10990 0.384615384615
11001 0.386639676113
11086 0.388663967611
11114 0.390688259109
11164 0.392712550607
11203 0.394736842105
11219 0.396761133603
11280 0.398785425101
11439 0.400809716599
11848 0.402834008097
11901 0.404858299595
12013 0.406882591093
12049 0.408906882591
12071 0.410931174089
12154 0.412955465587
12191 0.414979757085
12318 0.417004048583
12381 0.419028340081
12428 0.421052631579
12475 0.423076923077
12621 0.425101214575
12669 0.427125506073
12674 0.429149797571
12738 0.431174089069
12789 0.433198380567
13017 0.435222672065
13023 0.437246963563
13059 0.439271255061
13196 0.441295546559
13212 0.443319838057
13245 0.445344129555
13271 0.447368421053
13310 0.449392712551
13320 0.451417004049
13376 0.453441295547
13435 0.455465587045
13455 0.457489878543
13520 0.45951417004
13545 0.461538461538
13567 0.463562753036
13616 0.465587044534
13694 0.467611336032
13706 0.46963562753
13715 0.471659919028
13771 0.473684210526
13779 0.475708502024
13960 0.477732793522
14009 0.47975708502
14058 0.481781376518
14074 0.483805668016
14495 0.485829959514
14522 0.487854251012
14549 0.48987854251
14862 0.491902834008
14928 0.493927125506
14978 0.495951417004
15056 0.497975708502
15202 0.5
15238 0.502024291498
15316 0.504048582996
15345 0.506072874494
15604 0.508097165992
15678 0.51012145749
15697 0.512145748988
15791 0.514170040486
15944 0.516194331984
15953 0.518218623482
15991 0.52024291498
16025 0.522267206478
16084 0.524291497976
16127 0.526315789474
16216 0.528340080972
16249 0.53036437247
16254 0.532388663968
16291 0.534412955466
16359 0.536437246964
16454 0.538461538462
16492 0.54048582996
16543 0.542510121457
16800 0.544534412955
16819 0.546558704453
16878 0.548582995951
16910 0.550607287449
16933 0.552631578947
16939 0.554655870445
16963 0.556680161943
17001 0.558704453441
17002 0.560728744939
17040 0.562753036437
17067 0.564777327935
17127 0.566801619433
17153 0.568825910931
17193 0.570850202429
17290 0.572874493927
17502 0.574898785425
17515 0.576923076923
17559 0.578947368421
17693 0.580971659919
17875 0.582995951417
17893 0.585020242915
17986 0.587044534413
18003 0.589068825911
18004 0.591093117409
18099 0.593117408907
18281 0.595141700405
18427 0.597165991903
18480 0.599190283401
18489 0.601214574899
18505 0.603238866397
18576 0.605263157895
18783 0.607287449393
18800 0.609311740891
18835 0.611336032389
18841 0.613360323887
18849 0.615384615385
18864 0.617408906883
19028 0.619433198381
19030 0.621457489879
19038 0.623481781377
19126 0.625506072874
19260 0.627530364372
19275 0.62955465587
19513 0.631578947368
19516 0.633603238866
19635 0.635627530364
19683 0.637651821862
19715 0.63967611336
19729 0.641700404858
19736 0.643724696356
19929 0.645748987854
19984 0.647773279352
20125 0.64979757085
20144 0.651821862348
20208 0.653846153846
20225 0.655870445344
20338 0.657894736842
20407 0.65991902834
20499 0.661943319838
20707 0.663967611336
20998 0.665991902834
21117 0.668016194332
21205 0.67004048583
21261 0.672064777328
21346 0.674089068826
21493 0.676113360324
21529 0.678137651822
21605 0.68016194332
21714 0.682186234818
21780 0.684210526316
21936 0.686234817814
21966 0.688259109312
22050 0.69028340081
22083 0.692307692308
22130 0.694331983806
22170 0.696356275304
22234 0.698380566802
22286 0.7004048583
22376 0.702429149798
22463 0.704453441296
22600 0.706477732794
22792 0.708502024291
23082 0.710526315789
23231 0.712550607287
23403 0.714574898785
23447 0.716599190283
23469 0.718623481781
23543 0.720647773279
23568 0.722672064777
23631 0.724696356275
23724 0.726720647773
23971 0.728744939271
24022 0.730769230769
24047 0.732793522267
24123 0.734817813765
24180 0.738866396761
24180 0.738866396761
24224 0.740890688259
24244 0.742914979757
24362 0.744939271255
24458 0.746963562753
24486 0.748987854251
24919 0.751012145749
24930 0.753036437247
25176 0.755060728745
25206 0.757085020243
25209 0.759109311741
25438 0.761133603239
25496 0.763157894737
25709 0.765182186235
25913 0.767206477733
25970 0.769230769231
26213 0.771255060729
26233 0.773279352227
26247 0.775303643725
26345 0.777327935223
26479 0.779352226721
26584 0.781376518219
26699 0.783400809717
26725 0.785425101215
27184 0.787449392713
27510 0.789473684211
27747 0.791497975709
27766 0.793522267206
27807 0.795546558704
27838 0.797570850202
27919 0.7995951417
28012 0.801619433198
28048 0.803643724696
28317 0.805668016194
28430 0.807692307692
28700 0.80971659919
29400 0.811740890688
29580 0.813765182186
29780 0.815789473684
30044 0.817813765182
30176 0.81983805668
30311 0.821862348178
30375 0.823886639676
30486 0.825910931174
30775 0.827935222672
30950 0.82995951417
30993 0.831983805668
31102 0.834008097166
31323 0.836032388664
31345 0.838056680162
31353 0.84008097166
31487 0.842105263158
31863 0.844129554656
31997 0.846153846154
32073 0.848178137652
32107 0.85020242915
32143 0.852226720648
32442 0.854251012146
32544 0.856275303644
32854 0.858299595142
33104 0.86032388664
33312 0.862348178138
33360 0.864372469636
33627 0.866396761134
34094 0.868421052632
34780 0.87044534413
34935 0.872469635628
35130 0.874493927126
35542 0.876518218623
35588 0.878542510121
35966 0.880566801619
36097 0.882591093117
36482 0.884615384615
36607 0.886639676113
36828 0.888663967611
37617 0.890688259109
38026 0.892712550607
39039 0.894736842105
39142 0.896761133603
39567 0.898785425101
41073 0.900809716599
41400 0.902834008097
42117 0.904858299595
42224 0.906882591093
42389 0.908906882591
42914 0.910931174089
43939 0.912955465587
44517 0.914979757085
46179 0.917004048583
46473 0.919028340081
46631 0.921052631579
47501 0.923076923077
48010 0.925101214575
48081 0.927125506073
48242 0.929149797571
50151 0.931174089069
50849 0.933198380567
51684 0.935222672065
51696 0.937246963563
55010 0.939271255061
56515 0.941295546559
57300 0.943319838057
58460 0.945344129555
59934 0.947368421053
60175 0.949392712551
60638 0.951417004049
61732 0.953441295547
62035 0.955465587045
62254 0.957489878543
62482 0.95951417004
63015 0.961538461538
65099 0.963562753036
67954 0.965587044534
68554 0.967611336032
69577 0.96963562753
70026 0.971659919028
70869 0.973684210526
70925 0.975708502024
72334 0.977732793522
73953 0.97975708502
85578 0.981781376518
86278 0.983805668016
87599 0.985829959514
88889 0.987854251012
91042 0.98987854251
92816 0.991902834008
96371 0.993927125506
102906 0.995951417004
133308 0.997975708502
139713 1.0
