32 0.00202429149798
301 0.00404858299595
369 0.00607287449393
431 0.0080971659919
508 0.0101214574899
525 0.0121457489879
558 0.0141700404858
578 0.0161943319838
663 0.0182186234818
736 0.0202429149798
741 0.0222672064777
760 0.0242914979757
767 0.0263157894737
769 0.0283400809717
778 0.0303643724696
782 0.0323886639676
832 0.0344129554656
838 0.0364372469636
864 0.0384615384615
871 0.0404858299595
886 0.0425101214575
890 0.0445344129555
893 0.0465587044534
898 0.0485829959514
934 0.0506072874494
949 0.0526315789474
979 0.0566801619433
979 0.0566801619433
1007 0.0587044534413
1026 0.0607287449393
1054 0.0627530364372
1056 0.0647773279352
1058 0.0668016194332
1077 0.0688259109312
1082 0.0708502024291
1127 0.0728744939271
1128 0.0748987854251
1160 0.0769230769231
1213 0.0789473684211
1222 0.080971659919
1224 0.085020242915
1224 0.085020242915
1235 0.087044534413
1254 0.0890688259109
1262 0.0910931174089
1284 0.0931174089069
1286 0.0951417004049
1288 0.0971659919028
1299 0.0991902834008
1300 0.101214574899
1305 0.103238866397
1308 0.105263157895
1319 0.107287449393
1328 0.109311740891
1331 0.111336032389
1346 0.113360323887
1348 0.115384615385
1351 0.117408906883
1357 0.119433198381
1364 0.121457489879
1365 0.123481781377
1376 0.125506072874
1384 0.127530364372
1387 0.131578947368
1387 0.131578947368
1395 0.133603238866
1408 0.135627530364
1409 0.137651821862
1410 0.13967611336
1423 0.141700404858
1432 0.143724696356
1446 0.145748987854
1449 0.147773279352
1460 0.14979757085
1468 0.151821862348
1474 0.153846153846
1477 0.155870445344
1485 0.157894736842
1486 0.15991902834
1491 0.161943319838
1494 0.163967611336
1501 0.165991902834
1511 0.168016194332
1514 0.172064777328
1514 0.172064777328
1520 0.174089068826
1521 0.176113360324
1525 0.178137651822
1527 0.18016194332
1546 0.184210526316
1546 0.184210526316
1553 0.186234817814
1578 0.188259109312
1582 0.19028340081
1591 0.192307692308
1594 0.196356275304
1594 0.196356275304
1599 0.198380566802
1600 0.2004048583
1601 0.202429149798
1604 0.204453441296
1606 0.206477732794
1607 0.208502024291
1608 0.210526315789
1619 0.212550607287
1620 0.214574898785
1638 0.216599190283
1639 0.218623481781
1640 0.220647773279
1642 0.222672064777
1645 0.224696356275
1646 0.226720647773
1650 0.228744939271
1656 0.230769230769
1661 0.234817813765
1661 0.234817813765
1665 0.236842105263
1670 0.238866396761
1678 0.240890688259
1680 0.242914979757
1683 0.244939271255
1690 0.246963562753
1696 0.248987854251
1705 0.251012145749
1711 0.253036437247
1714 0.255060728745
1720 0.257085020243
1730 0.259109311741
1736 0.261133603239
1739 0.263157894737
1750 0.265182186235
1760 0.267206477733
1761 0.269230769231
1773 0.271255060729
1775 0.275303643725
1775 0.275303643725
1781 0.277327935223
1789 0.279352226721
1791 0.281376518219
1794 0.283400809717
1797 0.285425101215
1801 0.287449392713
1805 0.289473684211
1809 0.291497975709
1811 0.293522267206
1817 0.295546558704
1824 0.297570850202
1826 0.301619433198
1826 0.301619433198
1839 0.303643724696
1849 0.305668016194
1851 0.307692307692
1856 0.30971659919
1860 0.311740890688
1863 0.313765182186
1864 0.315789473684
1867 0.317813765182
1872 0.31983805668
1890 0.321862348178
1913 0.323886639676
1915 0.325910931174
1916 0.327935222672
1926 0.32995951417
1938 0.331983805668
1941 0.334008097166
1954 0.336032388664
1973 0.338056680162
1996 0.34008097166
2008 0.342105263158
2011 0.346153846154
2011 0.346153846154
2014 0.348178137652
2017 0.35020242915
2019 0.354251012146
2019 0.354251012146
2025 0.358299595142
2025 0.358299595142
2031 0.362348178138
2031 0.362348178138
2053 0.364372469636
2054 0.366396761134
2062 0.368421052632
2063 0.37044534413
2065 0.372469635628
2068 0.374493927126
2085 0.378542510121
2085 0.378542510121
2088 0.380566801619
2096 0.382591093117
2108 0.384615384615
2109 0.386639676113
2122 0.388663967611
2125 0.390688259109
2137 0.392712550607
2139 0.394736842105
2142 0.396761133603
2143 0.398785425101
2158 0.400809716599
2160 0.402834008097
2175 0.404858299595
2177 0.406882591093
2178 0.408906882591
2181 0.410931174089
2182 0.412955465587
2183 0.414979757085
2185 0.417004048583
2187 0.419028340081
2190 0.421052631579
2191 0.423076923077
2192 0.425101214575
2204 0.427125506073
2216 0.429149797571
2226 0.431174089069
2228 0.433198380567
2230 0.435222672065
2232 0.437246963563
2233 0.439271255061
2235 0.441295546559
2236 0.443319838057
2239 0.445344129555
2251 0.451417004049
2251 0.451417004049
2251 0.451417004049
2257 0.453441295547
2261 0.455465587045
2269 0.457489878543
2306 0.45951417004
2308 0.461538461538
2311 0.463562753036
2317 0.465587044534
2325 0.467611336032
2337 0.46963562753
2338 0.471659919028
2348 0.473684210526
2353 0.475708502024
2355 0.477732793522
2370 0.47975708502
2383 0.481781376518
2384 0.483805668016
2386 0.485829959514
2387 0.487854251012
2389 0.48987854251
2414 0.491902834008
2420 0.493927125506
2423 0.495951417004
2426 0.497975708502
2427 0.5
2446 0.502024291498
2450 0.504048582996
2471 0.506072874494
2482 0.508097165992
2506 0.51012145749
2510 0.512145748988
2521 0.514170040486
2523 0.516194331984
2526 0.518218623482
2532 0.52024291498
2533 0.524291497976
2533 0.524291497976
2539 0.526315789474
2566 0.528340080972
2588 0.53036437247
2590 0.532388663968
2593 0.534412955466
2600 0.536437246964
2605 0.54048582996
2605 0.54048582996
2618 0.542510121457
2627 0.544534412955
2635 0.546558704453
2644 0.548582995951
2658 0.550607287449
2661 0.552631578947
2662 0.554655870445
2665 0.556680161943
2671 0.558704453441
2680 0.560728744939
2690 0.562753036437
2719 0.564777327935
2728 0.566801619433
2729 0.568825910931
2741 0.570850202429
2751 0.572874493927
2773 0.574898785425
2774 0.576923076923
2775 0.578947368421
2778 0.580971659919
2786 0.585020242915
2786 0.585020242915
2792 0.587044534413
2809 0.591093117409
2809 0.591093117409
2814 0.593117408907
2846 0.595141700405
2868 0.599190283401
2868 0.599190283401
2877 0.601214574899
2891 0.603238866397
2933 0.605263157895
2944 0.607287449393
2950 0.609311740891
2959 0.613360323887
2959 0.613360323887
2974 0.615384615385
2985 0.617408906883
2990 0.619433198381
2993 0.621457489879
3005 0.623481781377
3012 0.625506072874
3015 0.627530364372
3023 0.62955465587
3046 0.631578947368
3083 0.633603238866
3088 0.635627530364
3094 0.637651821862
3105 0.63967611336
3120 0.641700404858
3129 0.643724696356
3142 0.647773279352
3142 0.647773279352
3170 0.64979757085
3179 0.651821862348
3187 0.653846153846
3188 0.655870445344
3203 0.657894736842
3210 0.661943319838
3210 0.661943319838
3212 0.663967611336
3224 0.665991902834
3230 0.668016194332
3234 0.67004048583
3236 0.672064777328
3245 0.674089068826
3263 0.676113360324
3268 0.678137651822
3270 0.68016194332
3271 0.682186234818
3292 0.684210526316
3301 0.686234817814
3385 0.688259109312
3406 0.69028340081
3407 0.692307692308
3408 0.694331983806
3420 0.696356275304
3421 0.698380566802
3440 0.7004048583
3447 0.702429149798
3450 0.704453441296
3455 0.706477732794
3459 0.708502024291
3465 0.710526315789
3466 0.712550607287
3469 0.714574898785
3478 0.716599190283
3495 0.718623481781
3505 0.720647773279
3509 0.722672064777
3519 0.724696356275
3530 0.726720647773
3539 0.728744939271
3543 0.730769230769
3546 0.732793522267
3583 0.734817813765
3587 0.736842105263
3609 0.738866396761
3627 0.740890688259
3638 0.742914979757
3670 0.744939271255
3671 0.746963562753
3682 0.748987854251
3691 0.751012145749
3715 0.753036437247
3721 0.755060728745
3734 0.757085020243
3785 0.759109311741
3809 0.761133603239
3844 0.763157894737
3848 0.765182186235
3862 0.767206477733
3891 0.769230769231
3897 0.771255060729
3918 0.773279352227
3928 0.775303643725
3947 0.777327935223
3971 0.779352226721
3975 0.781376518219
3982 0.783400809717
3985 0.785425101215
4023 0.787449392713
4031 0.789473684211
4053 0.791497975709
4057 0.793522267206
4061 0.795546558704
4071 0.797570850202
4097 0.7995951417
4118 0.801619433198
4120 0.803643724696
4160 0.805668016194
4204 0.807692307692
4237 0.80971659919
4241 0.811740890688
4245 0.813765182186
4262 0.815789473684
4310 0.81983805668
4310 0.81983805668
4318 0.821862348178
4322 0.823886639676
4335 0.825910931174
4342 0.827935222672
4344 0.82995951417
4360 0.831983805668
4370 0.834008097166
4392 0.836032388664
4534 0.838056680162
4540 0.84008097166
4564 0.842105263158
4572 0.844129554656
4573 0.846153846154
4576 0.848178137652
4577 0.85020242915
4613 0.852226720648
4614 0.854251012146
4625 0.856275303644
4649 0.858299595142
4650 0.86032388664
4661 0.862348178138
4689 0.864372469636
4731 0.866396761134
4733 0.868421052632
4735 0.87044534413
4736 0.872469635628
4747 0.874493927126
4783 0.876518218623
4814 0.878542510121
4845 0.880566801619
4853 0.882591093117
4854 0.884615384615
4881 0.886639676113
4895 0.888663967611
4912 0.892712550607
4912 0.892712550607
4921 0.894736842105
4932 0.896761133603
4960 0.898785425101
4972 0.900809716599
4973 0.902834008097
5084 0.904858299595
5111 0.906882591093
5121 0.908906882591
5148 0.910931174089
5238 0.912955465587
5255 0.914979757085
5265 0.917004048583
5303 0.919028340081
5386 0.921052631579
5423 0.923076923077
5433 0.925101214575
5447 0.927125506073
5468 0.929149797571
5508 0.931174089069
5513 0.933198380567
5625 0.935222672065
5626 0.937246963563
5631 0.939271255061
5671 0.941295546559
5715 0.943319838057
5765 0.945344129555
5768 0.947368421053
5771 0.949392712551
5860 0.951417004049
5863 0.953441295547
5892 0.955465587045
5899 0.957489878543
6069 0.95951417004
6125 0.961538461538
6335 0.963562753036
6392 0.965587044534
6478 0.967611336032
6655 0.96963562753
6668 0.971659919028
6733 0.973684210526
6796 0.975708502024
6950 0.977732793522
7087 0.97975708502
7125 0.981781376518
7478 0.983805668016
7646 0.985829959514
8297 0.987854251012
8349 0.98987854251
8465 0.991902834008
9830 0.993927125506
10238 0.995951417004
15416 0.997975708502
37171 1.0
