39 0.0047619047619
812 0.00952380952381
1037 0.0142857142857
1068 0.0190476190476
1539 0.0238095238095
1558 0.0285714285714
1774 0.0333333333333
1789 0.0380952380952
1835 0.0428571428571
2034 0.047619047619
2121 0.052380952381
2281 0.0571428571429
2323 0.0619047619048
2354 0.0666666666667
2358 0.0714285714286
2404 0.0761904761905
2446 0.0809523809524
2477 0.0857142857143
2522 0.0904761904762
2534 0.0952380952381
2554 0.1
2581 0.104761904762
2589 0.109523809524
2740 0.114285714286
2770 0.119047619048
2804 0.12380952381
3000 0.128571428571
3007 0.133333333333
3009 0.138095238095
3051 0.142857142857
3060 0.147619047619
3064 0.152380952381
3079 0.157142857143
3195 0.161904761905
3319 0.166666666667
3334 0.171428571429
3338 0.17619047619
3356 0.185714285714
3356 0.185714285714
3385 0.190476190476
3555 0.195238095238
3618 0.2
3640 0.204761904762
3681 0.209523809524
3714 0.214285714286
3783 0.219047619048
3828 0.22380952381
3851 0.228571428571
3868 0.233333333333
3884 0.238095238095
3913 0.242857142857
3932 0.247619047619
4046 0.252380952381
4054 0.257142857143
4082 0.261904761905
4089 0.266666666667
4094 0.271428571429
4103 0.27619047619
4115 0.280952380952
4158 0.285714285714
4182 0.290476190476
4196 0.295238095238
4280 0.3
4317 0.304761904762
4322 0.309523809524
4327 0.314285714286
4340 0.319047619048
4342 0.32380952381
4350 0.328571428571
4354 0.333333333333
4359 0.338095238095
4361 0.342857142857
4364 0.347619047619
4399 0.352380952381
4423 0.357142857143
4426 0.361904761905
4436 0.366666666667
4447 0.371428571429
4462 0.37619047619
4470 0.380952380952
4532 0.385714285714
4534 0.390476190476
4547 0.395238095238
4567 0.4
4575 0.404761904762
4582 0.409523809524
4629 0.414285714286
4632 0.419047619048
4650 0.42380952381
4654 0.428571428571
4670 0.433333333333
4674 0.438095238095
4695 0.447619047619
4695 0.447619047619
4702 0.452380952381
4805 0.457142857143
4842 0.461904761905
4847 0.466666666667
4852 0.471428571429
4870 0.47619047619
4887 0.480952380952
4898 0.485714285714
4911 0.490476190476
4950 0.5
4950 0.5
4956 0.504761904762
4999 0.509523809524
5005 0.514285714286
5058 0.519047619048
5119 0.52380952381
5157 0.528571428571
5169 0.533333333333
5217 0.538095238095
5254 0.542857142857
5256 0.547619047619
5350 0.552380952381
5407 0.557142857143
5424 0.561904761905
5435 0.566666666667
5487 0.571428571429
5498 0.57619047619
5544 0.580952380952
5558 0.585714285714
5565 0.590476190476
5607 0.595238095238
5733 0.6
5776 0.604761904762
5804 0.609523809524
5848 0.614285714286
5860 0.619047619048
5898 0.62380952381
5946 0.628571428571
5973 0.633333333333
6032 0.638095238095
6067 0.642857142857
6093 0.647619047619
6100 0.652380952381
6188 0.657142857143
6189 0.661904761905
6318 0.666666666667
6353 0.671428571429
6376 0.67619047619
6382 0.680952380952
6415 0.685714285714
6444 0.690476190476
6450 0.695238095238
6452 0.7
6457 0.704761904762
6543 0.709523809524
6566 0.714285714286
6649 0.719047619048
6702 0.72380952381
6715 0.728571428571
6837 0.733333333333
6913 0.738095238095
6943 0.742857142857
7004 0.747619047619
7018 0.752380952381
7025 0.757142857143
7059 0.761904761905
7077 0.766666666667
7120 0.771428571429
7262 0.77619047619
7292 0.780952380952
7294 0.785714285714
7344 0.790476190476
7348 0.795238095238
7368 0.8
7450 0.804761904762
7506 0.809523809524
7554 0.814285714286
7628 0.819047619048
7751 0.82380952381
7883 0.828571428571
7923 0.833333333333
7935 0.838095238095
7969 0.842857142857
8033 0.847619047619
8077 0.852380952381
8173 0.857142857143
8313 0.861904761905
8319 0.866666666667
8327 0.871428571429
8375 0.87619047619
8445 0.880952380952
8498 0.885714285714
8597 0.890476190476
8710 0.895238095238
8740 0.9
8746 0.904761904762
9044 0.909523809524
9145 0.914285714286
9535 0.919047619048
9545 0.92380952381
9953 0.928571428571
10379 0.933333333333
10658 0.938095238095
10677 0.942857142857
10933 0.947619047619
11074 0.952380952381
11158 0.957142857143
11263 0.961904761905
11506 0.966666666667
12033 0.971428571429
14360 0.97619047619
14842 0.980952380952
14992 0.985714285714
16868 0.990476190476
18290 0.995238095238
18655 1.0
