34 0.00202429149798
340 0.00404858299595
410 0.00607287449393
568 0.0080971659919
615 0.0101214574899
625 0.0121457489879
701 0.0141700404858
807 0.0161943319838
812 0.0182186234818
1013 0.0202429149798
1122 0.0222672064777
1159 0.0242914979757
1173 0.0263157894737
1191 0.0283400809717
1253 0.0303643724696
1276 0.0323886639676
1277 0.0344129554656
1338 0.0364372469636
1392 0.0384615384615
1516 0.0404858299595
1529 0.0425101214575
1597 0.0445344129555
1605 0.0465587044534
1648 0.0485829959514
1685 0.0506072874494
1741 0.0526315789474
1812 0.0546558704453
1853 0.0566801619433
1873 0.0587044534413
1890 0.0607287449393
1907 0.0627530364372
1997 0.0647773279352
2025 0.0668016194332
2029 0.0688259109312
2053 0.0708502024291
2192 0.0728744939271
2201 0.0748987854251
2205 0.0769230769231
2399 0.0789473684211
2462 0.080971659919
2636 0.082995951417
2678 0.085020242915
2698 0.087044534413
2715 0.0890688259109
2717 0.0910931174089
2726 0.0931174089069
2774 0.0951417004049
2777 0.0971659919028
2789 0.0991902834008
2802 0.101214574899
2856 0.103238866397
2862 0.105263157895
3060 0.107287449393
3124 0.109311740891
3134 0.111336032389
3145 0.113360323887
3156 0.115384615385
3228 0.117408906883
3256 0.119433198381
3305 0.121457489879
3331 0.123481781377
3371 0.125506072874
3392 0.127530364372
3525 0.12955465587
3533 0.131578947368
3595 0.133603238866
3652 0.135627530364
3655 0.137651821862
3725 0.13967611336
3753 0.141700404858
3762 0.143724696356
3822 0.147773279352
3822 0.147773279352
3850 0.14979757085
3871 0.151821862348
3928 0.153846153846
3948 0.155870445344
3949 0.157894736842
3952 0.15991902834
4023 0.161943319838
4035 0.163967611336
4038 0.165991902834
4099 0.168016194332
4107 0.17004048583
4111 0.172064777328
4114 0.174089068826
4197 0.176113360324
4198 0.178137651822
4214 0.18016194332
4218 0.182186234818
4226 0.184210526316
4254 0.186234817814
4266 0.188259109312
4269 0.19028340081
4320 0.192307692308
4364 0.194331983806
4365 0.196356275304
4450 0.198380566802
4496 0.2004048583
4514 0.202429149798
4521 0.204453441296
4524 0.208502024291
4524 0.208502024291
4532 0.210526315789
4546 0.212550607287
4652 0.214574898785
4655 0.216599190283
4662 0.218623481781
4669 0.220647773279
4677 0.222672064777
4721 0.224696356275
4728 0.228744939271
4728 0.228744939271
4767 0.230769230769
4788 0.232793522267
4805 0.234817813765
4947 0.236842105263
4954 0.238866396761
4981 0.240890688259
4994 0.242914979757
5007 0.244939271255
5010 0.246963562753
5043 0.248987854251
5149 0.251012145749
5159 0.253036437247
5163 0.255060728745
5226 0.257085020243
5240 0.259109311741
5295 0.261133603239
5343 0.263157894737
5359 0.265182186235
5366 0.267206477733
5387 0.269230769231
5412 0.271255060729
5433 0.273279352227
5467 0.275303643725
5547 0.277327935223
5578 0.279352226721
5587 0.281376518219
5621 0.283400809717
5670 0.285425101215
5740 0.287449392713
5779 0.289473684211
5796 0.291497975709
5812 0.293522267206
5814 0.295546558704
5841 0.297570850202
5885 0.2995951417
5899 0.301619433198
5916 0.303643724696
5918 0.305668016194
5937 0.307692307692
5949 0.30971659919
5954 0.311740890688
6034 0.313765182186
6102 0.315789473684
6163 0.317813765182
6222 0.31983805668
6235 0.321862348178
6274 0.323886639676
6299 0.325910931174
6307 0.327935222672
6312 0.32995951417
6325 0.331983805668
6327 0.334008097166
6368 0.336032388664
6370 0.338056680162
6451 0.34008097166
6515 0.344129554656
6515 0.344129554656
6534 0.346153846154
6539 0.348178137652
6541 0.35020242915
6580 0.352226720648
6605 0.354251012146
6606 0.356275303644
6671 0.358299595142
6676 0.36032388664
6702 0.362348178138
6729 0.364372469636
6731 0.366396761134
6755 0.368421052632
6834 0.37044534413
6851 0.372469635628
6937 0.374493927126
6944 0.376518218623
6966 0.378542510121
7014 0.380566801619
7015 0.382591093117
7074 0.384615384615
7089 0.386639676113
7179 0.388663967611
7198 0.390688259109
7224 0.392712550607
7270 0.394736842105
7305 0.396761133603
7329 0.398785425101
7340 0.400809716599
7355 0.402834008097
7370 0.404858299595
7372 0.406882591093
7572 0.408906882591
7653 0.410931174089
7683 0.412955465587
7688 0.414979757085
7775 0.417004048583
7790 0.419028340081
7830 0.421052631579
7844 0.423076923077
7848 0.425101214575
7864 0.427125506073
7904 0.429149797571
7908 0.431174089069
7937 0.433198380567
7954 0.435222672065
7957 0.437246963563
7970 0.439271255061
7976 0.441295546559
7986 0.443319838057
8013 0.445344129555
8046 0.447368421053
8130 0.449392712551
8147 0.451417004049
8151 0.453441295547
8264 0.455465587045
8341 0.457489878543
8389 0.45951417004
8479 0.461538461538
8487 0.463562753036
8519 0.465587044534
8544 0.467611336032
8663 0.46963562753
8679 0.471659919028
8683 0.473684210526
8692 0.475708502024
8701 0.477732793522
8704 0.47975708502
8809 0.481781376518
8861 0.483805668016
8863 0.487854251012
8863 0.487854251012
8870 0.48987854251
8879 0.491902834008
8954 0.493927125506
8967 0.495951417004
9156 0.497975708502
9196 0.5
9238 0.502024291498
9285 0.504048582996
9346 0.506072874494
9384 0.508097165992
9497 0.51012145749
9517 0.512145748988
9536 0.514170040486
9640 0.516194331984
9698 0.52024291498
9698 0.52024291498
9778 0.522267206478
9798 0.524291497976
9804 0.526315789474
9828 0.528340080972
9855 0.53036437247
9903 0.532388663968
9918 0.534412955466
9985 0.536437246964
9988 0.538461538462
10055 0.54048582996
10065 0.542510121457
10110 0.544534412955
10149 0.546558704453
10184 0.548582995951
10187 0.550607287449
10213 0.552631578947
10225 0.554655870445
10234 0.556680161943
10285 0.558704453441
10345 0.560728744939
10378 0.562753036437
10400 0.564777327935
10523 0.566801619433
10568 0.568825910931
10647 0.570850202429
10866 0.572874493927
10869 0.574898785425
10881 0.576923076923
10882 0.578947368421
10932 0.580971659919
10954 0.582995951417
10982 0.585020242915
10985 0.587044534413
10987 0.589068825911
11006 0.591093117409
11068 0.593117408907
11080 0.595141700405
11154 0.597165991903
11180 0.599190283401
11352 0.601214574899
11355 0.603238866397
11356 0.605263157895
11374 0.607287449393
11379 0.609311740891
11408 0.611336032389
11431 0.613360323887
11482 0.615384615385
11563 0.617408906883
11598 0.619433198381
11603 0.621457489879
11663 0.623481781377
11664 0.625506072874
11710 0.627530364372
11855 0.62955465587
11879 0.631578947368
11894 0.633603238866
11916 0.635627530364
11917 0.637651821862
11940 0.63967611336
12015 0.641700404858
12068 0.643724696356
12076 0.645748987854
12132 0.647773279352
12178 0.64979757085
12191 0.651821862348
12208 0.653846153846
12218 0.655870445344
12240 0.657894736842
12251 0.65991902834
12264 0.661943319838
12275 0.663967611336
12402 0.665991902834
12423 0.668016194332
12528 0.67004048583
12537 0.672064777328
12582 0.674089068826
12607 0.676113360324
12608 0.678137651822
12639 0.68016194332
12805 0.682186234818
12888 0.684210526316
12987 0.686234817814
13087 0.688259109312
13101 0.69028340081
13117 0.692307692308
13119 0.694331983806
13150 0.696356275304
13187 0.698380566802
13374 0.7004048583
13376 0.702429149798
13453 0.704453441296
13466 0.706477732794
13514 0.708502024291
13554 0.710526315789
13644 0.712550607287
13647 0.714574898785
13679 0.716599190283
13740 0.718623481781
13752 0.720647773279
13755 0.722672064777
13811 0.724696356275
13896 0.726720647773
13956 0.728744939271
14046 0.730769230769
14108 0.732793522267
14126 0.734817813765
14204 0.736842105263
14273 0.738866396761
14376 0.740890688259
14409 0.742914979757
14557 0.744939271255
14595 0.746963562753
14621 0.748987854251
14626 0.751012145749
14659 0.753036437247
14683 0.755060728745
14755 0.757085020243
14797 0.759109311741
14810 0.761133603239
14848 0.763157894737
14873 0.765182186235
14882 0.767206477733
14897 0.769230769231
14952 0.771255060729
15034 0.773279352227
15220 0.775303643725
15341 0.777327935223
15580 0.779352226721
15587 0.781376518219
15658 0.783400809717
15703 0.785425101215
15764 0.787449392713
15849 0.789473684211
15874 0.791497975709
15914 0.793522267206
15970 0.795546558704
15979 0.797570850202
16096 0.7995951417
16273 0.801619433198
16308 0.803643724696
16570 0.805668016194
16576 0.807692307692
16714 0.80971659919
17008 0.811740890688
17038 0.813765182186
17039 0.815789473684
17061 0.817813765182
17511 0.81983805668
17780 0.821862348178
17795 0.823886639676
17820 0.825910931174
17824 0.827935222672
18011 0.82995951417
18094 0.831983805668
18110 0.834008097166
18132 0.836032388664
18163 0.838056680162
18234 0.84008097166
18392 0.842105263158
18483 0.844129554656
18566 0.846153846154
18758 0.848178137652
19201 0.85020242915
19312 0.852226720648
19723 0.854251012146
19754 0.856275303644
19769 0.858299595142
19775 0.86032388664
19805 0.862348178138
19928 0.864372469636
20020 0.866396761134
20057 0.868421052632
20437 0.87044534413
20722 0.872469635628
20845 0.874493927126
20924 0.876518218623
21281 0.878542510121
21795 0.880566801619
22291 0.882591093117
22421 0.884615384615
22700 0.886639676113
23110 0.888663967611
23140 0.890688259109
23154 0.892712550607
23722 0.894736842105
24272 0.896761133603
24515 0.898785425101
24700 0.900809716599
24940 0.902834008097
26343 0.904858299595
26642 0.906882591093
27021 0.908906882591
27329 0.910931174089
27556 0.912955465587
27689 0.914979757085
28617 0.917004048583
29339 0.919028340081
29910 0.921052631579
30628 0.923076923077
31317 0.925101214575
31460 0.927125506073
31660 0.929149797571
32003 0.931174089069
32375 0.933198380567
32666 0.935222672065
33044 0.937246963563
33203 0.939271255061
33264 0.941295546559
33389 0.943319838057
33803 0.945344129555
33965 0.947368421053
34056 0.949392712551
34944 0.951417004049
35091 0.953441295547
35808 0.955465587045
36417 0.957489878543
36866 0.95951417004
37004 0.961538461538
37161 0.963562753036
37317 0.965587044534
37952 0.967611336032
39389 0.96963562753
40171 0.971659919028
42265 0.973684210526
45500 0.975708502024
47199 0.977732793522
48375 0.97975708502
48739 0.981781376518
50176 0.983805668016
50950 0.985829959514
52463 0.987854251012
52527 0.98987854251
54338 0.991902834008
56428 0.993927125506
78115 0.995951417004
80760 0.997975708502
81824 1.0
