30 0.0020202020202
548 0.0040404040404
687 0.00606060606061
696 0.00808080808081
868 0.010101010101
1015 0.0121212121212
1025 0.0141414141414
1154 0.0161616161616
1334 0.0181818181818
1484 0.020202020202
1546 0.0222222222222
1556 0.0242424242424
1581 0.0262626262626
1593 0.0282828282828
1615 0.030303030303
1644 0.0323232323232
1656 0.0363636363636
1656 0.0363636363636
1666 0.0383838383838
1668 0.040404040404
1690 0.0424242424242
1708 0.0444444444444
1785 0.0464646464646
1802 0.0484848484848
1819 0.0505050505051
1893 0.0525252525253
1918 0.0545454545455
1977 0.0565656565657
1996 0.0585858585859
2028 0.0606060606061
2042 0.0626262626263
2057 0.0646464646465
2062 0.0666666666667
2121 0.0686868686869
2156 0.0707070707071
2197 0.0727272727273
2198 0.0747474747475
2214 0.0767676767677
2224 0.0787878787879
2269 0.0808080808081
2321 0.0828282828283
2362 0.0848484848485
2403 0.0868686868687
2425 0.0888888888889
2431 0.0909090909091
2444 0.0929292929293
2454 0.0949494949495
2529 0.0969696969697
2533 0.0989898989899
2581 0.10101010101
2597 0.10303030303
2605 0.105050505051
2621 0.107070707071
2624 0.109090909091
2645 0.111111111111
2648 0.113131313131
2668 0.115151515152
2683 0.117171717172
2700 0.119191919192
2706 0.121212121212
2711 0.123232323232
2726 0.127272727273
2726 0.127272727273
2734 0.129292929293
2739 0.131313131313
2774 0.133333333333
2778 0.135353535354
2818 0.137373737374
2819 0.139393939394
2820 0.141414141414
2847 0.143434343434
2848 0.145454545455
2869 0.147474747475
2874 0.149494949495
2878 0.151515151515
2879 0.153535353535
2899 0.155555555556
2908 0.157575757576
2910 0.159595959596
2921 0.161616161616
2938 0.163636363636
2952 0.165656565657
2959 0.167676767677
2969 0.169696969697
2973 0.171717171717
2976 0.175757575758
2976 0.175757575758
2980 0.177777777778
2992 0.179797979798
2997 0.181818181818
2998 0.183838383838
3000 0.185858585859
3010 0.187878787879
3011 0.189898989899
3019 0.191919191919
3037 0.193939393939
3040 0.19595959596
3043 0.19797979798
3057 0.2
3061 0.20202020202
3086 0.20404040404
3087 0.206060606061
3089 0.208080808081
3091 0.210101010101
3095 0.212121212121
3113 0.214141414141
3116 0.216161616162
3126 0.218181818182
3129 0.220202020202
3132 0.222222222222
3134 0.224242424242
3150 0.226262626263
3155 0.228282828283
3164 0.230303030303
3178 0.232323232323
3181 0.234343434343
3189 0.236363636364
3195 0.238383838384
3212 0.240404040404
3220 0.242424242424
3248 0.244444444444
3261 0.246464646465
3279 0.248484848485
3303 0.250505050505
3323 0.252525252525
3329 0.254545454545
3330 0.256565656566
3332 0.258585858586
3351 0.260606060606
3355 0.262626262626
3372 0.264646464646
3391 0.266666666667
3396 0.268686868687
3410 0.270707070707
3423 0.272727272727
3455 0.274747474747
3457 0.276767676768
3466 0.278787878788
3468 0.280808080808
3492 0.282828282828
3496 0.284848484848
3497 0.286868686869
3505 0.288888888889
3506 0.290909090909
3535 0.292929292929
3538 0.294949494949
3544 0.29696969697
3567 0.29898989899
3574 0.30101010101
3592 0.30303030303
3595 0.305050505051
3612 0.307070707071
3613 0.309090909091
3622 0.311111111111
3637 0.313131313131
3654 0.315151515152
3663 0.317171717172
3670 0.319191919192
3725 0.321212121212
3737 0.325252525253
3737 0.325252525253
3749 0.327272727273
3762 0.329292929293
3765 0.331313131313
3770 0.333333333333
3780 0.335353535354
3815 0.337373737374
3818 0.339393939394
3820 0.341414141414
3829 0.343434343434
3836 0.345454545455
3842 0.347474747475
3844 0.349494949495
3846 0.351515151515
3851 0.353535353535
3859 0.355555555556
3863 0.357575757576
3866 0.359595959596
3905 0.361616161616
3908 0.363636363636
3919 0.365656565657
3927 0.367676767677
3950 0.369696969697
3955 0.371717171717
3965 0.373737373737
3988 0.375757575758
3990 0.377777777778
3998 0.379797979798
4000 0.381818181818
4004 0.387878787879
4004 0.387878787879
4004 0.387878787879
4027 0.389898989899
4034 0.391919191919
4038 0.393939393939
4049 0.39595959596
4054 0.39797979798
4067 0.4
4102 0.40202020202
4107 0.40404040404
4118 0.406060606061
4131 0.408080808081
4134 0.410101010101
4169 0.412121212121
4173 0.414141414141
4180 0.416161616162
4181 0.418181818182
4188 0.420202020202
4195 0.422222222222
4204 0.424242424242
4205 0.428282828283
4205 0.428282828283
4214 0.430303030303
4218 0.432323232323
4221 0.434343434343
4229 0.436363636364
4233 0.438383838384
4239 0.440404040404
4240 0.442424242424
4280 0.444444444444
4282 0.446464646465
4306 0.448484848485
4309 0.450505050505
4350 0.452525252525
4371 0.454545454545
4387 0.456565656566
4402 0.458585858586
4418 0.460606060606
4422 0.462626262626
4432 0.464646464646
4453 0.466666666667
4455 0.468686868687
4457 0.470707070707
4462 0.474747474747
4462 0.474747474747
4491 0.476767676768
4504 0.478787878788
4510 0.480808080808
4518 0.482828282828
4525 0.484848484848
4530 0.486868686869
4555 0.488888888889
4558 0.490909090909
4569 0.492929292929
4623 0.494949494949
4625 0.49696969697
4636 0.49898989899
4654 0.50101010101
4660 0.50303030303
4672 0.505050505051
4674 0.507070707071
4690 0.509090909091
4691 0.511111111111
4705 0.513131313131
4710 0.515151515152
4720 0.517171717172
4726 0.519191919192
4735 0.521212121212
4736 0.523232323232
4745 0.525252525253
4767 0.527272727273
4768 0.529292929293
4774 0.531313131313
4798 0.533333333333
4832 0.537373737374
4832 0.537373737374
4833 0.539393939394
4845 0.541414141414
4846 0.543434343434
4865 0.545454545455
4872 0.547474747475
4877 0.549494949495
4890 0.551515151515
4892 0.553535353535
4903 0.555555555556
4950 0.557575757576
4961 0.559595959596
4971 0.563636363636
4971 0.563636363636
4977 0.565656565657
4998 0.567676767677
5004 0.569696969697
5019 0.571717171717
5022 0.573737373737
5050 0.575757575758
5060 0.577777777778
5071 0.581818181818
5071 0.581818181818
5077 0.583838383838
5113 0.585858585859
5128 0.587878787879
5159 0.589898989899
5162 0.591919191919
5164 0.593939393939
5211 0.59595959596
5236 0.59797979798
5246 0.6
5249 0.60202020202
5257 0.60404040404
5259 0.606060606061
5289 0.608080808081
5292 0.610101010101
5298 0.612121212121
5308 0.614141414141
5310 0.616161616162
5312 0.618181818182
5314 0.620202020202
5336 0.622222222222
5350 0.624242424242
5374 0.626262626263
5387 0.628282828283
5410 0.630303030303
5420 0.632323232323
5428 0.634343434343
5442 0.636363636364
5490 0.638383838384
5491 0.640404040404
5514 0.642424242424
5520 0.644444444444
5557 0.646464646465
5577 0.648484848485
5587 0.650505050505
5621 0.652525252525
5645 0.654545454545
5677 0.656565656566
5688 0.658585858586
5719 0.660606060606
5722 0.662626262626
5725 0.664646464646
5731 0.666666666667
5751 0.668686868687
5758 0.670707070707
5764 0.672727272727
5775 0.674747474747
5780 0.678787878788
5780 0.678787878788
5783 0.680808080808
5854 0.682828282828
5874 0.684848484848
5921 0.686868686869
5932 0.688888888889
5941 0.690909090909
5947 0.692929292929
5968 0.694949494949
5973 0.69696969697
6016 0.69898989899
6024 0.70101010101
6031 0.70303030303
6041 0.705050505051
6054 0.707070707071
6077 0.709090909091
6102 0.711111111111
6110 0.713131313131
6145 0.715151515152
6150 0.717171717172
6154 0.719191919192
6181 0.721212121212
6189 0.723232323232
6191 0.725252525253
6194 0.727272727273
6201 0.729292929293
6288 0.731313131313
6301 0.733333333333
6305 0.735353535354
6307 0.737373737374
6310 0.739393939394
6356 0.741414141414
6366 0.743434343434
6378 0.745454545455
6399 0.747474747475
6444 0.749494949495
6471 0.751515151515
6489 0.755555555556
6489 0.755555555556
6510 0.757575757576
6535 0.759595959596
6547 0.761616161616
6550 0.763636363636
6561 0.765656565657
6582 0.767676767677
6641 0.769696969697
6718 0.771717171717
6722 0.773737373737
6726 0.775757575758
6745 0.777777777778
6770 0.779797979798
6771 0.781818181818
6776 0.783838383838
6803 0.785858585859
6816 0.787878787879
6819 0.789898989899
6848 0.791919191919
6871 0.793939393939
6879 0.79595959596
6884 0.79797979798
6901 0.8
6908 0.80404040404
6908 0.80404040404
6917 0.806060606061
6920 0.808080808081
6939 0.810101010101
6989 0.812121212121
7048 0.814141414141
7067 0.816161616162
7069 0.818181818182
7077 0.820202020202
7109 0.822222222222
7142 0.824242424242
7148 0.826262626263
7163 0.828282828283
7253 0.830303030303
7276 0.832323232323
7379 0.834343434343
7400 0.836363636364
7430 0.838383838384
7591 0.840404040404
7602 0.842424242424
7651 0.846464646465
7651 0.846464646465
7664 0.848484848485
7831 0.850505050505
7963 0.852525252525
7969 0.854545454545
8079 0.856565656566
8083 0.858585858586
8086 0.860606060606
8109 0.862626262626
8113 0.864646464646
8137 0.866666666667
8206 0.868686868687
8214 0.870707070707
8250 0.872727272727
8257 0.874747474747
8276 0.876767676768
8285 0.878787878788
8288 0.880808080808
8295 0.882828282828
8310 0.884848484848
8327 0.886868686869
8332 0.890909090909
8332 0.890909090909
8425 0.892929292929
8444 0.894949494949
8556 0.89696969697
8563 0.90101010101
8563 0.90101010101
8667 0.90303030303
8677 0.905050505051
8703 0.907070707071
8757 0.909090909091
8758 0.911111111111
8773 0.913131313131
8931 0.915151515152
9001 0.917171717172
9230 0.919191919192
9236 0.921212121212
9342 0.923232323232
9388 0.925252525253
9432 0.927272727273
9564 0.929292929293
9594 0.931313131313
9781 0.933333333333
9837 0.935353535354
10047 0.937373737374
10071 0.939393939394
10123 0.941414141414
10213 0.943434343434
10530 0.945454545455
10536 0.947474747475
10550 0.949494949495
10673 0.951515151515
10757 0.953535353535
10779 0.955555555556
10830 0.957575757576
11017 0.959595959596
11091 0.961616161616
11106 0.963636363636
11209 0.965656565657
11267 0.967676767677
11406 0.969696969697
11583 0.971717171717
11603 0.973737373737
11781 0.975757575758
11815 0.977777777778
11826 0.979797979798
11897 0.981818181818
12097 0.983838383838
12232 0.985858585859
12297 0.987878787879
12628 0.989898989899
12890 0.991919191919
13125 0.993939393939
13773 0.99595959596
14767 0.99797979798
35080 1.0
