655 0.00215982721382
798 0.00431965442765
855 0.00647948164147
1025 0.00863930885529
1208 0.0107991360691
1217 0.0129589632829
1351 0.0151187904968
1596 0.0172786177106
1702 0.0194384449244
1740 0.0215982721382
1833 0.0237580993521
1886 0.0259179265659
1901 0.0280777537797
1969 0.0302375809935
1985 0.0323974082073
2006 0.0345572354212
2016 0.036717062635
2023 0.0388768898488
2037 0.0410367170626
2085 0.0431965442765
2109 0.0453563714903
2148 0.0475161987041
2157 0.0496760259179
2169 0.0518358531317
2383 0.0539956803456
2384 0.0561555075594
2414 0.0583153347732
2495 0.060475161987
2541 0.0626349892009
2590 0.0647948164147
2625 0.0669546436285
2633 0.0691144708423
2634 0.0712742980562
2635 0.07343412527
2644 0.0755939524838
2651 0.0777537796976
2672 0.0799136069114
2693 0.0820734341253
2794 0.0842332613391
2804 0.0863930885529
2858 0.0885529157667
2890 0.0907127429806
2954 0.0928725701944
2962 0.0950323974082
3036 0.097192224622
3067 0.0993520518359
3081 0.10151187905
3125 0.103671706263
3138 0.105831533477
3150 0.107991360691
3175 0.110151187905
3185 0.112311015119
3187 0.114470842333
3191 0.116630669546
3265 0.11879049676
3269 0.120950323974
3272 0.123110151188
3280 0.125269978402
3287 0.127429805616
3294 0.129589632829
3302 0.131749460043
3311 0.133909287257
3352 0.136069114471
3355 0.138228941685
3358 0.140388768898
3414 0.142548596112
3437 0.144708423326
3438 0.14686825054
3461 0.149028077754
3490 0.151187904968
3498 0.153347732181
3514 0.155507559395
3521 0.157667386609
3525 0.159827213823
3531 0.161987041037
3558 0.164146868251
3571 0.166306695464
3594 0.168466522678
3616 0.170626349892
3620 0.172786177106
3621 0.177105831533
3621 0.177105831533
3650 0.179265658747
3660 0.181425485961
3671 0.185745140389
3671 0.185745140389
3681 0.187904967603
3688 0.190064794816
3690 0.19222462203
3700 0.194384449244
3711 0.196544276458
3718 0.198704103672
3723 0.200863930886
3739 0.203023758099
3754 0.205183585313
3759 0.211663066955
3759 0.211663066955
3759 0.211663066955
3769 0.213822894168
3815 0.215982721382
3834 0.218142548596
3875 0.22030237581
3878 0.222462203024
3915 0.224622030238
3927 0.226781857451
3930 0.228941684665
3933 0.231101511879
3944 0.233261339093
3963 0.235421166307
3971 0.237580993521
4037 0.239740820734
4040 0.244060475162
4040 0.244060475162
4057 0.246220302376
4066 0.24838012959
4078 0.250539956803
4096 0.252699784017
4106 0.254859611231
4108 0.257019438445
4111 0.259179265659
4149 0.261339092873
4158 0.263498920086
4167 0.2656587473
4176 0.267818574514
4185 0.269978401728
4201 0.272138228942
4307 0.276457883369
4307 0.276457883369
4311 0.278617710583
4321 0.280777537797
4357 0.282937365011
4370 0.285097192225
4380 0.287257019438
4402 0.289416846652
4406 0.291576673866
4422 0.29373650108
4423 0.295896328294
4433 0.298056155508
4444 0.300215982721
4450 0.302375809935
4455 0.304535637149
4473 0.306695464363
4502 0.308855291577
4521 0.31101511879
4528 0.313174946004
4572 0.315334773218
4584 0.317494600432
4586 0.319654427646
4606 0.32181425486
4623 0.323974082073
4634 0.326133909287
4648 0.328293736501
4661 0.330453563715
4693 0.332613390929
4694 0.334773218143
4697 0.336933045356
4722 0.33909287257
4760 0.341252699784
4762 0.343412526998
4763 0.345572354212
4780 0.347732181425
4797 0.349892008639
4812 0.352051835853
4819 0.354211663067
4835 0.356371490281
4836 0.358531317495
4842 0.360691144708
4843 0.362850971922
4862 0.365010799136
4872 0.36717062635
4876 0.369330453564
4877 0.371490280778
4889 0.373650107991
4897 0.375809935205
4922 0.377969762419
4933 0.380129589633
4955 0.382289416847
4957 0.38444924406
4976 0.386609071274
4985 0.388768898488
4994 0.390928725702
5043 0.393088552916
5049 0.39524838013
5061 0.397408207343
5101 0.399568034557
5109 0.401727861771
5110 0.403887688985
5128 0.406047516199
5174 0.408207343413
5180 0.410367170626
5216 0.41252699784
5219 0.414686825054
5225 0.416846652268
5236 0.419006479482
5237 0.421166306695
5241 0.423326133909
5246 0.425485961123
5251 0.427645788337
5265 0.429805615551
5273 0.431965442765
5328 0.434125269978
5344 0.436285097192
5350 0.438444924406
5368 0.44060475162
5392 0.442764578834
5416 0.444924406048
5431 0.447084233261
5448 0.451403887689
5448 0.451403887689
5471 0.453563714903
5492 0.455723542117
5499 0.45788336933
5529 0.460043196544
5544 0.462203023758
5557 0.464362850972
5558 0.466522678186
5577 0.4686825054
5578 0.470842332613
5612 0.473002159827
5616 0.475161987041
5618 0.477321814255
5642 0.479481641469
5656 0.481641468683
5664 0.483801295896
5665 0.48596112311
5668 0.488120950324
5672 0.490280777538
5713 0.492440604752
5743 0.494600431965
5744 0.496760259179
5745 0.498920086393
5774 0.501079913607
5779 0.503239740821
5785 0.505399568035
5795 0.507559395248
5803 0.509719222462
5828 0.511879049676
5832 0.51403887689
5837 0.516198704104
5841 0.518358531317
5848 0.520518358531
5854 0.522678185745
5867 0.524838012959
5877 0.526997840173
5898 0.529157667387
5915 0.5313174946
5921 0.533477321814
5968 0.535637149028
5975 0.537796976242
5987 0.539956803456
5997 0.54211663067
6020 0.544276457883
6027 0.546436285097
6061 0.548596112311
6082 0.550755939525
6097 0.552915766739
6113 0.555075593952
6136 0.557235421166
6146 0.55939524838
6161 0.561555075594
6230 0.563714902808
6238 0.565874730022
6239 0.568034557235
6254 0.570194384449
6285 0.572354211663
6288 0.574514038877
6336 0.576673866091
6348 0.578833693305
6374 0.580993520518
6385 0.583153347732
6398 0.585313174946
6404 0.58747300216
6410 0.589632829374
6422 0.591792656587
6458 0.593952483801
6478 0.596112311015
6482 0.598272138229
6483 0.600431965443
6493 0.602591792657
6495 0.60475161987
6520 0.606911447084
6572 0.609071274298
6587 0.611231101512
6628 0.613390928726
6636 0.61555075594
6647 0.617710583153
6698 0.619870410367
6741 0.622030237581
6760 0.624190064795
6771 0.626349892009
6805 0.628509719222
6832 0.630669546436
6835 0.63282937365
6867 0.634989200864
6881 0.637149028078
6938 0.639308855292
6942 0.643628509719
6942 0.643628509719
6961 0.645788336933
6965 0.647948164147
6978 0.650107991361
7032 0.652267818575
7121 0.654427645788
7191 0.656587473002
7216 0.658747300216
7246 0.66090712743
7257 0.663066954644
7265 0.665226781857
7309 0.667386609071
7321 0.669546436285
7343 0.671706263499
7353 0.673866090713
7356 0.676025917927
7385 0.67818574514
7402 0.680345572354
7465 0.682505399568
7467 0.684665226782
7510 0.686825053996
7529 0.68898488121
7536 0.691144708423
7566 0.693304535637
7601 0.695464362851
7604 0.697624190065
7633 0.699784017279
7650 0.701943844492
7662 0.704103671706
7672 0.70626349892
7687 0.708423326134
7688 0.710583153348
7720 0.712742980562
7924 0.714902807775
7988 0.717062634989
7999 0.719222462203
8028 0.721382289417
8036 0.723542116631
8075 0.725701943844
8089 0.727861771058
8096 0.730021598272
8106 0.732181425486
8125 0.7343412527
8136 0.736501079914
8168 0.738660907127
8209 0.740820734341
8237 0.742980561555
8246 0.745140388769
8248 0.747300215983
8298 0.749460043197
8341 0.75161987041
8362 0.753779697624
8364 0.755939524838
8369 0.758099352052
8384 0.760259179266
8420 0.762419006479
8423 0.764578833693
8426 0.766738660907
8436 0.768898488121
8484 0.771058315335
8520 0.773218142549
8551 0.775377969762
8577 0.777537796976
8589 0.77969762419
8600 0.781857451404
8615 0.784017278618
8660 0.786177105832
8723 0.788336933045
8733 0.790496760259
8765 0.792656587473
8807 0.796976241901
8807 0.796976241901
8830 0.799136069114
8913 0.801295896328
8916 0.803455723542
8987 0.805615550756
9006 0.80777537797
9051 0.809935205184
9055 0.812095032397
9118 0.814254859611
9131 0.816414686825
9223 0.818574514039
9393 0.820734341253
9475 0.822894168467
9555 0.82505399568
9695 0.827213822894
9716 0.829373650108
9878 0.831533477322
9934 0.833693304536
9951 0.835853131749
10038 0.838012958963
10384 0.840172786177
10418 0.842332613391
10426 0.844492440605
10451 0.846652267819
10501 0.848812095032
10705 0.850971922246
10725 0.85313174946
10819 0.855291576674
10887 0.857451403888
10888 0.859611231102
10928 0.861771058315
10948 0.863930885529
11002 0.866090712743
11017 0.868250539957
11018 0.870410367171
11116 0.872570194384
11196 0.874730021598
11305 0.876889848812
11402 0.879049676026
11612 0.88120950324
11627 0.883369330454
11677 0.885529157667
11702 0.887688984881
11769 0.889848812095
11804 0.892008639309
11955 0.894168466523
11966 0.896328293737
12063 0.89848812095
12156 0.900647948164
12282 0.902807775378
12321 0.904967602592
12353 0.907127429806
12380 0.909287257019
12392 0.911447084233
12442 0.913606911447
12445 0.915766738661
12490 0.917926565875
12788 0.920086393089
12794 0.922246220302
13010 0.924406047516
13075 0.92656587473
13195 0.928725701944
13517 0.930885529158
13669 0.933045356371
13735 0.935205183585
13755 0.937365010799
14021 0.939524838013
14102 0.941684665227
14103 0.943844492441
14127 0.946004319654
14151 0.948164146868
14440 0.950323974082
14463 0.952483801296
14570 0.95464362851
14674 0.956803455724
14898 0.958963282937
15193 0.961123110151
15345 0.963282937365
15365 0.965442764579
15385 0.967602591793
15422 0.969762419006
15835 0.97192224622
16167 0.974082073434
16189 0.976241900648
16365 0.978401727862
16769 0.980561555076
17081 0.982721382289
17086 0.984881209503
18039 0.987041036717
18107 0.989200863931
18475 0.991360691145
20289 0.993520518359
20671 0.995680345572
22850 0.997840172786
35121 1.0
