32 0.00253164556962
839 0.00506329113924
1216 0.00759493670886
1445 0.0101265822785
1540 0.0126582278481
1911 0.0151898734177
2009 0.0177215189873
2320 0.020253164557
2371 0.0227848101266
2736 0.0253164556962
2783 0.0278481012658
2828 0.0303797468354
2950 0.0329113924051
3005 0.0354430379747
3113 0.0379746835443
3314 0.0405063291139
3446 0.0430379746835
3479 0.0455696202532
3560 0.0481012658228
3683 0.0506329113924
3740 0.053164556962
3778 0.0556962025316
3999 0.0582278481013
4220 0.0607594936709
4227 0.0632911392405
4381 0.0658227848101
4705 0.0683544303797
5165 0.0708860759494
5403 0.073417721519
5405 0.0759493670886
5501 0.0784810126582
5577 0.0810126582278
5917 0.0835443037975
5997 0.0860759493671
6023 0.0886075949367
6302 0.0911392405063
6476 0.0936708860759
6842 0.0962025316456
7375 0.0987341772152
7466 0.101265822785
7489 0.103797468354
7539 0.106329113924
7564 0.108860759494
7605 0.111392405063
7881 0.113924050633
8001 0.116455696203
8191 0.118987341772
8352 0.121518987342
8514 0.124050632911
8774 0.126582278481
8777 0.129113924051
8778 0.13164556962
8792 0.13417721519
8833 0.136708860759
8864 0.139240506329
8873 0.141772151899
8926 0.144303797468
8974 0.146835443038
9012 0.149367088608
9175 0.151898734177
9518 0.154430379747
9588 0.156962025316
9654 0.159493670886
9732 0.162025316456
9818 0.164556962025
9895 0.167088607595
10114 0.169620253165
10120 0.172151898734
10210 0.174683544304
10561 0.177215189873
10591 0.179746835443
10644 0.182278481013
10654 0.184810126582
10720 0.187341772152
10754 0.189873417722
10874 0.192405063291
10897 0.194936708861
10932 0.19746835443
10951 0.2
10977 0.20253164557
11041 0.205063291139
11302 0.207594936709
11447 0.210126582278
11735 0.212658227848
11792 0.215189873418
11804 0.217721518987
11812 0.220253164557
11856 0.222784810127
11888 0.225316455696
11889 0.227848101266
11898 0.230379746835
11901 0.232911392405
12047 0.235443037975
12131 0.237974683544
12162 0.240506329114
12386 0.243037974684
12516 0.245569620253
12595 0.248101265823
12641 0.250632911392
12655 0.253164556962
12691 0.255696202532
12836 0.258227848101
12844 0.260759493671
12882 0.263291139241
12958 0.26582278481
13063 0.26835443038
13078 0.270886075949
13159 0.273417721519
13175 0.275949367089
13527 0.278481012658
13890 0.281012658228
13892 0.283544303797
13906 0.286075949367
13920 0.288607594937
13935 0.291139240506
14023 0.293670886076
14062 0.296202531646
14237 0.298734177215
14414 0.301265822785
14591 0.303797468354
14645 0.306329113924
14873 0.308860759494
14889 0.311392405063
15013 0.313924050633
15214 0.316455696203
15356 0.318987341772
15512 0.321518987342
15660 0.324050632911
15721 0.329113924051
15721 0.329113924051
15817 0.33164556962
15826 0.33417721519
15936 0.336708860759
15972 0.339240506329
16051 0.341772151899
16102 0.344303797468
16152 0.349367088608
16152 0.349367088608
16195 0.351898734177
16370 0.354430379747
16405 0.356962025316
16534 0.359493670886
16676 0.362025316456
16686 0.364556962025
16826 0.367088607595
16947 0.369620253165
16988 0.372151898734
17065 0.374683544304
17117 0.377215189873
17150 0.379746835443
17355 0.382278481013
17517 0.384810126582
17601 0.387341772152
17624 0.389873417722
17880 0.392405063291
17986 0.394936708861
18043 0.39746835443
18298 0.4
18361 0.40253164557
18368 0.405063291139
18522 0.407594936709
18548 0.410126582278
18550 0.412658227848
18618 0.415189873418
18688 0.417721518987
18709 0.420253164557
19041 0.422784810127
19118 0.425316455696
19145 0.427848101266
19214 0.430379746835
19274 0.432911392405
19304 0.435443037975
19518 0.437974683544
19527 0.440506329114
19602 0.443037974684
19727 0.445569620253
19842 0.448101265823
20085 0.450632911392
20180 0.453164556962
20327 0.455696202532
20405 0.458227848101
20465 0.460759493671
20515 0.463291139241
20528 0.46582278481
20529 0.46835443038
20821 0.470886075949
20858 0.473417721519
21204 0.475949367089
21226 0.478481012658
21487 0.481012658228
21542 0.483544303797
21584 0.486075949367
21752 0.488607594937
21841 0.491139240506
21996 0.493670886076
22078 0.496202531646
22088 0.498734177215
22201 0.501265822785
22258 0.503797468354
22635 0.506329113924
22917 0.508860759494
22974 0.511392405063
22997 0.513924050633
23169 0.516455696203
23195 0.518987341772
23203 0.521518987342
23343 0.524050632911
23457 0.526582278481
23504 0.529113924051
23510 0.53164556962
23632 0.53417721519
23906 0.536708860759
24111 0.539240506329
24146 0.541772151899
24212 0.544303797468
24268 0.546835443038
24451 0.549367088608
24515 0.551898734177
24913 0.554430379747
24950 0.556962025316
25122 0.559493670886
25240 0.562025316456
25308 0.564556962025
25384 0.567088607595
25519 0.569620253165
25607 0.572151898734
25888 0.574683544304
26171 0.577215189873
26350 0.579746835443
26472 0.582278481013
26612 0.584810126582
26735 0.587341772152
26740 0.589873417722
26856 0.592405063291
26881 0.594936708861
26957 0.59746835443
27430 0.6
27898 0.60253164557
27993 0.605063291139
28068 0.607594936709
28132 0.610126582278
28446 0.612658227848
28533 0.615189873418
28647 0.617721518987
28741 0.620253164557
28889 0.622784810127
28932 0.625316455696
29194 0.627848101266
29602 0.630379746835
29705 0.632911392405
29804 0.635443037975
29898 0.637974683544
29993 0.640506329114
30031 0.643037974684
30075 0.645569620253
30094 0.648101265823
30108 0.650632911392
30294 0.653164556962
30395 0.655696202532
30769 0.658227848101
30826 0.660759493671
30971 0.663291139241
31664 0.66582278481
32219 0.66835443038
32381 0.670886075949
32549 0.673417721519
32670 0.675949367089
33126 0.678481012658
33261 0.681012658228
33342 0.683544303797
33424 0.686075949367
33439 0.688607594937
33688 0.691139240506
33796 0.693670886076
33816 0.696202531646
33835 0.698734177215
34051 0.701265822785
34361 0.703797468354
34388 0.706329113924
34455 0.708860759494
34581 0.711392405063
34921 0.713924050633
34989 0.716455696203
35020 0.718987341772
35249 0.721518987342
35471 0.724050632911
35515 0.726582278481
35581 0.729113924051
36149 0.73164556962
36156 0.73417721519
36169 0.736708860759
36480 0.739240506329
36723 0.741772151899
36925 0.744303797468
37030 0.746835443038
37061 0.749367088608
37272 0.751898734177
37949 0.754430379747
38192 0.756962025316
38310 0.759493670886
38348 0.762025316456
38558 0.764556962025
38778 0.767088607595
39256 0.769620253165
39794 0.772151898734
39874 0.774683544304
40019 0.777215189873
40122 0.779746835443
40129 0.782278481013
40268 0.784810126582
40320 0.787341772152
40368 0.789873417722
40880 0.792405063291
40890 0.794936708861
41319 0.79746835443
41783 0.8
42184 0.80253164557
42218 0.805063291139
42433 0.807594936709
42555 0.810126582278
42918 0.812658227848
42995 0.815189873418
43047 0.817721518987
43398 0.820253164557
43603 0.822784810127
43962 0.825316455696
43995 0.827848101266
44493 0.830379746835
44591 0.832911392405
44873 0.835443037975
44958 0.837974683544
44985 0.840506329114
45192 0.843037974684
45356 0.845569620253
45438 0.848101265823
46456 0.850632911392
47146 0.853164556962
47371 0.855696202532
47532 0.858227848101
48549 0.860759493671
49006 0.863291139241
50081 0.86582278481
50440 0.86835443038
50597 0.870886075949
52088 0.873417721519
53005 0.875949367089
54299 0.878481012658
54525 0.881012658228
56755 0.883544303797
57082 0.886075949367
58740 0.888607594937
59362 0.891139240506
59826 0.893670886076
60525 0.896202531646
60656 0.898734177215
60925 0.901265822785
61406 0.903797468354
61442 0.906329113924
61665 0.908860759494
61790 0.911392405063
63277 0.913924050633
67466 0.916455696203
70576 0.918987341772
70906 0.921518987342
74032 0.924050632911
75675 0.926582278481
76198 0.929113924051
77646 0.93164556962
77924 0.93417721519
77987 0.936708860759
78979 0.939240506329
80449 0.941772151899
90125 0.944303797468
94199 0.946835443038
94695 0.949367088608
96497 0.951898734177
97928 0.954430379747
97988 0.956962025316
101414 0.959493670886
104817 0.962025316456
105599 0.964556962025
106418 0.967088607595
108697 0.969620253165
108873 0.972151898734
113292 0.974683544304
116509 0.977215189873
120712 0.979746835443
123263 0.982278481013
126443 0.984810126582
130924 0.987341772152
132967 0.989873417722
157775 0.992405063291
163989 0.994936708861
226896 0.99746835443
233649 1.0
