743 0.00228310502283
962 0.00456621004566
1467 0.00684931506849
1501 0.00913242009132
1512 0.0114155251142
1729 0.013698630137
1884 0.0159817351598
1958 0.0182648401826
2343 0.0205479452055
2499 0.0228310502283
2673 0.0251141552511
2735 0.027397260274
3052 0.0296803652968
3104 0.0319634703196
3176 0.0342465753425
3377 0.0365296803653
3526 0.0388127853881
3530 0.041095890411
3864 0.0433789954338
3958 0.0456621004566
4004 0.0479452054795
4017 0.0502283105023
4044 0.0525114155251
4142 0.0547945205479
4171 0.0570776255708
4179 0.0593607305936
4239 0.0616438356164
4421 0.0639269406393
4737 0.0662100456621
4917 0.0684931506849
4993 0.0707762557078
5159 0.0730593607306
5197 0.0753424657534
5266 0.0776255707763
5294 0.0799086757991
5309 0.0821917808219
5312 0.0844748858447
5458 0.0867579908676
5469 0.0890410958904
5808 0.0913242009132
5843 0.0936073059361
6063 0.0958904109589
6108 0.0981735159817
6209 0.100456621005
6273 0.102739726027
6346 0.10502283105
6559 0.107305936073
6566 0.109589041096
6599 0.111872146119
6647 0.114155251142
6886 0.116438356164
6970 0.118721461187
7007 0.12100456621
7073 0.123287671233
7075 0.125570776256
7100 0.127853881279
7131 0.130136986301
7168 0.132420091324
7319 0.134703196347
7359 0.13698630137
7397 0.139269406393
7538 0.141552511416
7578 0.143835616438
7623 0.146118721461
7637 0.148401826484
7742 0.150684931507
7953 0.15296803653
8006 0.155251141553
8133 0.157534246575
8136 0.159817351598
8174 0.162100456621
8374 0.164383561644
8381 0.166666666667
8442 0.168949771689
8471 0.171232876712
8484 0.173515981735
8520 0.175799086758
8548 0.178082191781
8596 0.180365296804
8597 0.182648401826
8608 0.184931506849
8624 0.187214611872
8762 0.189497716895
9060 0.191780821918
9095 0.194063926941
9109 0.196347031963
9213 0.198630136986
9256 0.200913242009
9407 0.203196347032
9443 0.205479452055
9527 0.207762557078
9681 0.2100456621
9783 0.212328767123
9878 0.214611872146
9970 0.216894977169
10049 0.219178082192
10295 0.221461187215
10365 0.223744292237
10416 0.22602739726
10482 0.228310502283
10504 0.230593607306
10518 0.232876712329
10563 0.235159817352
10712 0.237442922374
10783 0.239726027397
10876 0.24200913242
10954 0.244292237443
11022 0.246575342466
11073 0.248858447489
11219 0.251141552511
11266 0.253424657534
11375 0.255707762557
11394 0.25799086758
11431 0.260273972603
11545 0.264840182648
11545 0.264840182648
11573 0.267123287671
11589 0.269406392694
11755 0.271689497717
11760 0.27397260274
11763 0.276255707763
11775 0.278538812785
12011 0.280821917808
12027 0.283105022831
12056 0.285388127854
12121 0.287671232877
12157 0.2899543379
12161 0.292237442922
12192 0.294520547945
12241 0.296803652968
12277 0.299086757991
12324 0.301369863014
12446 0.303652968037
12545 0.305936073059
12662 0.308219178082
12770 0.310502283105
12784 0.312785388128
12831 0.315068493151
12989 0.317351598174
13036 0.319634703196
13066 0.321917808219
13170 0.324200913242
13182 0.326484018265
13189 0.328767123288
13211 0.331050228311
13228 0.333333333333
13511 0.335616438356
13560 0.337899543379
13661 0.340182648402
13769 0.342465753425
13781 0.344748858447
13863 0.34703196347
13907 0.349315068493
13950 0.351598173516
13987 0.353881278539
14045 0.356164383562
14071 0.358447488584
14177 0.360730593607
14199 0.36301369863
14234 0.365296803653
14294 0.367579908676
14303 0.369863013699
14354 0.372146118721
14507 0.374429223744
14640 0.376712328767
14678 0.37899543379
14776 0.381278538813
14793 0.383561643836
14913 0.385844748858
15321 0.388127853881
15388 0.390410958904
15405 0.392694063927
15460 0.39497716895
15578 0.397260273973
15764 0.399543378995
15774 0.401826484018
15903 0.404109589041
15979 0.406392694064
15999 0.408675799087
16038 0.41095890411
16206 0.413242009132
16316 0.415525114155
16324 0.417808219178
16372 0.420091324201
16394 0.422374429224
16415 0.424657534247
16596 0.426940639269
16791 0.429223744292
16814 0.431506849315
16862 0.433789954338
17091 0.436073059361
17113 0.438356164384
17149 0.440639269406
17290 0.442922374429
17330 0.445205479452
17361 0.447488584475
17401 0.449771689498
17423 0.452054794521
17480 0.454337899543
17520 0.456621004566
17718 0.458904109589
17732 0.461187214612
18113 0.463470319635
18268 0.465753424658
18316 0.46803652968
18463 0.470319634703
18518 0.472602739726
18576 0.474885844749
18646 0.477168949772
18653 0.479452054795
18659 0.481735159817
18686 0.48401826484
18906 0.486301369863
18933 0.488584474886
19062 0.490867579909
19129 0.493150684932
19137 0.495433789954
19208 0.497716894977
19237 0.5
19346 0.502283105023
19556 0.504566210046
19585 0.506849315068
19591 0.509132420091
19713 0.511415525114
19875 0.513698630137
19889 0.51598173516
20211 0.518264840183
20375 0.520547945205
20420 0.522831050228
20524 0.525114155251
20603 0.527397260274
20748 0.529680365297
20769 0.53196347032
20822 0.534246575342
20872 0.536529680365
20989 0.538812785388
21033 0.541095890411
21072 0.543378995434
21078 0.545662100457
21115 0.547945205479
21154 0.550228310502
21195 0.552511415525
21199 0.554794520548
21220 0.557077625571
21410 0.559360730594
21551 0.561643835616
21567 0.563926940639
21649 0.566210045662
21699 0.568493150685
21732 0.570776255708
21768 0.573059360731
21867 0.575342465753
21871 0.577625570776
21952 0.579908675799
22011 0.582191780822
22063 0.584474885845
22090 0.586757990868
22399 0.58904109589
22411 0.591324200913
22477 0.593607305936
22907 0.595890410959
22937 0.598173515982
22991 0.600456621005
23084 0.602739726027
23239 0.60502283105
23248 0.607305936073
23319 0.609589041096
23349 0.611872146119
23499 0.614155251142
23605 0.616438356164
23640 0.618721461187
23654 0.62100456621
23661 0.623287671233
23711 0.625570776256
23725 0.627853881279
23728 0.630136986301
23870 0.632420091324
23881 0.634703196347
24284 0.63698630137
24354 0.639269406393
24371 0.641552511416
24555 0.643835616438
24650 0.646118721461
24686 0.648401826484
24757 0.650684931507
24989 0.65296803653
25138 0.655251141553
25176 0.657534246575
25299 0.659817351598
25300 0.662100456621
25310 0.664383561644
25328 0.666666666667
25356 0.668949771689
25490 0.671232876712
25518 0.673515981735
25581 0.675799086758
25598 0.678082191781
25781 0.680365296804
25861 0.682648401826
25893 0.684931506849
26047 0.687214611872
26131 0.689497716895
26200 0.691780821918
26209 0.694063926941
26239 0.696347031963
26472 0.698630136986
26628 0.700913242009
26647 0.703196347032
26692 0.705479452055
26781 0.707762557078
26783 0.7100456621
26831 0.712328767123
27041 0.714611872146
27109 0.716894977169
27282 0.719178082192
27333 0.721461187215
27349 0.723744292237
27370 0.72602739726
27492 0.728310502283
27600 0.730593607306
27686 0.732876712329
27725 0.735159817352
27816 0.737442922374
27886 0.739726027397
27942 0.74200913242
27943 0.744292237443
28100 0.746575342466
28106 0.748858447489
28325 0.751141552511
28436 0.753424657534
28686 0.755707762557
28753 0.75799086758
28784 0.760273972603
28825 0.762557077626
29129 0.764840182648
29162 0.767123287671
29174 0.769406392694
29472 0.771689497717
29492 0.77397260274
29783 0.776255707763
29789 0.778538812785
29826 0.780821917808
30173 0.783105022831
30423 0.785388127854
30444 0.787671232877
30513 0.7899543379
30536 0.792237442922
30727 0.794520547945
30757 0.796803652968
30783 0.799086757991
30855 0.801369863014
31595 0.803652968037
31616 0.805936073059
31746 0.808219178082
31868 0.810502283105
32303 0.812785388128
32326 0.815068493151
32580 0.817351598174
32976 0.819634703196
33192 0.821917808219
33251 0.824200913242
33923 0.826484018265
34245 0.828767123288
34292 0.831050228311
34621 0.833333333333
34723 0.835616438356
34851 0.837899543379
35170 0.840182648402
35530 0.842465753425
36090 0.844748858447
36199 0.84703196347
36535 0.849315068493
36543 0.851598173516
36750 0.853881278539
36803 0.856164383562
36849 0.858447488584
37502 0.860730593607
37527 0.86301369863
38303 0.865296803653
38720 0.867579908676
38785 0.869863013699
39262 0.872146118721
39350 0.874429223744
39544 0.876712328767
39906 0.87899543379
40092 0.881278538813
40940 0.883561643836
40982 0.885844748858
41095 0.888127853881
41160 0.890410958904
41307 0.892694063927
42188 0.89497716895
42334 0.897260273973
42741 0.899543378995
43002 0.901826484018
43666 0.904109589041
43918 0.906392694064
44402 0.908675799087
44834 0.91095890411
45483 0.913242009132
45633 0.915525114155
45925 0.917808219178
47694 0.920091324201
47873 0.922374429224
48258 0.924657534247
49076 0.926940639269
49442 0.929223744292
50841 0.931506849315
51473 0.933789954338
53538 0.936073059361
57037 0.938356164384
59021 0.940639269406
59024 0.942922374429
59933 0.945205479452
63131 0.947488584475
63731 0.949771689498
65563 0.952054794521
66299 0.954337899543
66438 0.956621004566
66971 0.958904109589
67058 0.961187214612
67295 0.963470319635
69006 0.965753424658
73400 0.96803652968
73669 0.970319634703
73672 0.972602739726
74428 0.974885844749
75399 0.977168949772
77193 0.979452054795
83198 0.981735159817
84580 0.98401826484
86245 0.986301369863
86611 0.988584474886
93140 0.990867579909
97267 0.993150684932
97953 0.995433789954
104895 0.997716894977
137018 1.0
