30 0.0020202020202
389 0.0040404040404
439 0.00606060606061
577 0.00808080808081
677 0.010101010101
683 0.0121212121212
727 0.0141414141414
738 0.0161616161616
858 0.0181818181818
1017 0.020202020202
1083 0.0222222222222
1093 0.0242424242424
1095 0.0262626262626
1097 0.0282828282828
1158 0.030303030303
1193 0.0343434343434
1193 0.0343434343434
1199 0.0363636363636
1204 0.0383838383838
1233 0.040404040404
1284 0.0424242424242
1301 0.0444444444444
1458 0.0464646464646
1470 0.0505050505051
1470 0.0505050505051
1492 0.0525252525253
1498 0.0545454545455
1540 0.0565656565657
1543 0.0585858585859
1549 0.0606060606061
1552 0.0626262626263
1595 0.0646464646465
1609 0.0666666666667
1632 0.0686868686869
1635 0.0707070707071
1656 0.0727272727273
1661 0.0747474747475
1687 0.0767676767677
1711 0.0787878787879
1743 0.0808080808081
1806 0.0828282828283
1812 0.0868686868687
1812 0.0868686868687
1821 0.0888888888889
1826 0.0909090909091
1849 0.0929292929293
1889 0.0949494949495
1921 0.0969696969697
1922 0.0989898989899
1936 0.10101010101
1961 0.10303030303
1975 0.105050505051
2012 0.107070707071
2064 0.109090909091
2070 0.111111111111
2084 0.113131313131
2090 0.115151515152
2118 0.117171717172
2121 0.119191919192
2122 0.121212121212
2144 0.123232323232
2148 0.125252525253
2155 0.127272727273
2184 0.129292929293
2186 0.131313131313
2190 0.133333333333
2224 0.135353535354
2225 0.137373737374
2236 0.139393939394
2240 0.141414141414
2248 0.143434343434
2252 0.145454545455
2257 0.147474747475
2263 0.149494949495
2270 0.151515151515
2291 0.153535353535
2293 0.155555555556
2315 0.157575757576
2330 0.159595959596
2335 0.161616161616
2355 0.163636363636
2419 0.165656565657
2420 0.167676767677
2425 0.169696969697
2432 0.173737373737
2432 0.173737373737
2446 0.175757575758
2453 0.177777777778
2466 0.179797979798
2474 0.183838383838
2474 0.183838383838
2488 0.185858585859
2511 0.187878787879
2513 0.189898989899
2515 0.191919191919
2516 0.193939393939
2519 0.19595959596
2528 0.19797979798
2534 0.2
2571 0.20202020202
2580 0.20404040404
2603 0.206060606061
2613 0.208080808081
2618 0.210101010101
2622 0.212121212121
2635 0.214141414141
2644 0.216161616162
2645 0.218181818182
2656 0.220202020202
2672 0.222222222222
2676 0.224242424242
2695 0.226262626263
2701 0.228282828283
2709 0.230303030303
2725 0.232323232323
2733 0.234343434343
2750 0.236363636364
2769 0.238383838384
2775 0.240404040404
2780 0.242424242424
2783 0.244444444444
2793 0.246464646465
2795 0.248484848485
2799 0.250505050505
2801 0.252525252525
2806 0.254545454545
2818 0.256565656566
2824 0.258585858586
2826 0.260606060606
2836 0.262626262626
2842 0.264646464646
2844 0.266666666667
2858 0.268686868687
2859 0.270707070707
2875 0.272727272727
2880 0.274747474747
2893 0.276767676768
2911 0.278787878788
2919 0.280808080808
2922 0.284848484848
2922 0.284848484848
2937 0.286868686869
2944 0.288888888889
2964 0.290909090909
2970 0.292929292929
2972 0.294949494949
2982 0.29696969697
3003 0.29898989899
3029 0.30101010101
3049 0.30303030303
3059 0.305050505051
3062 0.309090909091
3062 0.309090909091
3076 0.311111111111
3082 0.315151515152
3082 0.315151515152
3100 0.317171717172
3103 0.319191919192
3105 0.321212121212
3135 0.323232323232
3137 0.325252525253
3144 0.327272727273
3156 0.329292929293
3182 0.331313131313
3184 0.333333333333
3185 0.335353535354
3200 0.337373737374
3204 0.339393939394
3207 0.341414141414
3212 0.343434343434
3236 0.345454545455
3267 0.347474747475
3288 0.349494949495
3292 0.351515151515
3293 0.353535353535
3301 0.355555555556
3309 0.357575757576
3315 0.361616161616
3315 0.361616161616
3331 0.363636363636
3353 0.365656565657
3354 0.367676767677
3365 0.369696969697
3383 0.371717171717
3388 0.373737373737
3392 0.375757575758
3406 0.379797979798
3406 0.379797979798
3410 0.381818181818
3418 0.383838383838
3427 0.385858585859
3432 0.387878787879
3433 0.389898989899
3452 0.391919191919
3476 0.393939393939
3482 0.39595959596
3498 0.39797979798
3515 0.4
3518 0.40202020202
3520 0.40404040404
3548 0.406060606061
3559 0.408080808081
3572 0.410101010101
3606 0.412121212121
3610 0.414141414141
3627 0.416161616162
3647 0.418181818182
3654 0.422222222222
3654 0.422222222222
3656 0.424242424242
3676 0.426262626263
3702 0.428282828283
3717 0.430303030303
3764 0.432323232323
3782 0.434343434343
3786 0.436363636364
3798 0.438383838384
3807 0.440404040404
3828 0.442424242424
3829 0.444444444444
3834 0.446464646465
3862 0.448484848485
3882 0.450505050505
3909 0.452525252525
3915 0.454545454545
3916 0.456565656566
3918 0.458585858586
3920 0.460606060606
3925 0.462626262626
3931 0.464646464646
3935 0.466666666667
3936 0.468686868687
3946 0.470707070707
3968 0.472727272727
3969 0.474747474747
4020 0.476767676768
4028 0.478787878788
4040 0.480808080808
4041 0.482828282828
4056 0.484848484848
4061 0.486868686869
4070 0.488888888889
4074 0.490909090909
4076 0.494949494949
4076 0.494949494949
4078 0.49898989899
4078 0.49898989899
4082 0.50101010101
4097 0.50303030303
4105 0.505050505051
4118 0.507070707071
4121 0.509090909091
4130 0.511111111111
4138 0.515151515152
4138 0.515151515152
4147 0.517171717172
4225 0.519191919192
4232 0.521212121212
4234 0.523232323232
4246 0.525252525253
4310 0.527272727273
4325 0.529292929293
4335 0.531313131313
4339 0.533333333333
4341 0.535353535354
4358 0.537373737374
4373 0.541414141414
4373 0.541414141414
4375 0.543434343434
4377 0.545454545455
4379 0.547474747475
4383 0.549494949495
4391 0.551515151515
4431 0.553535353535
4460 0.555555555556
4475 0.557575757576
4479 0.559595959596
4494 0.561616161616
4508 0.563636363636
4624 0.565656565657
4646 0.567676767677
4668 0.569696969697
4676 0.571717171717
4688 0.573737373737
4698 0.575757575758
4701 0.579797979798
4701 0.579797979798
4707 0.581818181818
4738 0.583838383838
4750 0.585858585859
4784 0.587878787879
4791 0.589898989899
4802 0.593939393939
4802 0.593939393939
4806 0.59595959596
4815 0.59797979798
4823 0.6
4824 0.60202020202
4833 0.608080808081
4833 0.608080808081
4833 0.608080808081
4840 0.612121212121
4840 0.612121212121
4861 0.614141414141
4885 0.618181818182
4885 0.618181818182
4888 0.620202020202
4913 0.622222222222
4917 0.626262626263
4917 0.626262626263
4939 0.628282828283
4957 0.630303030303
4966 0.632323232323
4967 0.634343434343
4996 0.636363636364
5000 0.638383838384
5007 0.640404040404
5028 0.642424242424
5080 0.644444444444
5089 0.646464646465
5116 0.648484848485
5120 0.650505050505
5121 0.652525252525
5127 0.654545454545
5143 0.656565656566
5148 0.658585858586
5164 0.660606060606
5167 0.662626262626
5176 0.664646464646
5191 0.666666666667
5194 0.668686868687
5218 0.670707070707
5241 0.672727272727
5248 0.674747474747
5272 0.676767676768
5273 0.678787878788
5275 0.680808080808
5300 0.682828282828
5309 0.684848484848
5340 0.686868686869
5348 0.688888888889
5367 0.690909090909
5370 0.692929292929
5391 0.694949494949
5401 0.69696969697
5428 0.69898989899
5441 0.70101010101
5456 0.70303030303
5481 0.705050505051
5489 0.707070707071
5507 0.709090909091
5519 0.711111111111
5520 0.713131313131
5565 0.715151515152
5570 0.717171717172
5572 0.719191919192
5593 0.721212121212
5595 0.723232323232
5615 0.725252525253
5644 0.727272727273
5689 0.729292929293
5709 0.731313131313
5713 0.733333333333
5732 0.735353535354
5735 0.737373737374
5739 0.739393939394
5764 0.741414141414
5779 0.743434343434
5783 0.745454545455
5804 0.747474747475
5834 0.749494949495
5910 0.751515151515
5914 0.753535353535
5925 0.755555555556
5949 0.757575757576
5955 0.759595959596
5960 0.761616161616
5970 0.763636363636
5993 0.765656565657
6009 0.771717171717
6009 0.771717171717
6009 0.771717171717
6047 0.773737373737
6053 0.775757575758
6078 0.777777777778
6095 0.779797979798
6123 0.781818181818
6144 0.783838383838
6166 0.785858585859
6223 0.787878787879
6239 0.789898989899
6263 0.791919191919
6305 0.793939393939
6307 0.79595959596
6334 0.79797979798
6343 0.8
6353 0.80202020202
6511 0.80404040404
6513 0.806060606061
6563 0.808080808081
6564 0.810101010101
6629 0.812121212121
6631 0.814141414141
6648 0.816161616162
6657 0.818181818182
6675 0.820202020202
6690 0.822222222222
6735 0.824242424242
6789 0.826262626263
6810 0.828282828283
6884 0.830303030303
6941 0.832323232323
6986 0.834343434343
7028 0.836363636364
7046 0.838383838384
7067 0.840404040404
7100 0.842424242424
7214 0.844444444444
7292 0.846464646465
7322 0.848484848485
7361 0.850505050505
7389 0.852525252525
7404 0.854545454545
7412 0.856565656566
7547 0.858585858586
7552 0.860606060606
7599 0.862626262626
7622 0.864646464646
7627 0.866666666667
7682 0.868686868687
7689 0.870707070707
7727 0.872727272727
7746 0.874747474747
7758 0.876767676768
7763 0.878787878788
7776 0.880808080808
7871 0.882828282828
7884 0.884848484848
7936 0.886868686869
8045 0.888888888889
8176 0.890909090909
8179 0.892929292929
8189 0.894949494949
8267 0.89696969697
8319 0.89898989899
8321 0.90101010101
8465 0.90303030303
8601 0.905050505051
8630 0.907070707071
8785 0.909090909091
8850 0.911111111111
8942 0.913131313131
8957 0.915151515152
8972 0.917171717172
9049 0.919191919192
9059 0.921212121212
9067 0.923232323232
9155 0.925252525253
9285 0.927272727273
9329 0.929292929293
9332 0.931313131313
9479 0.933333333333
9520 0.935353535354
9958 0.937373737374
10319 0.939393939394
10514 0.941414141414
10547 0.943434343434
10553 0.945454545455
10564 0.947474747475
10716 0.949494949495
10922 0.951515151515
11172 0.953535353535
11235 0.955555555556
11349 0.957575757576
11373 0.959595959596
11679 0.961616161616
11739 0.963636363636
11846 0.965656565657
12505 0.967676767677
12788 0.969696969697
12963 0.971717171717
13031 0.973737373737
13106 0.975757575758
13299 0.977777777778
13495 0.979797979798
13697 0.981818181818
13870 0.983838383838
14097 0.985858585859
14875 0.987878787879
15380 0.989898989899
16944 0.991919191919
17656 0.993939393939
19231 0.99595959596
21237 0.99797979798
33705 1.0
