894 0.00467289719626
1186 0.00934579439252
1250 0.0140186915888
1463 0.018691588785
1766 0.0233644859813
2005 0.0280373831776
2295 0.0327102803738
2301 0.0373831775701
2340 0.0420560747664
2649 0.0467289719626
2786 0.0514018691589
2802 0.0560747663551
2842 0.0607476635514
2892 0.0654205607477
2914 0.0700934579439
2917 0.0747663551402
2929 0.0794392523364
2989 0.0841121495327
3026 0.088785046729
3151 0.0934579439252
3216 0.0981308411215
3265 0.102803738318
3286 0.107476635514
3523 0.11214953271
3560 0.116822429907
3802 0.126168224299
3802 0.126168224299
3866 0.130841121495
3867 0.135514018692
3996 0.140186915888
4078 0.144859813084
4135 0.14953271028
4219 0.154205607477
4269 0.158878504673
4293 0.163551401869
4355 0.168224299065
4374 0.172897196262
4481 0.177570093458
4577 0.182242990654
4608 0.18691588785
4672 0.191588785047
4795 0.196261682243
4855 0.200934579439
4932 0.205607476636
4968 0.210280373832
4992 0.214953271028
5030 0.219626168224
5080 0.224299065421
5088 0.228971962617
5107 0.233644859813
5178 0.238317757009
5309 0.242990654206
5337 0.247663551402
5376 0.252336448598
5427 0.257009345794
5551 0.261682242991
5629 0.266355140187
5661 0.271028037383
5671 0.275700934579
5778 0.280373831776
5803 0.285046728972
5845 0.289719626168
5847 0.294392523364
5849 0.299065420561
5888 0.303738317757
5902 0.308411214953
5908 0.31308411215
5948 0.317757009346
5979 0.322429906542
6027 0.327102803738
6040 0.331775700935
6055 0.336448598131
6071 0.341121495327
6103 0.345794392523
6154 0.35046728972
6214 0.355140186916
6268 0.359813084112
6284 0.364485981308
6325 0.369158878505
6334 0.373831775701
6370 0.378504672897
6373 0.383177570093
6433 0.38785046729
6484 0.392523364486
6524 0.397196261682
6540 0.401869158879
6650 0.406542056075
6687 0.411214953271
6698 0.415887850467
6717 0.420560747664
6749 0.429906542056
6749 0.429906542056
6755 0.434579439252
6800 0.439252336449
6838 0.443925233645
6887 0.448598130841
6956 0.453271028037
7005 0.457943925234
7084 0.46261682243
7215 0.467289719626
7350 0.471962616822
7383 0.476635514019
7411 0.481308411215
7430 0.485981308411
7437 0.490654205607
7584 0.495327102804
7636 0.5
7808 0.504672897196
7897 0.509345794393
7910 0.514018691589
7923 0.518691588785
8069 0.523364485981
8113 0.528037383178
8228 0.532710280374
8325 0.53738317757
8373 0.542056074766
8400 0.546728971963
8429 0.551401869159
8460 0.556074766355
8472 0.560747663551
8498 0.565420560748
8551 0.570093457944
8640 0.57476635514
8669 0.579439252336
8773 0.584112149533
8788 0.588785046729
8821 0.593457943925
8882 0.598130841121
8933 0.602803738318
9228 0.607476635514
9258 0.61214953271
9336 0.616822429907
9420 0.621495327103
9449 0.626168224299
9474 0.630841121495
9547 0.635514018692
9551 0.640186915888
9674 0.644859813084
9751 0.64953271028
9861 0.654205607477
9991 0.658878504673
10009 0.663551401869
10225 0.668224299065
10278 0.672897196262
10315 0.677570093458
10369 0.682242990654
10480 0.68691588785
10656 0.691588785047
10688 0.696261682243
10694 0.700934579439
10721 0.705607476636
10895 0.710280373832
11042 0.714953271028
11129 0.719626168224
11216 0.724299065421
11222 0.728971962617
11231 0.733644859813
11278 0.738317757009
11299 0.742990654206
11388 0.747663551402
11408 0.752336448598
11521 0.757009345794
11648 0.761682242991
11715 0.766355140187
11900 0.771028037383
11928 0.775700934579
11956 0.780373831776
11965 0.785046728972
11974 0.789719626168
12313 0.794392523364
12408 0.799065420561
12614 0.803738317757
12725 0.808411214953
12817 0.81308411215
12865 0.817757009346
12879 0.822429906542
13161 0.827102803738
13379 0.831775700935
13646 0.836448598131
13676 0.841121495327
13875 0.845794392523
14051 0.85046728972
14210 0.855140186916
14276 0.859813084112
14512 0.864485981308
14761 0.869158878505
14848 0.873831775701
14990 0.878504672897
15258 0.883177570093
15604 0.88785046729
15633 0.892523364486
16114 0.897196261682
16239 0.901869158879
16354 0.906542056075
16396 0.911214953271
17133 0.915887850467
17597 0.920560747664
17808 0.92523364486
18241 0.929906542056
19889 0.934579439252
20516 0.939252336449
20728 0.943925233645
20880 0.948598130841
21960 0.953271028037
21971 0.957943925234
22025 0.96261682243
22724 0.967289719626
26222 0.971962616822
26814 0.976635514019
28130 0.981308411215
28178 0.985981308411
29380 0.990654205607
34808 0.995327102804
42288 1.0
