27 0.0020202020202
533 0.0040404040404
673 0.00606060606061
702 0.00808080808081
876 0.010101010101
1011 0.0121212121212
1025 0.0141414141414
1138 0.0161616161616
1327 0.0181818181818
1338 0.020202020202
1536 0.0222222222222
1553 0.0242424242424
1572 0.0262626262626
1580 0.0282828282828
1621 0.030303030303
1645 0.0323232323232
1651 0.0343434343434
1659 0.0363636363636
1672 0.0383838383838
1680 0.040404040404
1685 0.0424242424242
1741 0.0444444444444
1746 0.0464646464646
1803 0.0484848484848
1814 0.0505050505051
1927 0.0525252525253
1971 0.0545454545455
1972 0.0565656565657
1996 0.0585858585859
2015 0.0606060606061
2053 0.0626262626263
2074 0.0646464646465
2158 0.0666666666667
2173 0.0686868686869
2196 0.0707070707071
2198 0.0727272727273
2209 0.0747474747475
2227 0.0767676767677
2242 0.0787878787879
2244 0.0808080808081
2308 0.0828282828283
2371 0.0848484848485
2449 0.0868686868687
2464 0.0888888888889
2471 0.0909090909091
2473 0.0929292929293
2476 0.0949494949495
2579 0.0969696969697
2597 0.0989898989899
2612 0.10101010101
2613 0.10303030303
2618 0.105050505051
2635 0.107070707071
2638 0.109090909091
2646 0.111111111111
2652 0.113131313131
2678 0.115151515152
2701 0.117171717172
2712 0.119191919192
2718 0.123232323232
2718 0.123232323232
2770 0.125252525253
2795 0.127272727273
2800 0.129292929293
2804 0.131313131313
2817 0.133333333333
2820 0.135353535354
2853 0.137373737374
2859 0.139393939394
2867 0.141414141414
2868 0.143434343434
2875 0.145454545455
2878 0.147474747475
2888 0.149494949495
2902 0.151515151515
2905 0.153535353535
2919 0.155555555556
2928 0.157575757576
2955 0.159595959596
2965 0.161616161616
2974 0.163636363636
2979 0.165656565657
2982 0.167676767677
2994 0.169696969697
2996 0.171717171717
3002 0.175757575758
3002 0.175757575758
3018 0.177777777778
3022 0.179797979798
3038 0.183838383838
3038 0.183838383838
3050 0.185858585859
3051 0.187878787879
3061 0.189898989899
3065 0.191919191919
3079 0.19595959596
3079 0.19595959596
3080 0.19797979798
3087 0.2
3089 0.20202020202
3093 0.20404040404
3094 0.206060606061
3106 0.208080808081
3122 0.210101010101
3127 0.212121212121
3128 0.216161616162
3128 0.216161616162
3149 0.218181818182
3150 0.220202020202
3158 0.222222222222
3171 0.224242424242
3185 0.226262626263
3201 0.228282828283
3205 0.230303030303
3222 0.232323232323
3247 0.234343434343
3248 0.236363636364
3259 0.238383838384
3267 0.240404040404
3278 0.242424242424
3300 0.244444444444
3302 0.246464646465
3312 0.248484848485
3341 0.250505050505
3342 0.252525252525
3361 0.254545454545
3392 0.256565656566
3410 0.258585858586
3429 0.260606060606
3430 0.262626262626
3433 0.264646464646
3435 0.266666666667
3441 0.268686868687
3450 0.270707070707
3460 0.272727272727
3483 0.274747474747
3492 0.276767676768
3495 0.280808080808
3495 0.280808080808
3532 0.282828282828
3553 0.284848484848
3559 0.286868686869
3572 0.288888888889
3578 0.290909090909
3584 0.292929292929
3587 0.29696969697
3587 0.29696969697
3594 0.29898989899
3612 0.30101010101
3613 0.30303030303
3639 0.305050505051
3642 0.307070707071
3647 0.309090909091
3669 0.311111111111
3693 0.313131313131
3697 0.315151515152
3742 0.317171717172
3749 0.319191919192
3760 0.321212121212
3769 0.323232323232
3800 0.325252525253
3803 0.327272727273
3806 0.329292929293
3829 0.331313131313
3847 0.333333333333
3862 0.337373737374
3862 0.337373737374
3869 0.339393939394
3899 0.341414141414
3901 0.343434343434
3910 0.345454545455
3922 0.347474747475
3926 0.349494949495
3929 0.351515151515
3937 0.353535353535
3947 0.355555555556
3963 0.357575757576
3967 0.359595959596
3973 0.361616161616
3982 0.363636363636
3985 0.365656565657
4005 0.367676767677
4017 0.369696969697
4034 0.371717171717
4044 0.373737373737
4049 0.375757575758
4061 0.377777777778
4075 0.379797979798
4082 0.381818181818
4114 0.383838383838
4119 0.387878787879
4119 0.387878787879
4131 0.389898989899
4142 0.391919191919
4154 0.393939393939
4157 0.39595959596
4167 0.39797979798
4171 0.4
4187 0.40202020202
4197 0.40404040404
4200 0.406060606061
4208 0.408080808081
4213 0.410101010101
4216 0.412121212121
4220 0.414141414141
4226 0.416161616162
4229 0.418181818182
4240 0.420202020202
4250 0.422222222222
4274 0.424242424242
4280 0.426262626263
4291 0.428282828283
4306 0.430303030303
4310 0.432323232323
4318 0.434343434343
4331 0.436363636364
4332 0.438383838384
4333 0.440404040404
4348 0.442424242424
4359 0.444444444444
4361 0.446464646465
4390 0.448484848485
4402 0.450505050505
4425 0.452525252525
4446 0.456565656566
4446 0.456565656566
4451 0.458585858586
4510 0.460606060606
4517 0.462626262626
4524 0.464646464646
4532 0.466666666667
4536 0.468686868687
4543 0.470707070707
4544 0.472727272727
4546 0.474747474747
4556 0.476767676768
4557 0.480808080808
4557 0.480808080808
4558 0.482828282828
4580 0.484848484848
4583 0.486868686869
4594 0.488888888889
4611 0.490909090909
4654 0.492929292929
4659 0.494949494949
4679 0.49696969697
4697 0.49898989899
4731 0.50101010101
4734 0.50303030303
4736 0.505050505051
4745 0.507070707071
4749 0.509090909091
4760 0.511111111111
4801 0.513131313131
4811 0.515151515152
4827 0.517171717172
4828 0.519191919192
4838 0.523232323232
4838 0.523232323232
4857 0.525252525253
4862 0.527272727273
4868 0.529292929293
4871 0.531313131313
4900 0.533333333333
4923 0.535353535354
4929 0.537373737374
4933 0.539393939394
4967 0.541414141414
4982 0.543434343434
4984 0.545454545455
4988 0.547474747475
5029 0.549494949495
5032 0.551515151515
5040 0.553535353535
5082 0.555555555556
5098 0.557575757576
5099 0.559595959596
5119 0.561616161616
5120 0.563636363636
5124 0.565656565657
5145 0.567676767677
5148 0.569696969697
5157 0.571717171717
5159 0.573737373737
5204 0.575757575758
5215 0.577777777778
5234 0.579797979798
5249 0.581818181818
5254 0.583838383838
5266 0.585858585859
5293 0.587878787879
5324 0.589898989899
5345 0.591919191919
5376 0.593939393939
5377 0.59595959596
5378 0.59797979798
5389 0.6
5392 0.60202020202
5397 0.60404040404
5435 0.606060606061
5443 0.608080808081
5493 0.610101010101
5519 0.612121212121
5522 0.614141414141
5547 0.616161616162
5556 0.618181818182
5569 0.620202020202
5610 0.622222222222
5630 0.624242424242
5642 0.626262626263
5654 0.628282828283
5660 0.630303030303
5661 0.632323232323
5665 0.634343434343
5667 0.636363636364
5682 0.638383838384
5693 0.640404040404
5779 0.642424242424
5784 0.644444444444
5786 0.646464646465
5800 0.648484848485
5826 0.650505050505
5867 0.652525252525
5884 0.654545454545
5893 0.656565656566
5925 0.658585858586
5934 0.660606060606
5937 0.662626262626
5945 0.664646464646
5972 0.666666666667
5976 0.668686868687
5982 0.670707070707
6011 0.672727272727
6038 0.674747474747
6060 0.676767676768
6110 0.678787878788
6131 0.680808080808
6162 0.682828282828
6171 0.684848484848
6174 0.686868686869
6184 0.688888888889
6207 0.690909090909
6209 0.692929292929
6229 0.694949494949
6326 0.69696969697
6336 0.69898989899
6341 0.70101010101
6358 0.70303030303
6365 0.705050505051
6369 0.707070707071
6372 0.709090909091
6379 0.711111111111
6393 0.713131313131
6394 0.715151515152
6408 0.717171717172
6422 0.719191919192
6427 0.721212121212
6438 0.723232323232
6456 0.725252525253
6465 0.727272727273
6560 0.729292929293
6576 0.731313131313
6604 0.735353535354
6604 0.735353535354
6637 0.737373737374
6642 0.739393939394
6645 0.741414141414
6653 0.743434343434
6656 0.745454545455
6706 0.747474747475
6778 0.749494949495
6785 0.751515151515
6789 0.753535353535
6790 0.755555555556
6792 0.757575757576
6803 0.759595959596
6848 0.761616161616
6857 0.763636363636
6865 0.765656565657
6875 0.767676767677
6878 0.769696969697
6924 0.771717171717
6928 0.775757575758
6928 0.775757575758
6946 0.777777777778
6951 0.779797979798
6958 0.781818181818
6966 0.783838383838
6989 0.785858585859
7050 0.787878787879
7063 0.789898989899
7082 0.791919191919
7083 0.793939393939
7147 0.79595959596
7155 0.79797979798
7224 0.8
7402 0.80202020202
7411 0.80404040404
7421 0.806060606061
7459 0.808080808081
7464 0.810101010101
7490 0.812121212121
7493 0.814141414141
7513 0.816161616162
7520 0.818181818182
7534 0.820202020202
7539 0.822222222222
7615 0.824242424242
7713 0.826262626263
7809 0.828282828283
7837 0.830303030303
7947 0.832323232323
7972 0.834343434343
8041 0.836363636364
8067 0.838383838384
8118 0.840404040404
8141 0.842424242424
8174 0.844444444444
8180 0.846464646465
8272 0.848484848485
8306 0.850505050505
8312 0.852525252525
8418 0.854545454545
8426 0.856565656566
8428 0.858585858586
8439 0.860606060606
8441 0.862626262626
8449 0.864646464646
8523 0.866666666667
8546 0.868686868687
8555 0.872727272727
8555 0.872727272727
8566 0.874747474747
8578 0.876767676768
8601 0.878787878788
8621 0.880808080808
8654 0.882828282828
8682 0.884848484848
8687 0.886868686869
8742 0.888888888889
8748 0.890909090909
8783 0.892929292929
8822 0.894949494949
8852 0.89696969697
8921 0.89898989899
9003 0.90101010101
9023 0.90303030303
9030 0.905050505051
9045 0.907070707071
9171 0.909090909091
9326 0.911111111111
9393 0.913131313131
9458 0.915151515152
9491 0.917171717172
9629 0.919191919192
9708 0.921212121212
9719 0.923232323232
9721 0.925252525253
9856 0.927272727273
9866 0.929292929293
9974 0.931313131313
10128 0.933333333333
10152 0.935353535354
10284 0.937373737374
10495 0.939393939394
10642 0.941414141414
10708 0.943434343434
10730 0.945454545455
10767 0.947474747475
10824 0.949494949495
10998 0.951515151515
11101 0.953535353535
11141 0.955555555556
11155 0.957575757576
11183 0.959595959596
11406 0.961616161616
11565 0.963636363636
11754 0.965656565657
11874 0.967676767677
12114 0.969696969697
12150 0.971717171717
12360 0.973737373737
12402 0.975757575758
12671 0.977777777778
13183 0.979797979798
13221 0.981818181818
13256 0.983838383838
13560 0.985858585859
13859 0.987878787879
13865 0.989898989899
14429 0.991919191919
14717 0.993939393939
15475 0.99595959596
16551 0.99797979798
33607 1.0
