34 0.00207468879668
633 0.00414937759336
800 0.00622406639004
816 0.00829875518672
1030 0.0103734439834
1181 0.0124481327801
1216 0.0145228215768
1366 0.0165975103734
1576 0.0186721991701
1735 0.0207468879668
1783 0.0228215767635
1815 0.0248962655602
1830 0.0269709543568
1838 0.0290456431535
1888 0.0311203319502
1929 0.0331950207469
1937 0.0352697095436
1947 0.0373443983402
1962 0.0394190871369
1977 0.0414937759336
1986 0.0435684647303
1990 0.045643153527
2101 0.0477178423237
2117 0.0497925311203
2145 0.051867219917
2173 0.0539419087137
2181 0.0560165975104
2338 0.0580912863071
2359 0.0601659751037
2371 0.0622406639004
2423 0.0643153526971
2498 0.0663900414938
2514 0.0684647302905
2562 0.0705394190871
2571 0.0726141078838
2579 0.0746887966805
2589 0.0767634854772
2603 0.0788381742739
2625 0.0809128630705
2721 0.0829875518672
2730 0.0850622406639
2787 0.0871369294606
2812 0.0892116182573
2815 0.0912863070539
2819 0.0933609958506
2837 0.0954356846473
2842 0.097510373444
2843 0.0995850622407
2928 0.101659751037
2965 0.103734439834
2999 0.105809128631
3001 0.107883817427
3013 0.109958506224
3067 0.112033195021
3075 0.116182572614
3075 0.116182572614
3077 0.118257261411
3081 0.120331950207
3092 0.122406639004
3100 0.124481327801
3117 0.126556016598
3125 0.128630705394
3155 0.130705394191
3158 0.132780082988
3165 0.134854771784
3177 0.136929460581
3185 0.139004149378
3218 0.141078838174
3225 0.143153526971
3236 0.145228215768
3277 0.147302904564
3282 0.149377593361
3298 0.153526970954
3298 0.153526970954
3302 0.155601659751
3339 0.157676348548
3342 0.159751037344
3343 0.161825726141
3352 0.163900414938
3364 0.165975103734
3378 0.168049792531
3379 0.170124481328
3381 0.174273858921
3381 0.174273858921
3416 0.176348547718
3433 0.178423236515
3437 0.180497925311
3438 0.182572614108
3440 0.186721991701
3440 0.186721991701
3447 0.188796680498
3448 0.190871369295
3455 0.192946058091
3471 0.197095435685
3471 0.197095435685
3491 0.199170124481
3514 0.201244813278
3515 0.203319502075
3532 0.205394190871
3550 0.207468879668
3556 0.209543568465
3558 0.211618257261
3561 0.213692946058
3580 0.217842323651
3580 0.217842323651
3583 0.219917012448
3592 0.221991701245
3609 0.224066390041
3614 0.226141078838
3622 0.228215767635
3633 0.230290456432
3647 0.232365145228
3648 0.234439834025
3658 0.236514522822
3661 0.238589211618
3673 0.240663900415
3674 0.242738589212
3675 0.244813278008
3748 0.246887966805
3753 0.248962655602
3773 0.251037344398
3774 0.253112033195
3780 0.255186721992
3794 0.257261410788
3798 0.259336099585
3799 0.261410788382
3810 0.263485477178
3815 0.265560165975
3835 0.267634854772
3910 0.269709543568
3924 0.271784232365
3951 0.273858921162
3962 0.275933609959
3985 0.278008298755
3988 0.280082987552
3994 0.282157676349
3997 0.284232365145
4007 0.286307053942
4010 0.288381742739
4013 0.290456431535
4030 0.292531120332
4044 0.294605809129
4049 0.296680497925
4076 0.298755186722
4077 0.300829875519
4079 0.302904564315
4098 0.304979253112
4105 0.307053941909
4133 0.309128630705
4172 0.311203319502
4175 0.313278008299
4181 0.315352697095
4191 0.317427385892
4218 0.319502074689
4219 0.321576763485
4220 0.323651452282
4241 0.325726141079
4294 0.327800829876
4297 0.329875518672
4316 0.331950207469
4324 0.334024896266
4329 0.338174273859
4329 0.338174273859
4336 0.340248962656
4340 0.342323651452
4358 0.344398340249
4364 0.346473029046
4391 0.348547717842
4400 0.350622406639
4406 0.352697095436
4409 0.354771784232
4410 0.356846473029
4417 0.358921161826
4425 0.360995850622
4473 0.363070539419
4495 0.365145228216
4498 0.367219917012
4532 0.369294605809
4541 0.371369294606
4543 0.373443983402
4564 0.375518672199
4583 0.379668049793
4583 0.379668049793
4590 0.381742738589
4591 0.383817427386
4597 0.385892116183
4611 0.387966804979
4628 0.390041493776
4638 0.392116182573
4648 0.394190871369
4651 0.396265560166
4654 0.398340248963
4667 0.400414937759
4674 0.402489626556
4693 0.404564315353
4698 0.406639004149
4714 0.408713692946
4717 0.410788381743
4726 0.412863070539
4739 0.414937759336
4743 0.417012448133
4750 0.419087136929
4768 0.421161825726
4772 0.423236514523
4783 0.42531120332
4784 0.427385892116
4816 0.429460580913
4838 0.43153526971
4862 0.433609958506
4880 0.435684647303
4914 0.4377593361
4942 0.439834024896
4943 0.441908713693
4966 0.44398340249
4973 0.446058091286
5025 0.448132780083
5030 0.45020746888
5031 0.452282157676
5037 0.454356846473
5038 0.45643153527
5066 0.458506224066
5077 0.460580912863
5087 0.46265560166
5154 0.464730290456
5161 0.466804979253
5165 0.46887966805
5172 0.470954356846
5196 0.473029045643
5215 0.47510373444
5234 0.477178423237
5240 0.479253112033
5255 0.48132780083
5267 0.483402489627
5274 0.485477178423
5282 0.48755186722
5299 0.489626556017
5308 0.491701244813
5331 0.49377593361
5347 0.497925311203
5347 0.497925311203
5359 0.5
5363 0.504149377593
5363 0.504149377593
5364 0.50622406639
5368 0.508298755187
5372 0.510373443983
5376 0.51244813278
5410 0.514522821577
5423 0.516597510373
5447 0.51867219917
5448 0.520746887967
5452 0.522821576763
5458 0.52489626556
5462 0.526970954357
5465 0.529045643154
5480 0.53112033195
5492 0.533195020747
5522 0.535269709544
5530 0.53734439834
5541 0.539419087137
5587 0.54356846473
5587 0.54356846473
5602 0.545643153527
5622 0.547717842324
5632 0.54979253112
5648 0.551867219917
5654 0.553941908714
5683 0.55601659751
5686 0.560165975104
5686 0.560165975104
5692 0.5622406639
5721 0.564315352697
5724 0.566390041494
5725 0.56846473029
5732 0.570539419087
5748 0.572614107884
5763 0.57468879668
5777 0.576763485477
5788 0.578838174274
5791 0.580912863071
5797 0.582987551867
5803 0.585062240664
5806 0.587136929461
5834 0.589211618257
5839 0.591286307054
5891 0.593360995851
5919 0.595435684647
5926 0.597510373444
5959 0.599585062241
5968 0.601659751037
5982 0.603734439834
5983 0.605809128631
5994 0.607883817427
6011 0.609958506224
6024 0.612033195021
6026 0.614107883817
6039 0.616182572614
6041 0.618257261411
6047 0.620331950207
6063 0.622406639004
6066 0.624481327801
6067 0.626556016598
6072 0.628630705394
6085 0.630705394191
6104 0.632780082988
6172 0.634854771784
6186 0.636929460581
6235 0.639004149378
6252 0.641078838174
6282 0.643153526971
6323 0.645228215768
6329 0.647302904564
6330 0.649377593361
6390 0.651452282158
6393 0.653526970954
6444 0.655601659751
6445 0.657676348548
6464 0.659751037344
6469 0.661825726141
6476 0.663900414938
6486 0.665975103734
6493 0.668049792531
6501 0.670124481328
6506 0.672199170124
6521 0.674273858921
6531 0.676348547718
6565 0.678423236515
6567 0.680497925311
6577 0.682572614108
6580 0.684647302905
6589 0.686721991701
6596 0.688796680498
6613 0.690871369295
6645 0.692946058091
6653 0.695020746888
6673 0.697095435685
6679 0.699170124481
6695 0.701244813278
6730 0.703319502075
6759 0.705394190871
6797 0.707468879668
6841 0.709543568465
6896 0.711618257261
6914 0.713692946058
6923 0.715767634855
6935 0.717842323651
6940 0.719917012448
7012 0.721991701245
7053 0.724066390041
7055 0.726141078838
7078 0.728215767635
7080 0.730290456432
7105 0.732365145228
7110 0.736514522822
7110 0.736514522822
7122 0.738589211618
7185 0.740663900415
7189 0.742738589212
7192 0.744813278008
7213 0.746887966805
7244 0.748962655602
7274 0.751037344398
7288 0.753112033195
7292 0.755186721992
7325 0.757261410788
7355 0.759336099585
7366 0.761410788382
7387 0.763485477178
7392 0.765560165975
7516 0.767634854772
7530 0.769709543568
7562 0.771784232365
7579 0.773858921162
7599 0.775933609959
7621 0.778008298755
7642 0.780082987552
7647 0.782157676349
7684 0.784232365145
7732 0.786307053942
7775 0.788381742739
7849 0.790456431535
7856 0.792531120332
7860 0.794605809129
7864 0.796680497925
7889 0.798755186722
7905 0.800829875519
7917 0.802904564315
7932 0.804979253112
7937 0.807053941909
7947 0.809128630705
7965 0.811203319502
7966 0.813278008299
8063 0.815352697095
8109 0.817427385892
8191 0.819502074689
8248 0.821576763485
8300 0.823651452282
8312 0.825726141079
8366 0.827800829876
8405 0.829875518672
8475 0.831950207469
8511 0.834024896266
8623 0.836099585062
8647 0.838174273859
8660 0.840248962656
8680 0.842323651452
8682 0.844398340249
8715 0.846473029046
8746 0.848547717842
8764 0.852697095436
8764 0.852697095436
8827 0.854771784232
8895 0.856846473029
8937 0.858921161826
8969 0.860995850622
9044 0.863070539419
9091 0.865145228216
9178 0.867219917012
9186 0.869294605809
9194 0.871369294606
9206 0.873443983402
9267 0.875518672199
9307 0.877593360996
9338 0.879668049793
9387 0.881742738589
9410 0.883817427386
9447 0.885892116183
9465 0.887966804979
9578 0.890041493776
9617 0.892116182573
9662 0.894190871369
9681 0.896265560166
9697 0.898340248963
9700 0.900414937759
9703 0.902489626556
9775 0.904564315353
9782 0.906639004149
9935 0.908713692946
9954 0.910788381743
9964 0.912863070539
9983 0.914937759336
10021 0.917012448133
10025 0.919087136929
10138 0.921161825726
10244 0.923236514523
10559 0.92531120332
10613 0.927385892116
10791 0.929460580913
10800 0.93153526971
10833 0.933609958506
10909 0.935684647303
11001 0.9377593361
11095 0.939834024896
11224 0.941908713693
11226 0.94398340249
11693 0.946058091286
11866 0.948132780083
11881 0.95020746888
12007 0.952282157676
12173 0.954356846473
12305 0.95643153527
12344 0.958506224066
12571 0.960580912863
12597 0.96265560166
12665 0.964730290456
13110 0.966804979253
13261 0.96887966805
13331 0.970954356846
13601 0.973029045643
13953 0.97510373444
13954 0.977178423237
14351 0.979253112033
14472 0.98132780083
14501 0.983402489627
14524 0.985477178423
14594 0.98755186722
14727 0.989626556017
14783 0.991701244813
15317 0.99377593361
16026 0.995850622407
16922 0.997925311203
36514 1.0
