30 0.00502512562814
31 0.0100502512563
910 0.0150753768844
1160 0.0201005025126
1206 0.0251256281407
1452 0.0301507537688
1498 0.035175879397
1733 0.0402010050251
1985 0.0452261306533
2038 0.0502512562814
2306 0.0552763819095
2346 0.0603015075377
2538 0.0653266331658
2579 0.070351758794
2654 0.0753768844221
2676 0.0804020100503
2841 0.0854271356784
2844 0.0904522613065
2878 0.0954773869347
2893 0.100502512563
2898 0.105527638191
2934 0.110552763819
3009 0.115577889447
3094 0.120603015075
3149 0.125628140704
3184 0.130653266332
3217 0.13567839196
3552 0.140703517588
3635 0.145728643216
3642 0.150753768844
3715 0.155778894472
3752 0.160804020101
3799 0.165829145729
3801 0.170854271357
3825 0.175879396985
3857 0.180904522613
3918 0.185929648241
3982 0.190954773869
3998 0.195979899497
4017 0.201005025126
4076 0.206030150754
4095 0.211055276382
4121 0.21608040201
4255 0.221105527638
4401 0.226130653266
4437 0.231155778894
4488 0.236180904523
4515 0.241206030151
4550 0.246231155779
4555 0.251256281407
4574 0.256281407035
4646 0.261306532663
4675 0.266331658291
4678 0.27135678392
4696 0.276381909548
4722 0.281407035176
4756 0.286432160804
4772 0.291457286432
4780 0.29648241206
4830 0.301507537688
4833 0.306532663317
4883 0.311557788945
4937 0.316582914573
4960 0.321608040201
4987 0.326633165829
4998 0.331658291457
5006 0.336683417085
5060 0.341708542714
5066 0.346733668342
5108 0.35175879397
5133 0.356783919598
5137 0.361809045226
5184 0.366834170854
5250 0.371859296482
5256 0.376884422111
5298 0.381909547739
5299 0.386934673367
5306 0.391959798995
5338 0.396984924623
5384 0.402010050251
5385 0.407035175879
5461 0.412060301508
5491 0.417085427136
5524 0.422110552764
5527 0.427135678392
5578 0.43216080402
5633 0.437185929648
5645 0.442211055276
5661 0.447236180905
5679 0.452261306533
5811 0.457286432161
5815 0.462311557789
5831 0.467336683417
5860 0.472361809045
5876 0.477386934673
5878 0.482412060302
5906 0.48743718593
5911 0.492462311558
5957 0.497487437186
6066 0.502512562814
6148 0.507537688442
6167 0.51256281407
6180 0.517587939698
6203 0.522613065327
6336 0.527638190955
6359 0.532663316583
6435 0.537688442211
6447 0.542713567839
6461 0.547738693467
6472 0.552763819095
6503 0.557788944724
6525 0.562814070352
6558 0.56783919598
6559 0.572864321608
6571 0.577889447236
6586 0.582914572864
6638 0.587939698492
6681 0.592964824121
6695 0.597989949749
6945 0.603015075377
6946 0.608040201005
7020 0.613065326633
7031 0.618090452261
7094 0.623115577889
7101 0.628140703518
7152 0.633165829146
7181 0.638190954774
7191 0.643216080402
7198 0.64824120603
7245 0.653266331658
7391 0.658291457286
7401 0.663316582915
7562 0.668341708543
7623 0.673366834171
7635 0.678391959799
7636 0.683417085427
7644 0.688442211055
7656 0.693467336683
7814 0.698492462312
7850 0.70351758794
7852 0.708542713568
7870 0.713567839196
7921 0.718592964824
7956 0.723618090452
8034 0.72864321608
8178 0.733668341709
8340 0.738693467337
8382 0.743718592965
8394 0.748743718593
8404 0.753768844221
8424 0.758793969849
8449 0.763819095477
8584 0.768844221106
8634 0.773869346734
8645 0.778894472362
8694 0.78391959799
8728 0.788944723618
8781 0.793969849246
8955 0.798994974874
9041 0.804020100503
9056 0.809045226131
9138 0.814070351759
9140 0.819095477387
9153 0.824120603015
9165 0.829145728643
9232 0.834170854271
9290 0.839195979899
9354 0.844221105528
9406 0.849246231156
9483 0.854271356784
9568 0.859296482412
9690 0.86432160804
9720 0.869346733668
9751 0.874371859296
9885 0.879396984925
10076 0.884422110553
10153 0.889447236181
10584 0.894472361809
10632 0.899497487437
10891 0.904522613065
10925 0.909547738693
11210 0.914572864322
11269 0.91959798995
11493 0.924623115578
11622 0.929648241206
12155 0.934673366834
12542 0.939698492462
12597 0.94472361809
12797 0.949748743719
13310 0.954773869347
13835 0.959798994975
13886 0.964824120603
14135 0.969849246231
14556 0.974874371859
15852 0.979899497487
17032 0.984924623116
18136 0.989949748744
21496 0.994974874372
21835 1.0
