997 0.00588235294118
1298 0.0117647058824
1303 0.0176470588235
1602 0.0235294117647
1913 0.0294117647059
2205 0.0352941176471
2276 0.0411764705882
2346 0.0470588235294
2800 0.0529411764706
2816 0.0588235294118
2861 0.0647058823529
2871 0.0705882352941
2891 0.0764705882353
2950 0.0823529411765
3111 0.0882352941176
3120 0.0941176470588
3125 0.1
3170 0.105882352941
3172 0.111764705882
3380 0.117647058824
3409 0.123529411765
3425 0.129411764706
3480 0.135294117647
3791 0.141176470588
3879 0.147058823529
3888 0.152941176471
3911 0.158823529412
4049 0.164705882353
4131 0.170588235294
4136 0.176470588235
4145 0.182352941176
4312 0.188235294118
4379 0.194117647059
4414 0.2
4426 0.205882352941
4462 0.211764705882
4481 0.217647058824
4501 0.223529411765
4667 0.229411764706
4774 0.235294117647
4798 0.241176470588
4930 0.247058823529
4953 0.252941176471
4971 0.258823529412
4991 0.264705882353
5100 0.270588235294
5121 0.276470588235
5122 0.282352941176
5150 0.288235294118
5198 0.294117647059
5211 0.3
5249 0.305882352941
5294 0.311764705882
5300 0.317647058824
5314 0.323529411765
5333 0.329411764706
5338 0.335294117647
5346 0.341176470588
5347 0.347058823529
5357 0.352941176471
5358 0.358823529412
5374 0.364705882353
5427 0.370588235294
5486 0.376470588235
5503 0.382352941176
5507 0.388235294118
5509 0.394117647059
5612 0.4
5616 0.405882352941
5633 0.411764705882
5731 0.417647058824
5734 0.429411764706
5734 0.429411764706
5758 0.435294117647
5810 0.441176470588
5907 0.447058823529
5947 0.452941176471
5963 0.458823529412
6008 0.464705882353
6035 0.470588235294
6039 0.476470588235
6055 0.482352941176
6059 0.494117647059
6059 0.494117647059
6142 0.5
6176 0.505882352941
6254 0.511764705882
6362 0.517647058824
6370 0.523529411765
6388 0.529411764706
6416 0.535294117647
6433 0.541176470588
6482 0.547058823529
6577 0.552941176471
6592 0.558823529412
6651 0.564705882353
6652 0.570588235294
6703 0.576470588235
6759 0.582352941176
6936 0.588235294118
6991 0.594117647059
7075 0.6
7087 0.605882352941
7100 0.611764705882
7134 0.617647058824
7170 0.623529411765
7254 0.629411764706
7285 0.635294117647
7301 0.641176470588
7327 0.647058823529
7330 0.652941176471
7471 0.658823529412
7505 0.664705882353
7558 0.670588235294
7717 0.676470588235
7784 0.682352941176
7801 0.688235294118
7829 0.694117647059
7844 0.7
7888 0.705882352941
8046 0.711764705882
8068 0.717647058824
8238 0.723529411765
8390 0.729411764706
8442 0.735294117647
8509 0.741176470588
8747 0.747058823529
8768 0.752941176471
8806 0.758823529412
8814 0.764705882353
8851 0.770588235294
8863 0.776470588235
8866 0.782352941176
9106 0.788235294118
9238 0.794117647059
9266 0.8
9281 0.805882352941
9331 0.811764705882
9431 0.817647058824
9441 0.823529411765
9559 0.829411764706
9561 0.835294117647
9609 0.841176470588
9682 0.847058823529
9737 0.852941176471
9866 0.858823529412
9911 0.864705882353
10145 0.870588235294
10202 0.876470588235
10357 0.882352941176
10471 0.888235294118
10684 0.894117647059
10724 0.9
11082 0.905882352941
11295 0.911764705882
11895 0.917647058824
12197 0.923529411765
12364 0.929411764706
12397 0.935294117647
12427 0.941176470588
12604 0.947058823529
12958 0.952941176471
13259 0.958823529412
13643 0.964705882353
15953 0.970588235294
15995 0.976470588235
18242 0.982352941176
18357 0.988235294118
22846 0.994117647059
25888 1.0
