799 0.00429184549356
1067 0.00858369098712
1138 0.0128755364807
1328 0.0171673819742
1608 0.0214592274678
1777 0.0257510729614
1899 0.0300429184549
2108 0.0343347639485
2404 0.0386266094421
2432 0.0429184549356
2568 0.0472103004292
2659 0.0515021459227
2703 0.0557939914163
2857 0.0600858369099
2901 0.0643776824034
3090 0.068669527897
3146 0.0729613733906
3238 0.0772532188841
3246 0.0815450643777
3282 0.0858369098712
3486 0.0901287553648
3503 0.0944206008584
3591 0.0987124463519
3612 0.103004291845
3626 0.107296137339
3943 0.111587982833
3986 0.115879828326
4081 0.12017167382
4089 0.124463519313
4129 0.128755364807
4134 0.1330472103
4164 0.137339055794
4312 0.141630901288
4314 0.145922746781
4480 0.150214592275
4514 0.154506437768
4543 0.158798283262
4549 0.163090128755
4564 0.167381974249
4658 0.171673819742
4677 0.175965665236
4695 0.18025751073
4816 0.184549356223
4988 0.188841201717
4991 0.19313304721
4996 0.197424892704
5012 0.201716738197
5013 0.206008583691
5089 0.210300429185
5274 0.214592274678
5293 0.218884120172
5377 0.223175965665
5378 0.227467811159
5384 0.231759656652
5391 0.236051502146
5393 0.240343347639
5407 0.244635193133
5518 0.248927038627
5533 0.25321888412
5624 0.257510729614
5632 0.261802575107
5649 0.266094420601
5838 0.270386266094
5858 0.274678111588
5878 0.278969957082
5889 0.283261802575
5925 0.287553648069
5964 0.291845493562
5974 0.296137339056
5983 0.300429184549
6028 0.304721030043
6051 0.309012875536
6053 0.31330472103
6127 0.317596566524
6207 0.321888412017
6211 0.326180257511
6233 0.330472103004
6284 0.334763948498
6319 0.339055793991
6320 0.343347639485
6357 0.347639484979
6405 0.351931330472
6544 0.356223175966
6622 0.360515021459
6630 0.364806866953
6654 0.369098712446
6738 0.37339055794
6760 0.377682403433
6786 0.381974248927
6834 0.386266094421
6933 0.390557939914
6975 0.394849785408
6982 0.399141630901
7055 0.403433476395
7167 0.407725321888
7190 0.412017167382
7194 0.416309012876
7215 0.420600858369
7226 0.424892703863
7254 0.429184549356
7259 0.43347639485
7261 0.437768240343
7265 0.442060085837
7523 0.44635193133
7529 0.450643776824
7545 0.454935622318
7592 0.459227467811
7599 0.463519313305
7647 0.467811158798
7650 0.472103004292
7657 0.476394849785
7713 0.480686695279
7725 0.484978540773
7747 0.489270386266
7806 0.49356223176
7850 0.497854077253
7875 0.502145922747
7883 0.50643776824
7901 0.510729613734
7980 0.515021459227
8091 0.519313304721
8178 0.523605150215
8202 0.527896995708
8226 0.532188841202
8251 0.536480686695
8315 0.540772532189
8390 0.545064377682
8420 0.549356223176
8471 0.55364806867
8483 0.557939914163
8634 0.562231759657
8650 0.56652360515
8708 0.570815450644
8742 0.575107296137
8948 0.579399141631
8949 0.587982832618
8949 0.587982832618
9004 0.592274678112
9101 0.596566523605
9386 0.600858369099
9408 0.605150214592
9418 0.609442060086
9551 0.613733905579
9642 0.618025751073
9668 0.622317596567
9735 0.62660944206
9765 0.630901287554
9899 0.635193133047
9954 0.639484978541
10018 0.643776824034
10050 0.648068669528
10151 0.652360515021
10160 0.656652360515
10259 0.660944206009
10269 0.665236051502
10272 0.669527896996
10282 0.673819742489
10410 0.678111587983
10417 0.682403433476
10421 0.68669527897
10449 0.690987124464
10453 0.695278969957
10459 0.699570815451
10474 0.703862660944
10563 0.708154506438
10590 0.712446351931
10809 0.716738197425
10958 0.721030042918
11012 0.725321888412
11183 0.729613733906
11456 0.733905579399
11495 0.738197424893
11618 0.742489270386
11691 0.74678111588
11748 0.751072961373
11791 0.755364806867
11856 0.759656652361
11877 0.763948497854
11880 0.768240343348
11901 0.772532188841
11911 0.776824034335
11971 0.781115879828
11999 0.785407725322
12078 0.789699570815
12140 0.793991416309
12379 0.798283261803
12777 0.802575107296
12826 0.80686695279
12846 0.811158798283
12887 0.815450643777
13056 0.81974248927
13079 0.824034334764
13228 0.828326180258
13468 0.832618025751
13521 0.836909871245
13526 0.841201716738
13670 0.845493562232
13675 0.849785407725
13731 0.854077253219
13908 0.858369098712
14229 0.862660944206
14445 0.8669527897
14497 0.871244635193
14704 0.875536480687
15214 0.87982832618
15530 0.884120171674
15677 0.888412017167
16080 0.892703862661
16125 0.896995708155
16258 0.901287553648
16501 0.905579399142
16726 0.909871244635
16747 0.914163090129
17118 0.918454935622
17187 0.922746781116
17202 0.927038626609
17824 0.931330472103
18135 0.935622317597
19155 0.93991416309
19704 0.944206008584
20785 0.948497854077
23016 0.952789699571
23831 0.957081545064
24821 0.961373390558
26643 0.965665236052
26928 0.969957081545
28195 0.974248927039
28239 0.978540772532
29402 0.982832618026
30234 0.987124463519
32375 0.991416309013
33911 0.995708154506
54094 1.0
