34 0.0020202020202
383 0.0040404040404
457 0.00606060606061
564 0.00808080808081
654 0.010101010101
664 0.0121212121212
708 0.0141414141414
749 0.0161616161616
872 0.0181818181818
902 0.020202020202
1026 0.0222222222222
1033 0.0242424242424
1041 0.0262626262626
1049 0.030303030303
1049 0.030303030303
1068 0.0323232323232
1079 0.0343434343434
1130 0.0363636363636
1135 0.0383838383838
1170 0.040404040404
1181 0.0424242424242
1196 0.0444444444444
1204 0.0464646464646
1234 0.0484848484848
1255 0.0505050505051
1264 0.0525252525253
1289 0.0545454545455
1292 0.0565656565657
1314 0.0585858585859
1317 0.0606060606061
1389 0.0626262626263
1390 0.0646464646465
1395 0.0666666666667
1402 0.0686868686869
1445 0.0707070707071
1455 0.0727272727273
1492 0.0747474747475
1520 0.0767676767677
1540 0.0787878787879
1542 0.0808080808081
1549 0.0828282828283
1564 0.0848484848485
1579 0.0888888888889
1579 0.0888888888889
1586 0.0909090909091
1650 0.0929292929293
1654 0.0949494949495
1664 0.0969696969697
1691 0.0989898989899
1710 0.10101010101
1737 0.10303030303
1738 0.105050505051
1739 0.109090909091
1739 0.109090909091
1740 0.111111111111
1758 0.113131313131
1789 0.117171717172
1789 0.117171717172
1793 0.119191919192
1810 0.121212121212
1815 0.125252525253
1815 0.125252525253
1821 0.127272727273
1831 0.129292929293
1852 0.131313131313
1856 0.133333333333
1860 0.135353535354
1869 0.137373737374
1878 0.139393939394
1880 0.143434343434
1880 0.143434343434
1888 0.145454545455
1908 0.147474747475
1911 0.149494949495
1927 0.151515151515
1931 0.153535353535
1932 0.155555555556
1934 0.157575757576
1940 0.159595959596
1947 0.161616161616
1963 0.163636363636
1971 0.165656565657
1972 0.167676767677
1985 0.169696969697
1986 0.171717171717
2003 0.173737373737
2008 0.175757575758
2016 0.177777777778
2019 0.179797979798
2021 0.183838383838
2021 0.183838383838
2025 0.185858585859
2026 0.187878787879
2027 0.189898989899
2035 0.191919191919
2041 0.193939393939
2054 0.19595959596
2055 0.19797979798
2058 0.20202020202
2058 0.20202020202
2059 0.20404040404
2071 0.206060606061
2072 0.208080808081
2074 0.212121212121
2074 0.212121212121
2077 0.214141414141
2079 0.218181818182
2079 0.218181818182
2083 0.220202020202
2091 0.222222222222
2092 0.224242424242
2098 0.226262626263
2113 0.230303030303
2113 0.230303030303
2116 0.232323232323
2123 0.236363636364
2123 0.236363636364
2140 0.240404040404
2140 0.240404040404
2142 0.242424242424
2144 0.244444444444
2183 0.246464646465
2193 0.248484848485
2195 0.250505050505
2200 0.252525252525
2218 0.254545454545
2222 0.256565656566
2223 0.258585858586
2255 0.260606060606
2256 0.262626262626
2266 0.264646464646
2268 0.266666666667
2278 0.268686868687
2285 0.270707070707
2287 0.272727272727
2293 0.274747474747
2296 0.276767676768
2313 0.278787878788
2321 0.280808080808
2323 0.282828282828
2328 0.284848484848
2331 0.286868686869
2337 0.288888888889
2343 0.292929292929
2343 0.292929292929
2345 0.294949494949
2348 0.29696969697
2350 0.30101010101
2350 0.30101010101
2363 0.30303030303
2364 0.305050505051
2368 0.309090909091
2368 0.309090909091
2374 0.311111111111
2390 0.313131313131
2401 0.315151515152
2425 0.317171717172
2428 0.319191919192
2431 0.321212121212
2458 0.325252525253
2458 0.325252525253
2465 0.327272727273
2470 0.329292929293
2475 0.331313131313
2490 0.333333333333
2502 0.335353535354
2506 0.337373737374
2510 0.339393939394
2535 0.341414141414
2566 0.343434343434
2596 0.345454545455
2604 0.347474747475
2609 0.349494949495
2613 0.351515151515
2623 0.353535353535
2637 0.355555555556
2645 0.357575757576
2651 0.359595959596
2655 0.361616161616
2656 0.363636363636
2660 0.365656565657
2667 0.367676767677
2671 0.369696969697
2672 0.371717171717
2675 0.373737373737
2682 0.375757575758
2688 0.377777777778
2706 0.379797979798
2715 0.381818181818
2718 0.383838383838
2731 0.385858585859
2733 0.387878787879
2734 0.389898989899
2751 0.391919191919
2753 0.393939393939
2754 0.39595959596
2755 0.39797979798
2757 0.4
2763 0.40404040404
2763 0.40404040404
2768 0.406060606061
2770 0.408080808081
2772 0.410101010101
2775 0.412121212121
2779 0.414141414141
2787 0.416161616162
2788 0.418181818182
2799 0.420202020202
2807 0.424242424242
2807 0.424242424242
2808 0.426262626263
2811 0.428282828283
2817 0.430303030303
2820 0.432323232323
2825 0.434343434343
2826 0.436363636364
2837 0.438383838384
2851 0.440404040404
2852 0.442424242424
2862 0.446464646465
2862 0.446464646465
2863 0.448484848485
2880 0.452525252525
2880 0.452525252525
2904 0.456565656566
2904 0.456565656566
2905 0.458585858586
2933 0.460606060606
2944 0.462626262626
2946 0.464646464646
2950 0.466666666667
2954 0.470707070707
2954 0.470707070707
2959 0.472727272727
2966 0.474747474747
2968 0.476767676768
2969 0.478787878788
2988 0.480808080808
2990 0.482828282828
3033 0.486868686869
3033 0.486868686869
3048 0.488888888889
3071 0.490909090909
3085 0.492929292929
3099 0.494949494949
3103 0.49696969697
3112 0.49898989899
3120 0.50101010101
3125 0.50303030303
3130 0.505050505051
3134 0.507070707071
3137 0.509090909091
3141 0.511111111111
3153 0.513131313131
3158 0.515151515152
3164 0.517171717172
3185 0.519191919192
3190 0.521212121212
3216 0.523232323232
3230 0.525252525253
3247 0.527272727273
3254 0.531313131313
3254 0.531313131313
3257 0.533333333333
3265 0.535353535354
3268 0.537373737374
3270 0.539393939394
3271 0.541414141414
3299 0.543434343434
3302 0.545454545455
3309 0.547474747475
3311 0.549494949495
3317 0.551515151515
3320 0.553535353535
3325 0.555555555556
3337 0.557575757576
3339 0.559595959596
3348 0.561616161616
3365 0.565656565657
3365 0.565656565657
3366 0.567676767677
3376 0.569696969697
3397 0.571717171717
3398 0.573737373737
3422 0.575757575758
3435 0.577777777778
3453 0.579797979798
3454 0.583838383838
3454 0.583838383838
3475 0.585858585859
3484 0.587878787879
3490 0.589898989899
3493 0.591919191919
3517 0.593939393939
3525 0.59595959596
3542 0.59797979798
3553 0.6
3556 0.60404040404
3556 0.60404040404
3557 0.606060606061
3565 0.608080808081
3576 0.610101010101
3587 0.612121212121
3602 0.614141414141
3604 0.616161616162
3607 0.618181818182
3613 0.620202020202
3638 0.622222222222
3670 0.624242424242
3711 0.626262626263
3716 0.628282828283
3719 0.630303030303
3721 0.632323232323
3763 0.634343434343
3765 0.636363636364
3797 0.638383838384
3804 0.640404040404
3845 0.642424242424
3868 0.646464646465
3868 0.646464646465
3872 0.648484848485
3876 0.650505050505
3882 0.652525252525
3888 0.654545454545
3900 0.656565656566
3901 0.658585858586
3906 0.660606060606
3953 0.662626262626
3965 0.666666666667
3965 0.666666666667
3966 0.668686868687
3986 0.670707070707
3998 0.672727272727
4002 0.674747474747
4026 0.676767676768
4039 0.678787878788
4051 0.680808080808
4056 0.682828282828
4058 0.684848484848
4061 0.686868686869
4069 0.688888888889
4134 0.690909090909
4143 0.692929292929
4158 0.694949494949
4168 0.69696969697
4176 0.69898989899
4179 0.70101010101
4185 0.70303030303
4187 0.705050505051
4209 0.707070707071
4212 0.709090909091
4216 0.711111111111
4237 0.715151515152
4237 0.715151515152
4239 0.717171717172
4258 0.719191919192
4268 0.721212121212
4283 0.723232323232
4328 0.725252525253
4350 0.727272727273
4351 0.729292929293
4384 0.731313131313
4385 0.733333333333
4388 0.735353535354
4404 0.737373737374
4459 0.739393939394
4461 0.741414141414
4481 0.743434343434
4484 0.745454545455
4489 0.747474747475
4526 0.749494949495
4530 0.751515151515
4570 0.755555555556
4570 0.755555555556
4614 0.757575757576
4651 0.759595959596
4656 0.761616161616
4698 0.763636363636
4703 0.765656565657
4705 0.767676767677
4727 0.769696969697
4734 0.771717171717
4746 0.773737373737
4814 0.775757575758
4815 0.777777777778
4817 0.779797979798
4820 0.781818181818
4865 0.785858585859
4865 0.785858585859
4873 0.787878787879
4877 0.789898989899
4878 0.791919191919
4883 0.793939393939
4947 0.79595959596
4963 0.79797979798
4980 0.8
4984 0.80202020202
4993 0.80404040404
5051 0.806060606061
5052 0.808080808081
5076 0.810101010101
5095 0.812121212121
5110 0.814141414141
5120 0.816161616162
5121 0.818181818182
5150 0.820202020202
5156 0.822222222222
5200 0.824242424242
5279 0.826262626263
5288 0.828282828283
5315 0.830303030303
5420 0.832323232323
5421 0.834343434343
5427 0.836363636364
5453 0.838383838384
5478 0.840404040404
5481 0.842424242424
5521 0.844444444444
5523 0.846464646465
5535 0.848484848485
5555 0.850505050505
5630 0.852525252525
5662 0.854545454545
5720 0.856565656566
5721 0.858585858586
5734 0.860606060606
5764 0.862626262626
5811 0.864646464646
5823 0.866666666667
5839 0.868686868687
5842 0.870707070707
5862 0.872727272727
5866 0.874747474747
5878 0.876767676768
5891 0.878787878788
5896 0.880808080808
5900 0.882828282828
5945 0.884848484848
5974 0.886868686869
6016 0.888888888889
6039 0.890909090909
6045 0.892929292929
6069 0.894949494949
6106 0.89696969697
6124 0.89898989899
6133 0.90101010101
6144 0.905050505051
6144 0.905050505051
6151 0.907070707071
6173 0.909090909091
6197 0.911111111111
6202 0.913131313131
6210 0.915151515152
6261 0.917171717172
6273 0.921212121212
6273 0.921212121212
6320 0.923232323232
6332 0.925252525253
6338 0.927272727273
6429 0.929292929293
6503 0.931313131313
6540 0.933333333333
6564 0.935353535354
6614 0.937373737374
6658 0.939393939394
6715 0.941414141414
6722 0.943434343434
6753 0.945454545455
6915 0.947474747475
6952 0.949494949495
7201 0.951515151515
7262 0.953535353535
7267 0.955555555556
7303 0.957575757576
7480 0.959595959596
7573 0.961616161616
7657 0.963636363636
7719 0.965656565657
7727 0.967676767677
7737 0.969696969697
7882 0.971717171717
8074 0.973737373737
8080 0.975757575758
8112 0.977777777778
8143 0.979797979798
8249 0.981818181818
8273 0.983838383838
8410 0.985858585859
8473 0.987878787879
8636 0.989898989899
8660 0.991919191919
8750 0.993939393939
9268 0.99595959596
11854 0.99797979798
33873 1.0
