807 0.0062893081761
1061 0.0125786163522
1101 0.0188679245283
1312 0.0251572327044
1565 0.0314465408805
1575 0.0377358490566
1776 0.0440251572327
2063 0.0503144654088
2461 0.0566037735849
2561 0.062893081761
2627 0.0691823899371
2631 0.0754716981132
2698 0.0817610062893
2717 0.0880503144654
2761 0.0943396226415
2832 0.100628930818
2847 0.106918238994
3084 0.11320754717
3120 0.119496855346
3202 0.125786163522
3434 0.132075471698
3437 0.138364779874
3447 0.14465408805
3455 0.150943396226
3512 0.157232704403
3630 0.163522012579
3683 0.169811320755
3746 0.176100628931
3754 0.182389937107
3797 0.188679245283
3857 0.194968553459
3980 0.201257861635
4019 0.207547169811
4238 0.213836477987
4266 0.220125786164
4307 0.22641509434
4339 0.232704402516
4360 0.238993710692
4460 0.245283018868
4495 0.251572327044
4515 0.25786163522
4555 0.264150943396
4586 0.270440251572
4631 0.276729559748
4696 0.283018867925
4858 0.289308176101
4867 0.295597484277
4871 0.301886792453
4897 0.308176100629
4936 0.314465408805
4990 0.320754716981
4997 0.327044025157
5008 0.333333333333
5085 0.339622641509
5135 0.345911949686
5151 0.352201257862
5176 0.358490566038
5188 0.364779874214
5227 0.37106918239
5321 0.377358490566
5360 0.383647798742
5361 0.389937106918
5394 0.396226415094
5405 0.40251572327
5543 0.408805031447
5553 0.415094339623
5571 0.421383647799
5637 0.427672955975
5638 0.433962264151
5639 0.440251572327
5645 0.446540880503
5735 0.452830188679
5737 0.459119496855
5854 0.465408805031
5904 0.471698113208
5971 0.477987421384
6006 0.48427672956
6114 0.490566037736
6176 0.496855345912
6241 0.503144654088
6276 0.509433962264
6387 0.51572327044
6388 0.522012578616
6413 0.528301886792
6507 0.534591194969
6545 0.540880503145
6587 0.547169811321
6675 0.553459119497
6888 0.559748427673
6930 0.566037735849
7071 0.578616352201
7071 0.578616352201
7134 0.584905660377
7163 0.591194968553
7211 0.59748427673
7328 0.603773584906
7409 0.610062893082
7420 0.616352201258
7572 0.622641509434
7619 0.62893081761
7632 0.635220125786
7684 0.641509433962
7726 0.647798742138
7745 0.654088050314
7821 0.660377358491
7851 0.666666666667
7983 0.672955974843
8017 0.679245283019
8076 0.685534591195
8118 0.691823899371
8154 0.698113207547
8280 0.704402515723
8376 0.710691823899
8413 0.716981132075
8440 0.723270440252
8494 0.729559748428
8595 0.735849056604
8618 0.74213836478
8705 0.748427672956
8757 0.754716981132
8883 0.761006289308
8999 0.767295597484
9053 0.77358490566
9058 0.779874213836
9078 0.786163522013
9172 0.792452830189
9174 0.798742138365
9552 0.805031446541
9581 0.811320754717
9673 0.817610062893
9686 0.823899371069
9760 0.830188679245
9850 0.836477987421
9872 0.842767295597
10059 0.849056603774
10167 0.85534591195
10233 0.861635220126
10322 0.867924528302
10381 0.874213836478
10441 0.880503144654
11108 0.88679245283
11303 0.893081761006
11471 0.899371069182
11693 0.905660377358
11786 0.911949685535
11835 0.918238993711
11858 0.924528301887
12231 0.930817610063
12571 0.937106918239
13887 0.943396226415
14607 0.949685534591
15302 0.955974842767
15343 0.962264150943
16163 0.968553459119
17457 0.974842767296
18536 0.981132075472
19519 0.987421383648
22053 0.993710691824
22708 1.0
