902 0.003125
1235 0.00625
1820 0.009375
1877 0.0125
2165 0.015625
2244 0.01875
2474 0.021875
2696 0.025
3414 0.028125
3528 0.03125
3635 0.034375
3685 0.0375
3804 0.040625
3861 0.04375
4098 0.046875
4207 0.05
4274 0.053125
4280 0.05625
4296 0.059375
4302 0.0625
4473 0.065625
4628 0.06875
4680 0.071875
4777 0.075
4860 0.078125
4908 0.08125
4937 0.084375
5268 0.0875
5405 0.090625
5638 0.09375
5892 0.096875
5971 0.1
6231 0.103125
6295 0.10625
6369 0.109375
6403 0.1125
6534 0.115625
6594 0.11875
6629 0.121875
6887 0.125
6907 0.128125
7181 0.13125
7315 0.134375
7363 0.1375
7436 0.140625
7505 0.14375
7611 0.146875
7783 0.15
7799 0.153125
7838 0.15625
7991 0.159375
8187 0.1625
8255 0.165625
8266 0.16875
8315 0.171875
8436 0.175
8460 0.178125
8753 0.18125
8755 0.184375
8793 0.190625
8793 0.190625
8913 0.19375
9059 0.196875
9124 0.2
9158 0.203125
9182 0.20625
9294 0.209375
9348 0.2125
9394 0.215625
9493 0.21875
9587 0.221875
9588 0.225
9627 0.228125
9816 0.23125
9854 0.234375
9895 0.2375
9928 0.240625
10019 0.24375
10046 0.246875
10060 0.25
10308 0.253125
10352 0.25625
10367 0.259375
10393 0.2625
10427 0.265625
10461 0.26875
10557 0.271875
10558 0.275
10605 0.278125
10689 0.28125
10709 0.284375
10746 0.2875
10795 0.290625
10831 0.29375
10886 0.296875
10932 0.3
11042 0.303125
11058 0.30625
11183 0.309375
11254 0.3125
11300 0.315625
11400 0.31875
11420 0.321875
11515 0.325
11580 0.328125
11820 0.33125
11927 0.334375
11951 0.3375
12240 0.340625
12317 0.34375
12369 0.346875
12449 0.35
12457 0.353125
12516 0.35625
12521 0.359375
12585 0.3625
12587 0.365625
12595 0.36875
12746 0.371875
12844 0.375
12868 0.378125
13042 0.38125
13141 0.384375
13288 0.3875
13435 0.390625
13943 0.39375
14000 0.396875
14021 0.4
14206 0.403125
14279 0.40625
14351 0.409375
14490 0.4125
14515 0.415625
14615 0.41875
14808 0.421875
14811 0.425
14881 0.428125
14935 0.43125
14965 0.434375
15015 0.4375
15156 0.440625
15199 0.44375
15415 0.446875
15438 0.45
15514 0.453125
15581 0.45625
15621 0.459375
15744 0.4625
15750 0.465625
16015 0.46875
16022 0.471875
16219 0.475
16408 0.478125
16410 0.48125
16607 0.484375
16708 0.4875
16711 0.490625
17033 0.49375
17135 0.496875
17247 0.5
17312 0.503125
17572 0.50625
17622 0.509375
17638 0.5125
17792 0.515625
17869 0.51875
18016 0.521875
18164 0.525
18205 0.528125
18240 0.53125
18290 0.534375
18333 0.5375
18383 0.540625
18509 0.54375
18548 0.546875
18644 0.55
18698 0.553125
18704 0.55625
18732 0.559375
18741 0.5625
18889 0.565625
18988 0.56875
19080 0.571875
19210 0.575
19247 0.578125
19355 0.58125
19362 0.584375
19380 0.5875
19507 0.590625
19626 0.59375
19711 0.596875
19746 0.6
19749 0.603125
19766 0.60625
19803 0.609375
20095 0.6125
20110 0.615625
20133 0.61875
20318 0.621875
20767 0.625
20925 0.628125
20961 0.63125
21153 0.634375
21299 0.6375
21329 0.640625
21488 0.64375
21529 0.646875
21894 0.65
22074 0.653125
22111 0.65625
22189 0.659375
22335 0.6625
22346 0.665625
22381 0.66875
22402 0.671875
22423 0.675
22851 0.678125
22872 0.68125
23005 0.684375
23289 0.6875
23349 0.690625
23604 0.69375
23683 0.696875
23957 0.7
23986 0.703125
24014 0.70625
24099 0.709375
24267 0.7125
24333 0.715625
24447 0.71875
24769 0.721875
24960 0.725
25211 0.728125
25632 0.73125
25667 0.734375
25669 0.7375
25695 0.740625
25910 0.74375
26165 0.746875
26655 0.75
26746 0.753125
27037 0.75625
27234 0.759375
27399 0.7625
27503 0.765625
27811 0.76875
27841 0.771875
28025 0.775
28087 0.778125
28126 0.78125
28396 0.784375
28417 0.7875
28422 0.790625
28424 0.79375
28462 0.796875
28637 0.8
28644 0.803125
28651 0.80625
29002 0.809375
29180 0.8125
29181 0.815625
29265 0.81875
29289 0.821875
29474 0.825
29658 0.828125
29757 0.83125
30266 0.834375
30305 0.8375
30322 0.840625
30379 0.84375
30548 0.846875
30556 0.85
30626 0.853125
30723 0.85625
30752 0.859375
30869 0.8625
31021 0.865625
31610 0.86875
31723 0.871875
32169 0.875
32359 0.878125
32368 0.88125
32910 0.884375
33054 0.8875
33056 0.890625
33834 0.89375
33875 0.896875
33952 0.9
35163 0.903125
36012 0.90625
37063 0.909375
37518 0.9125
37545 0.915625
37943 0.91875
38005 0.921875
38139 0.925
38278 0.928125
38351 0.93125
39997 0.934375
40282 0.9375
40559 0.940625
40997 0.94375
41176 0.946875
41506 0.95
44091 0.953125
44522 0.95625
47076 0.959375
55877 0.9625
59466 0.965625
59763 0.96875
60134 0.971875
60952 0.975
66854 0.978125
68368 0.98125
70544 0.984375
73237 0.9875
74847 0.990625
96938 0.99375
98999 0.996875
99414 1.0
