30 0.00202429149798
32 0.00404858299595
34 0.00607287449393
698 0.0080971659919
928 0.0101214574899
1357 0.0121457489879
1735 0.0141700404858
2189 0.0161943319838
2647 0.0182186234818
2671 0.0202429149798
2695 0.0222672064777
3267 0.0242914979757
3617 0.0263157894737
3644 0.0283400809717
3849 0.0303643724696
4004 0.0323886639676
4338 0.0344129554656
4426 0.0364372469636
4570 0.0384615384615
4693 0.0404858299595
4783 0.0425101214575
5127 0.0445344129555
5202 0.0465587044534
5300 0.0485829959514
5409 0.0506072874494
5436 0.0526315789474
5779 0.0546558704453
6427 0.0566801619433
7040 0.0587044534413
7115 0.0607287449393
7117 0.0627530364372
7223 0.0647773279352
7465 0.0668016194332
7784 0.0688259109312
7848 0.0708502024291
8032 0.0728744939271
8178 0.0748987854251
8182 0.0769230769231
8217 0.0789473684211
8262 0.080971659919
8453 0.082995951417
8648 0.085020242915
8848 0.087044534413
9275 0.0890688259109
9450 0.0910931174089
9455 0.0931174089069
9515 0.0951417004049
10237 0.0971659919028
10325 0.0991902834008
10338 0.101214574899
10586 0.103238866397
10595 0.105263157895
10760 0.107287449393
10809 0.109311740891
11024 0.111336032389
11066 0.113360323887
11153 0.115384615385
11581 0.117408906883
11802 0.119433198381
11922 0.121457489879
11973 0.123481781377
12392 0.125506072874
12570 0.127530364372
12749 0.12955465587
12796 0.131578947368
12827 0.133603238866
12893 0.135627530364
12935 0.137651821862
12996 0.13967611336
13097 0.141700404858
13159 0.143724696356
13448 0.145748987854
13544 0.147773279352
13588 0.14979757085
13918 0.151821862348
14226 0.153846153846
14395 0.155870445344
14430 0.157894736842
14663 0.15991902834
14740 0.161943319838
15072 0.163967611336
15212 0.165991902834
15282 0.168016194332
15566 0.17004048583
15581 0.172064777328
15693 0.174089068826
15836 0.176113360324
15960 0.178137651822
16091 0.18016194332
16121 0.182186234818
16421 0.184210526316
16549 0.186234817814
16554 0.188259109312
16593 0.19028340081
16692 0.192307692308
16826 0.194331983806
17035 0.196356275304
17547 0.198380566802
17679 0.2004048583
17680 0.202429149798
17901 0.204453441296
17934 0.206477732794
17939 0.208502024291
18085 0.210526315789
18301 0.212550607287
18568 0.214574898785
18609 0.216599190283
18932 0.218623481781
18957 0.220647773279
18980 0.222672064777
19080 0.224696356275
19240 0.226720647773
19323 0.228744939271
19361 0.230769230769
19718 0.232793522267
19761 0.234817813765
19795 0.236842105263
19861 0.238866396761
19915 0.240890688259
19916 0.242914979757
20051 0.244939271255
20253 0.246963562753
20306 0.248987854251
20450 0.251012145749
20560 0.253036437247
20623 0.255060728745
20708 0.257085020243
20778 0.259109311741
20882 0.261133603239
21118 0.263157894737
21137 0.265182186235
21226 0.267206477733
21381 0.269230769231
21427 0.271255060729
21475 0.273279352227
21476 0.275303643725
21772 0.277327935223
22157 0.279352226721
22212 0.281376518219
22265 0.283400809717
22347 0.285425101215
22455 0.287449392713
22458 0.289473684211
22486 0.291497975709
22568 0.293522267206
22586 0.295546558704
22618 0.297570850202
22675 0.2995951417
22716 0.301619433198
22834 0.303643724696
22925 0.305668016194
23081 0.307692307692
23196 0.30971659919
23213 0.311740890688
23543 0.313765182186
23612 0.315789473684
23915 0.317813765182
23959 0.31983805668
24021 0.321862348178
24266 0.323886639676
24287 0.325910931174
24290 0.327935222672
24327 0.32995951417
24544 0.331983805668
24696 0.334008097166
24887 0.336032388664
24935 0.338056680162
25179 0.34008097166
25376 0.342105263158
25429 0.344129554656
25472 0.346153846154
25651 0.348178137652
25768 0.35020242915
25971 0.352226720648
26057 0.354251012146
26102 0.356275303644
26275 0.358299595142
26349 0.36032388664
26517 0.362348178138
26659 0.364372469636
26762 0.366396761134
27075 0.368421052632
27341 0.37044534413
27441 0.372469635628
27442 0.374493927126
27842 0.376518218623
27942 0.378542510121
28033 0.380566801619
28093 0.382591093117
28138 0.384615384615
28300 0.386639676113
28409 0.388663967611
28492 0.390688259109
28599 0.392712550607
28824 0.394736842105
28876 0.396761133603
28939 0.398785425101
28942 0.400809716599
29525 0.402834008097
29689 0.404858299595
30035 0.406882591093
30282 0.408906882591
30440 0.410931174089
30645 0.412955465587
30665 0.414979757085
30871 0.417004048583
30917 0.419028340081
31068 0.423076923077
31068 0.423076923077
31288 0.425101214575
31403 0.427125506073
31480 0.429149797571
31546 0.431174089069
31566 0.433198380567
31659 0.435222672065
32148 0.437246963563
32519 0.439271255061
32698 0.441295546559
32890 0.443319838057
32905 0.447368421053
32905 0.447368421053
32991 0.449392712551
33015 0.451417004049
33281 0.453441295547
33388 0.455465587045
33514 0.457489878543
33553 0.45951417004
33612 0.461538461538
33690 0.463562753036
33720 0.465587044534
33982 0.467611336032
34130 0.46963562753
34755 0.471659919028
34782 0.473684210526
35074 0.475708502024
35139 0.477732793522
35176 0.47975708502
35440 0.481781376518
35499 0.483805668016
35503 0.485829959514
35625 0.487854251012
35628 0.48987854251
35633 0.491902834008
35726 0.493927125506
35823 0.495951417004
35870 0.497975708502
35880 0.5
35929 0.502024291498
36161 0.504048582996
36422 0.506072874494
36526 0.508097165992
36667 0.51012145749
37019 0.512145748988
37029 0.514170040486
37356 0.516194331984
37534 0.518218623482
37765 0.52024291498
37785 0.522267206478
37813 0.524291497976
37845 0.526315789474
38188 0.528340080972
38349 0.53036437247
38613 0.532388663968
38675 0.534412955466
38931 0.536437246964
38974 0.538461538462
39238 0.54048582996
39433 0.542510121457
39461 0.544534412955
39502 0.546558704453
39576 0.548582995951
39577 0.550607287449
39592 0.552631578947
39698 0.554655870445
40185 0.556680161943
40421 0.558704453441
40862 0.560728744939
40986 0.562753036437
41056 0.564777327935
41144 0.566801619433
41158 0.568825910931
41322 0.570850202429
41358 0.572874493927
41371 0.574898785425
41594 0.576923076923
41595 0.578947368421
41890 0.580971659919
42492 0.582995951417
43059 0.585020242915
43132 0.587044534413
43343 0.589068825911
43381 0.591093117409
43457 0.593117408907
43501 0.595141700405
43591 0.597165991903
43622 0.599190283401
43635 0.601214574899
44493 0.603238866397
44551 0.605263157895
44633 0.607287449393
44722 0.609311740891
44863 0.611336032389
44967 0.613360323887
45001 0.615384615385
45061 0.617408906883
45150 0.619433198381
45249 0.621457489879
45369 0.623481781377
45377 0.625506072874
45446 0.627530364372
45652 0.62955465587
45719 0.631578947368
45834 0.633603238866
45849 0.635627530364
45905 0.637651821862
45973 0.63967611336
45995 0.641700404858
46498 0.643724696356
46630 0.645748987854
46722 0.647773279352
47248 0.64979757085
47309 0.651821862348
47437 0.653846153846
47633 0.655870445344
47662 0.657894736842
47840 0.65991902834
48015 0.661943319838
48593 0.663967611336
48610 0.665991902834
48646 0.668016194332
49106 0.67004048583
49434 0.672064777328
49481 0.674089068826
49629 0.676113360324
49841 0.678137651822
50084 0.682186234818
50084 0.682186234818
50374 0.684210526316
50403 0.686234817814
50500 0.688259109312
50586 0.69028340081
50631 0.692307692308
50779 0.694331983806
50802 0.696356275304
50843 0.698380566802
50873 0.7004048583
50898 0.702429149798
51038 0.704453441296
51124 0.706477732794
51195 0.708502024291
51328 0.710526315789
51493 0.712550607287
51640 0.714574898785
51778 0.716599190283
51806 0.718623481781
51930 0.720647773279
51970 0.722672064777
52257 0.724696356275
52350 0.726720647773
52408 0.728744939271
52454 0.730769230769
52458 0.732793522267
52497 0.734817813765
52958 0.736842105263
53579 0.738866396761
53751 0.740890688259
53821 0.742914979757
54114 0.744939271255
54255 0.746963562753
54984 0.748987854251
55017 0.751012145749
55561 0.753036437247
55694 0.755060728745
56118 0.757085020243
57176 0.759109311741
57448 0.761133603239
57552 0.763157894737
57767 0.765182186235
57825 0.767206477733
57910 0.769230769231
58133 0.771255060729
58270 0.773279352227
58379 0.775303643725
59091 0.777327935223
59169 0.779352226721
59273 0.781376518219
59346 0.783400809717
59516 0.785425101215
59530 0.787449392713
59602 0.789473684211
59943 0.791497975709
60203 0.793522267206
60410 0.795546558704
60455 0.797570850202
60485 0.7995951417
61100 0.801619433198
61473 0.803643724696
61520 0.805668016194
61558 0.807692307692
61872 0.80971659919
62190 0.811740890688
62575 0.813765182186
62661 0.815789473684
62791 0.817813765182
63415 0.81983805668
64206 0.821862348178
64290 0.823886639676
64784 0.825910931174
64842 0.827935222672
65018 0.82995951417
65909 0.831983805668
65913 0.834008097166
66138 0.836032388664
66471 0.838056680162
66493 0.84008097166
66672 0.842105263158
66966 0.844129554656
67751 0.846153846154
68584 0.848178137652
69205 0.85020242915
70195 0.852226720648
70536 0.854251012146
71744 0.856275303644
71935 0.858299595142
71999 0.86032388664
72075 0.862348178138
72361 0.864372469636
73590 0.866396761134
73832 0.868421052632
73946 0.87044534413
74050 0.872469635628
74742 0.874493927126
74994 0.876518218623
75734 0.878542510121
75942 0.880566801619
76191 0.882591093117
77003 0.884615384615
78554 0.886639676113
78735 0.888663967611
79294 0.890688259109
79447 0.892712550607
80088 0.894736842105
81947 0.896761133603
83723 0.898785425101
84957 0.900809716599
85870 0.902834008097
87148 0.904858299595
87570 0.906882591093
88001 0.908906882591
92261 0.910931174089
93395 0.912955465587
95048 0.914979757085
97809 0.917004048583
99188 0.919028340081
100176 0.921052631579
100361 0.923076923077
100891 0.925101214575
101916 0.927125506073
101961 0.929149797571
102025 0.931174089069
107924 0.933198380567
109652 0.935222672065
110725 0.937246963563
111420 0.939271255061
112128 0.941295546559
113381 0.943319838057
123249 0.945344129555
123654 0.947368421053
123918 0.949392712551
125159 0.951417004049
125502 0.953441295547
127241 0.955465587045
127839 0.957489878543
128187 0.95951417004
129709 0.961538461538
137379 0.963562753036
137928 0.965587044534
140417 0.967611336032
141399 0.96963562753
142816 0.971659919028
146527 0.973684210526
151427 0.975708502024
162087 0.977732793522
171222 0.97975708502
182578 0.981781376518
183560 0.983805668016
184443 0.985829959514
188304 0.987854251012
196623 0.98987854251
216357 0.991902834008
248387 0.993927125506
256968 0.995951417004
266223 0.997975708502
2859962 1.0
