28 0.00326797385621
36 0.00653594771242
1019 0.00980392156863
1375 0.0130718954248
1894 0.016339869281
2002 0.0196078431373
2098 0.0228758169935
2396 0.0261437908497
2423 0.0294117647059
2426 0.0326797385621
2734 0.0359477124183
3736 0.0392156862745
3793 0.0424836601307
3841 0.0457516339869
4075 0.0490196078431
4288 0.0522875816993
4302 0.0555555555556
4604 0.0588235294118
4646 0.062091503268
4721 0.0653594771242
4743 0.0686274509804
4897 0.0718954248366
5000 0.0751633986928
5117 0.078431372549
5196 0.0816993464052
5308 0.0849673202614
5413 0.0882352941176
5480 0.0915032679739
5525 0.0947712418301
5539 0.0980392156863
5571 0.101307189542
6283 0.104575163399
6311 0.107843137255
6320 0.111111111111
6404 0.114379084967
6483 0.117647058824
6661 0.12091503268
6721 0.124183006536
6801 0.127450980392
6835 0.130718954248
6942 0.133986928105
7025 0.137254901961
7420 0.140522875817
7567 0.143790849673
7724 0.147058823529
7739 0.150326797386
7814 0.153594771242
7938 0.156862745098
8016 0.160130718954
8023 0.16339869281
8030 0.166666666667
8125 0.169934640523
8185 0.173202614379
8202 0.176470588235
8203 0.179738562092
8242 0.183006535948
8298 0.186274509804
8311 0.18954248366
8491 0.192810457516
8667 0.196078431373
8769 0.199346405229
8811 0.202614379085
8818 0.205882352941
8849 0.209150326797
8893 0.212418300654
8971 0.21568627451
9088 0.218954248366
9131 0.222222222222
9341 0.225490196078
9374 0.228758169935
9385 0.232026143791
9444 0.235294117647
9457 0.238562091503
9482 0.241830065359
9493 0.245098039216
9663 0.248366013072
9671 0.251633986928
9733 0.254901960784
9754 0.258169934641
9946 0.261437908497
10375 0.264705882353
10425 0.267973856209
10522 0.271241830065
10557 0.274509803922
10591 0.277777777778
10684 0.281045751634
10823 0.28431372549
10892 0.287581699346
11008 0.290849673203
11286 0.294117647059
11297 0.297385620915
11315 0.300653594771
11438 0.303921568627
11507 0.307189542484
11736 0.31045751634
11827 0.313725490196
11836 0.316993464052
11887 0.320261437908
11972 0.323529411765
12026 0.326797385621
12195 0.330065359477
12429 0.333333333333
12616 0.33660130719
12801 0.339869281046
12863 0.343137254902
12936 0.346405228758
13088 0.349673202614
13099 0.352941176471
13112 0.356209150327
13189 0.359477124183
13207 0.362745098039
13342 0.366013071895
13379 0.369281045752
13394 0.375816993464
13394 0.375816993464
13420 0.37908496732
13448 0.382352941176
13451 0.385620915033
13477 0.388888888889
13629 0.392156862745
13670 0.395424836601
13765 0.398692810458
13772 0.401960784314
13789 0.40522875817
13964 0.408496732026
14195 0.411764705882
14216 0.415032679739
14536 0.418300653595
14594 0.421568627451
14690 0.424836601307
14718 0.428104575163
14761 0.43137254902
14828 0.434640522876
14857 0.437908496732
14865 0.441176470588
15210 0.444444444444
15270 0.447712418301
15473 0.450980392157
15542 0.454248366013
15649 0.457516339869
15650 0.460784313725
15695 0.464052287582
15843 0.467320261438
15960 0.470588235294
16051 0.47385620915
16058 0.477124183007
16062 0.480392156863
16125 0.483660130719
16155 0.486928104575
16316 0.490196078431
16338 0.493464052288
16521 0.496732026144
16596 0.5
16627 0.503267973856
16971 0.506535947712
17026 0.509803921569
17172 0.513071895425
17273 0.516339869281
17405 0.519607843137
17419 0.522875816993
17511 0.52614379085
17521 0.529411764706
17626 0.532679738562
17718 0.535947712418
17744 0.539215686275
17759 0.542483660131
17764 0.545751633987
17797 0.549019607843
18645 0.552287581699
18665 0.555555555556
18750 0.558823529412
18773 0.565359477124
18773 0.565359477124
18955 0.56862745098
19084 0.571895424837
19173 0.575163398693
19245 0.578431372549
19442 0.581699346405
19585 0.584967320261
19634 0.588235294118
19710 0.591503267974
19888 0.59477124183
19913 0.598039215686
20051 0.601307189542
20200 0.604575163399
20279 0.607843137255
20372 0.611111111111
20648 0.614379084967
20675 0.617647058824
20910 0.62091503268
20985 0.624183006536
21006 0.627450980392
21135 0.630718954248
21221 0.633986928105
21354 0.637254901961
21356 0.640522875817
21540 0.643790849673
21891 0.647058823529
21923 0.650326797386
21926 0.653594771242
21985 0.656862745098
22551 0.660130718954
22758 0.66339869281
22782 0.666666666667
22876 0.669934640523
22965 0.673202614379
23178 0.676470588235
23222 0.679738562092
23472 0.683006535948
23610 0.686274509804
23676 0.68954248366
23942 0.692810457516
24029 0.696078431373
24264 0.699346405229
24307 0.702614379085
24574 0.705882352941
24681 0.709150326797
24701 0.712418300654
24711 0.71568627451
24766 0.718954248366
25276 0.722222222222
25519 0.725490196078
25619 0.728758169935
25639 0.732026143791
25916 0.735294117647
26312 0.738562091503
26316 0.741830065359
27053 0.745098039216
27122 0.748366013072
27135 0.751633986928
27564 0.754901960784
27598 0.758169934641
27696 0.761437908497
27714 0.764705882353
27808 0.767973856209
27933 0.771241830065
28309 0.774509803922
28811 0.777777777778
28946 0.781045751634
29236 0.78431372549
29284 0.787581699346
29303 0.790849673203
29377 0.794117647059
29398 0.797385620915
29449 0.800653594771
29581 0.803921568627
29603 0.807189542484
29688 0.81045751634
29897 0.813725490196
29960 0.816993464052
30414 0.820261437908
30442 0.823529411765
30754 0.826797385621
31052 0.830065359477
31077 0.833333333333
31173 0.83660130719
31991 0.839869281046
32136 0.843137254902
32617 0.846405228758
32622 0.849673202614
32627 0.852941176471
32713 0.856209150327
32778 0.859477124183
33152 0.862745098039
33312 0.866013071895
34197 0.869281045752
34437 0.872549019608
34540 0.875816993464
34972 0.87908496732
35437 0.882352941176
35670 0.885620915033
37524 0.888888888889
39864 0.892156862745
40483 0.895424836601
40702 0.898692810458
40916 0.901960784314
41344 0.90522875817
42383 0.908496732026
43370 0.911764705882
43460 0.915032679739
43986 0.918300653595
45517 0.921568627451
46683 0.924836601307
47427 0.928104575163
48522 0.93137254902
49362 0.934640522876
53548 0.937908496732
54205 0.941176470588
58510 0.944444444444
59083 0.947712418301
60672 0.950980392157
60941 0.954248366013
64890 0.957516339869
65128 0.960784313725
67405 0.964052287582
71717 0.967320261438
72665 0.970588235294
72706 0.97385620915
73952 0.977124183007
80832 0.980392156863
93612 0.983660130719
95758 0.986928104575
101065 0.990196078431
140278 0.993464052288
154353 0.996732026144
177754 1.0
