35 0.00202839756592
522 0.00405679513185
626 0.00608519269777
1021 0.00811359026369
1071 0.0101419878296
1116 0.0121703853955
1189 0.0141987829615
1248 0.0162271805274
1708 0.0182555780933
1762 0.0202839756592
1778 0.0223123732252
1792 0.0243407707911
1864 0.026369168357
1901 0.0283975659229
1928 0.0304259634888
2022 0.0324543610548
2250 0.0344827586207
2471 0.0365111561866
2508 0.0385395537525
2514 0.0405679513185
2523 0.0425963488844
2530 0.0446247464503
2534 0.0466531440162
2559 0.0486815415822
2566 0.0507099391481
2575 0.052738336714
2677 0.0547667342799
2777 0.0567951318458
3040 0.0588235294118
3074 0.0608519269777
3124 0.0628803245436
3125 0.0649087221095
3153 0.0669371196755
3156 0.0689655172414
3267 0.0709939148073
3492 0.0730223123732
3507 0.0750507099391
3601 0.0770791075051
3658 0.079107505071
3690 0.0811359026369
3837 0.0831643002028
3951 0.0851926977688
4043 0.0872210953347
4054 0.0892494929006
4125 0.0912778904665
4191 0.0933062880325
4282 0.0953346855984
4307 0.0973630831643
4314 0.0993914807302
4406 0.101419878296
4500 0.103448275862
4569 0.105476673428
4581 0.107505070994
4599 0.10953346856
4637 0.111561866126
4662 0.113590263692
4685 0.115618661258
4711 0.117647058824
4758 0.119675456389
4813 0.121703853955
4843 0.123732251521
4905 0.125760649087
4926 0.127789046653
4964 0.129817444219
5004 0.131845841785
5012 0.133874239351
5045 0.137931034483
5045 0.137931034483
5061 0.139959432049
5066 0.144016227181
5066 0.144016227181
5131 0.146044624746
5146 0.148073022312
5161 0.150101419878
5228 0.152129817444
5267 0.15415821501
5288 0.156186612576
5366 0.158215010142
5390 0.160243407708
5416 0.162271805274
5446 0.16430020284
5494 0.166328600406
5550 0.168356997972
5553 0.170385395538
5640 0.172413793103
5710 0.174442190669
5733 0.176470588235
5811 0.178498985801
5884 0.180527383367
5910 0.184584178499
5910 0.184584178499
5912 0.186612576065
5971 0.188640973631
6000 0.190669371197
6009 0.192697768763
6068 0.194726166329
6091 0.196754563895
6186 0.19878296146
6197 0.200811359026
6200 0.202839756592
6213 0.204868154158
6231 0.206896551724
6248 0.20892494929
6261 0.210953346856
6264 0.212981744422
6266 0.215010141988
6267 0.217038539554
6329 0.21906693712
6357 0.221095334686
6427 0.223123732252
6429 0.225152129817
6514 0.227180527383
6529 0.229208924949
6535 0.231237322515
6538 0.233265720081
6574 0.235294117647
6594 0.237322515213
6616 0.239350912779
6623 0.241379310345
6668 0.243407707911
6685 0.245436105477
6703 0.247464503043
6711 0.249492900609
6717 0.251521298174
6739 0.25354969574
6774 0.255578093306
6830 0.257606490872
6850 0.259634888438
6910 0.261663286004
6942 0.26369168357
6949 0.265720081136
7100 0.267748478702
7199 0.269776876268
7234 0.271805273834
7286 0.2738336714
7381 0.275862068966
7407 0.277890466531
7477 0.279918864097
7491 0.281947261663
7517 0.283975659229
7522 0.286004056795
7594 0.288032454361
7634 0.290060851927
7808 0.292089249493
7860 0.294117647059
7868 0.296146044625
7929 0.298174442191
7972 0.302231237323
7972 0.302231237323
8013 0.304259634888
8027 0.306288032454
8043 0.30831643002
8203 0.310344827586
8241 0.312373225152
8251 0.314401622718
8301 0.316430020284
8346 0.31845841785
8362 0.320486815416
8413 0.322515212982
8427 0.324543610548
8524 0.326572008114
8529 0.32860040568
8558 0.330628803245
8579 0.332657200811
8625 0.334685598377
8641 0.336713995943
8657 0.338742393509
8729 0.340770791075
8783 0.342799188641
8855 0.344827586207
8881 0.346855983773
8939 0.348884381339
8954 0.350912778905
9004 0.352941176471
9118 0.354969574037
9158 0.356997971602
9201 0.359026369168
9244 0.361054766734
9307 0.3630831643
9368 0.365111561866
9412 0.367139959432
9449 0.369168356998
9552 0.371196754564
9603 0.37322515213
9612 0.375253549696
9636 0.377281947262
9692 0.379310344828
9748 0.381338742394
9762 0.383367139959
9826 0.385395537525
9832 0.387423935091
9861 0.389452332657
9968 0.391480730223
10020 0.393509127789
10030 0.395537525355
10058 0.397565922921
10065 0.399594320487
10103 0.401622718053
10196 0.403651115619
10228 0.405679513185
10287 0.407707910751
10301 0.409736308316
10310 0.411764705882
10328 0.413793103448
10370 0.415821501014
10404 0.41784989858
10407 0.419878296146
10412 0.421906693712
10499 0.423935091278
10609 0.425963488844
10615 0.42799188641
10687 0.430020283976
10699 0.432048681542
10770 0.434077079108
10774 0.436105476673
10781 0.438133874239
10837 0.440162271805
10904 0.442190669371
10917 0.444219066937
10927 0.446247464503
10934 0.448275862069
10939 0.450304259635
10958 0.452332657201
10959 0.454361054767
10967 0.456389452333
10997 0.458417849899
11075 0.460446247465
11137 0.46247464503
11215 0.464503042596
11308 0.466531440162
11354 0.468559837728
11365 0.470588235294
11395 0.47261663286
11498 0.474645030426
11510 0.476673427992
11537 0.480730223124
11537 0.480730223124
11647 0.48275862069
11694 0.484787018256
11796 0.486815415822
11812 0.488843813387
12007 0.490872210953
12008 0.492900608519
12030 0.494929006085
12152 0.496957403651
12312 0.498985801217
12327 0.501014198783
12348 0.503042596349
12349 0.505070993915
12382 0.507099391481
12384 0.509127789047
12405 0.511156186613
12428 0.513184584178
12463 0.515212981744
12555 0.51724137931
12669 0.519269776876
12756 0.521298174442
12767 0.523326572008
12777 0.525354969574
12789 0.52738336714
12798 0.529411764706
12808 0.531440162272
12836 0.533468559838
12843 0.535496957404
12845 0.53752535497
12890 0.539553752535
12899 0.541582150101
12965 0.543610547667
13113 0.545638945233
13125 0.547667342799
13219 0.549695740365
13243 0.551724137931
13247 0.553752535497
13357 0.555780933063
13396 0.557809330629
13532 0.559837728195
13545 0.561866125761
13577 0.563894523327
13652 0.565922920892
13759 0.567951318458
13856 0.569979716024
13862 0.57200811359
13933 0.574036511156
13994 0.576064908722
14023 0.578093306288
14035 0.580121703854
14087 0.58215010142
14115 0.584178498986
14236 0.586206896552
14307 0.588235294118
14310 0.590263691684
14436 0.592292089249
14458 0.594320486815
14513 0.596348884381
14550 0.598377281947
14564 0.600405679513
14577 0.602434077079
14628 0.604462474645
14667 0.606490872211
14714 0.608519269777
14727 0.610547667343
14736 0.612576064909
14833 0.614604462475
14849 0.616632860041
14969 0.618661257606
15021 0.620689655172
15118 0.622718052738
15158 0.624746450304
15207 0.62677484787
15210 0.628803245436
15351 0.630831643002
15370 0.632860040568
15431 0.634888438134
15532 0.6369168357
15658 0.638945233266
15698 0.640973630832
15805 0.643002028398
15835 0.645030425963
16021 0.647058823529
16035 0.649087221095
16123 0.651115618661
16222 0.653144016227
16287 0.655172413793
16368 0.657200811359
16450 0.659229208925
16460 0.661257606491
16473 0.663286004057
16479 0.665314401623
16547 0.667342799189
16558 0.669371196755
16642 0.67139959432
16667 0.673427991886
16681 0.675456389452
16699 0.677484787018
16733 0.679513184584
16737 0.68154158215
16759 0.683569979716
16841 0.685598377282
16976 0.687626774848
17053 0.689655172414
17147 0.69168356998
17163 0.693711967546
17190 0.695740365112
17209 0.697768762677
17296 0.699797160243
17307 0.701825557809
17370 0.703853955375
17467 0.705882352941
17471 0.707910750507
17549 0.709939148073
17583 0.711967545639
17646 0.713995943205
17673 0.716024340771
17676 0.718052738337
17682 0.720081135903
17686 0.722109533469
17800 0.724137931034
17902 0.7261663286
17945 0.728194726166
18117 0.730223123732
18147 0.732251521298
18154 0.734279918864
18216 0.73630831643
18219 0.738336713996
18293 0.740365111562
18301 0.742393509128
18447 0.744421906694
18478 0.74645030426
18545 0.748478701826
18707 0.750507099391
18722 0.752535496957
18778 0.754563894523
18832 0.756592292089
18850 0.758620689655
18858 0.760649087221
18863 0.762677484787
18942 0.764705882353
19123 0.766734279919
19172 0.768762677485
19241 0.770791075051
19261 0.772819472617
19266 0.774847870183
19327 0.776876267748
19348 0.778904665314
19365 0.78093306288
19466 0.782961460446
19633 0.784989858012
19675 0.787018255578
19685 0.789046653144
19756 0.79107505071
19775 0.793103448276
19885 0.795131845842
19889 0.797160243408
20095 0.799188640974
20213 0.80121703854
20342 0.803245436105
20406 0.805273833671
20533 0.807302231237
20775 0.809330628803
20826 0.811359026369
20937 0.813387423935
21105 0.815415821501
21305 0.817444219067
21410 0.819472616633
21575 0.821501014199
21738 0.823529411765
21794 0.825557809331
21837 0.827586206897
21873 0.829614604462
21980 0.831643002028
22188 0.833671399594
22236 0.83569979716
22256 0.837728194726
22501 0.839756592292
22571 0.841784989858
22647 0.843813387424
22741 0.84584178499
23141 0.847870182556
23144 0.849898580122
23180 0.851926977688
23210 0.853955375254
23219 0.855983772819
23257 0.858012170385
23275 0.860040567951
23424 0.862068965517
23448 0.864097363083
23468 0.866125760649
23479 0.868154158215
23577 0.870182555781
23595 0.872210953347
23915 0.874239350913
24286 0.876267748479
24310 0.878296146045
24345 0.880324543611
24620 0.882352941176
24754 0.884381338742
24845 0.886409736308
24846 0.888438133874
25195 0.89046653144
25906 0.892494929006
25970 0.894523326572
26263 0.896551724138
26288 0.898580121704
26354 0.90060851927
26389 0.902636916836
26454 0.904665314402
26784 0.906693711968
26928 0.908722109533
26995 0.910750507099
27078 0.912778904665
27263 0.914807302231
27713 0.916835699797
28283 0.918864097363
28576 0.920892494929
28831 0.922920892495
29038 0.924949290061
32717 0.926977687627
35415 0.929006085193
35460 0.931034482759
35776 0.933062880325
36029 0.93509127789
36883 0.937119675456
37180 0.939148073022
37261 0.941176470588
37963 0.943204868154
38125 0.94523326572
39269 0.947261663286
39505 0.949290060852
39712 0.951318458418
39752 0.953346855984
39894 0.95537525355
40276 0.957403651116
40761 0.959432048682
41089 0.961460446247
41643 0.963488843813
42496 0.965517241379
43787 0.967545638945
44430 0.969574036511
45653 0.971602434077
46034 0.973630831643
46587 0.975659229209
50390 0.977687626775
53169 0.979716024341
54551 0.981744421907
56591 0.983772819473
57625 0.985801217039
57780 0.987829614604
61750 0.98985801217
62623 0.991886409736
71562 0.993914807302
73645 0.995943204868
79856 0.997971602434
84167 1.0
