34 0.0020202020202
370 0.0040404040404
437 0.00606060606061
550 0.00808080808081
655 0.010101010101
672 0.0121212121212
713 0.0141414141414
751 0.0161616161616
874 0.0181818181818
993 0.020202020202
1025 0.0222222222222
1037 0.0242424242424
1058 0.0262626262626
1060 0.0282828282828
1069 0.030303030303
1087 0.0323232323232
1092 0.0343434343434
1136 0.0363636363636
1163 0.0383838383838
1168 0.040404040404
1170 0.0424242424242
1195 0.0444444444444
1230 0.0464646464646
1236 0.0484848484848
1259 0.0505050505051
1262 0.0525252525253
1264 0.0545454545455
1296 0.0565656565657
1311 0.0585858585859
1321 0.0606060606061
1396 0.0626262626263
1403 0.0646464646465
1427 0.0666666666667
1457 0.0686868686869
1461 0.0707070707071
1469 0.0727272727273
1507 0.0747474747475
1517 0.0767676767677
1541 0.0787878787879
1556 0.0808080808081
1570 0.0828282828283
1585 0.0848484848485
1619 0.0868686868687
1626 0.0888888888889
1632 0.0909090909091
1647 0.0929292929293
1685 0.0949494949495
1686 0.0969696969697
1688 0.0989898989899
1709 0.10101010101
1714 0.10303030303
1729 0.105050505051
1738 0.107070707071
1739 0.109090909091
1743 0.111111111111
1753 0.113131313131
1761 0.115151515152
1795 0.117171717172
1798 0.119191919192
1820 0.121212121212
1830 0.123232323232
1833 0.125252525253
1840 0.127272727273
1844 0.129292929293
1856 0.131313131313
1858 0.133333333333
1860 0.137373737374
1860 0.137373737374
1883 0.139393939394
1885 0.143434343434
1885 0.143434343434
1911 0.145454545455
1916 0.147474747475
1931 0.149494949495
1932 0.151515151515
1940 0.153535353535
1947 0.155555555556
1953 0.157575757576
1961 0.159595959596
1975 0.161616161616
1976 0.163636363636
1980 0.165656565657
1987 0.167676767677
1991 0.169696969697
2009 0.171717171717
2013 0.173737373737
2015 0.175757575758
2017 0.177777777778
2018 0.181818181818
2018 0.181818181818
2025 0.183838383838
2029 0.185858585859
2030 0.187878787879
2032 0.189898989899
2037 0.191919191919
2044 0.193939393939
2054 0.19595959596
2057 0.19797979798
2064 0.2
2071 0.20202020202
2075 0.20404040404
2080 0.206060606061
2087 0.208080808081
2089 0.210101010101
2092 0.212121212121
2100 0.214141414141
2102 0.218181818182
2102 0.218181818182
2108 0.222222222222
2108 0.222222222222
2120 0.224242424242
2121 0.226262626263
2123 0.228282828283
2124 0.230303030303
2129 0.232323232323
2135 0.234343434343
2147 0.236363636364
2149 0.238383838384
2153 0.240404040404
2156 0.242424242424
2166 0.244444444444
2170 0.246464646465
2174 0.248484848485
2185 0.250505050505
2188 0.252525252525
2195 0.254545454545
2209 0.256565656566
2215 0.258585858586
2221 0.260606060606
2241 0.262626262626
2245 0.264646464646
2254 0.266666666667
2270 0.268686868687
2272 0.270707070707
2278 0.272727272727
2286 0.274747474747
2292 0.278787878788
2292 0.278787878788
2300 0.280808080808
2303 0.282828282828
2312 0.284848484848
2327 0.286868686869
2329 0.288888888889
2334 0.290909090909
2343 0.292929292929
2345 0.294949494949
2351 0.29696969697
2354 0.29898989899
2359 0.30101010101
2364 0.30303030303
2378 0.305050505051
2380 0.307070707071
2391 0.309090909091
2400 0.311111111111
2413 0.313131313131
2434 0.315151515152
2444 0.319191919192
2444 0.319191919192
2451 0.321212121212
2468 0.323232323232
2471 0.325252525253
2485 0.327272727273
2499 0.329292929293
2502 0.331313131313
2508 0.333333333333
2516 0.335353535354
2524 0.337373737374
2527 0.339393939394
2529 0.341414141414
2585 0.343434343434
2598 0.345454545455
2605 0.347474747475
2616 0.349494949495
2617 0.351515151515
2619 0.353535353535
2646 0.355555555556
2653 0.357575757576
2655 0.359595959596
2659 0.361616161616
2667 0.363636363636
2672 0.365656565657
2679 0.367676767677
2699 0.369696969697
2705 0.373737373737
2705 0.373737373737
2737 0.375757575758
2738 0.377777777778
2752 0.379797979798
2753 0.381818181818
2757 0.383838383838
2758 0.387878787879
2758 0.387878787879
2760 0.389898989899
2763 0.393939393939
2763 0.393939393939
2765 0.39595959596
2767 0.39797979798
2769 0.4
2801 0.40202020202
2802 0.40404040404
2806 0.406060606061
2809 0.408080808081
2817 0.412121212121
2817 0.412121212121
2818 0.414141414141
2819 0.416161616162
2827 0.420202020202
2827 0.420202020202
2831 0.422222222222
2833 0.424242424242
2834 0.426262626263
2835 0.428282828283
2837 0.430303030303
2844 0.432323232323
2847 0.434343434343
2849 0.436363636364
2850 0.438383838384
2857 0.440404040404
2883 0.442424242424
2889 0.444444444444
2892 0.446464646465
2911 0.448484848485
2923 0.450505050505
2938 0.452525252525
2951 0.454545454545
2963 0.456565656566
2971 0.458585858586
2973 0.460606060606
2975 0.462626262626
2978 0.464646464646
2990 0.468686868687
2990 0.468686868687
2997 0.470707070707
3003 0.472727272727
3007 0.474747474747
3008 0.476767676768
3013 0.478787878788
3017 0.480808080808
3049 0.482828282828
3060 0.484848484848
3070 0.486868686869
3073 0.488888888889
3076 0.490909090909
3087 0.492929292929
3110 0.494949494949
3116 0.49696969697
3144 0.49898989899
3152 0.50101010101
3153 0.50303030303
3168 0.505050505051
3169 0.507070707071
3175 0.509090909091
3177 0.511111111111
3192 0.513131313131
3193 0.515151515152
3215 0.517171717172
3242 0.519191919192
3249 0.521212121212
3251 0.523232323232
3252 0.525252525253
3261 0.527272727273
3271 0.529292929293
3276 0.531313131313
3305 0.533333333333
3308 0.535353535354
3311 0.537373737374
3312 0.539393939394
3314 0.541414141414
3315 0.543434343434
3332 0.545454545455
3333 0.547474747475
3338 0.549494949495
3352 0.551515151515
3364 0.553535353535
3380 0.555555555556
3381 0.557575757576
3384 0.559595959596
3390 0.561616161616
3399 0.563636363636
3401 0.565656565657
3414 0.567676767677
3426 0.569696969697
3459 0.571717171717
3462 0.573737373737
3464 0.575757575758
3466 0.577777777778
3469 0.579797979798
3475 0.581818181818
3481 0.583838383838
3488 0.585858585859
3489 0.587878787879
3562 0.589898989899
3575 0.591919191919
3578 0.593939393939
3587 0.59595959596
3590 0.59797979798
3609 0.6
3642 0.60202020202
3648 0.60404040404
3665 0.606060606061
3682 0.608080808081
3683 0.610101010101
3687 0.612121212121
3693 0.614141414141
3735 0.616161616162
3744 0.618181818182
3763 0.620202020202
3766 0.622222222222
3771 0.626262626263
3771 0.626262626263
3797 0.628282828283
3866 0.630303030303
3873 0.632323232323
3881 0.634343434343
3905 0.636363636364
3907 0.638383838384
3914 0.640404040404
3915 0.642424242424
3917 0.644444444444
3938 0.646464646465
3944 0.648484848485
3948 0.650505050505
3949 0.652525252525
3974 0.654545454545
3998 0.656565656566
4000 0.658585858586
4004 0.660606060606
4010 0.662626262626
4018 0.664646464646
4022 0.666666666667
4030 0.668686868687
4072 0.670707070707
4079 0.672727272727
4080 0.674747474747
4094 0.676767676768
4097 0.678787878788
4102 0.682828282828
4102 0.682828282828
4107 0.684848484848
4134 0.686868686869
4162 0.688888888889
4163 0.690909090909
4166 0.692929292929
4168 0.694949494949
4186 0.69696969697
4193 0.69898989899
4199 0.70101010101
4215 0.70303030303
4220 0.705050505051
4247 0.707070707071
4260 0.709090909091
4272 0.711111111111
4277 0.713131313131
4281 0.715151515152
4298 0.717171717172
4302 0.719191919192
4310 0.721212121212
4314 0.723232323232
4354 0.725252525253
4369 0.727272727273
4377 0.729292929293
4453 0.731313131313
4454 0.733333333333
4473 0.735353535354
4477 0.737373737374
4478 0.739393939394
4530 0.741414141414
4532 0.743434343434
4558 0.747474747475
4558 0.747474747475
4578 0.751515151515
4578 0.751515151515
4640 0.753535353535
4667 0.755555555556
4672 0.757575757576
4691 0.759595959596
4698 0.761616161616
4705 0.763636363636
4710 0.765656565657
4712 0.767676767677
4715 0.769696969697
4723 0.771717171717
4749 0.773737373737
4766 0.775757575758
4770 0.777777777778
4822 0.779797979798
4845 0.781818181818
4898 0.783838383838
4925 0.785858585859
4945 0.787878787879
4949 0.789898989899
4993 0.791919191919
4998 0.793939393939
5028 0.79595959596
5031 0.79797979798
5041 0.8
5067 0.80202020202
5097 0.80404040404
5104 0.806060606061
5114 0.808080808081
5124 0.810101010101
5147 0.812121212121
5191 0.814141414141
5198 0.816161616162
5234 0.818181818182
5271 0.820202020202
5282 0.822222222222
5345 0.824242424242
5355 0.826262626263
5393 0.828282828283
5413 0.830303030303
5456 0.832323232323
5459 0.834343434343
5516 0.836363636364
5530 0.838383838384
5549 0.840404040404
5568 0.842424242424
5598 0.844444444444
5600 0.846464646465
5623 0.848484848485
5650 0.850505050505
5662 0.852525252525
5674 0.854545454545
5704 0.856565656566
5726 0.858585858586
5734 0.860606060606
5743 0.862626262626
5776 0.864646464646
5809 0.866666666667
5851 0.868686868687
5899 0.870707070707
5900 0.872727272727
5923 0.874747474747
5933 0.876767676768
5967 0.878787878788
5992 0.880808080808
5993 0.882828282828
5996 0.884848484848
5997 0.886868686869
5999 0.888888888889
6015 0.890909090909
6019 0.892929292929
6032 0.894949494949
6039 0.89696969697
6086 0.89898989899
6093 0.90101010101
6103 0.90303030303
6107 0.905050505051
6116 0.907070707071
6121 0.909090909091
6123 0.911111111111
6142 0.913131313131
6209 0.915151515152
6213 0.917171717172
6254 0.919191919192
6285 0.921212121212
6322 0.923232323232
6350 0.925252525253
6382 0.927272727273
6562 0.929292929293
6598 0.931313131313
6619 0.933333333333
6660 0.935353535354
6664 0.937373737374
6678 0.939393939394
6805 0.941414141414
6909 0.943434343434
6914 0.945454545455
6973 0.947474747475
7006 0.949494949495
7202 0.951515151515
7260 0.953535353535
7392 0.955555555556
7394 0.957575757576
7475 0.959595959596
7512 0.961616161616
7590 0.963636363636
7714 0.965656565657
7747 0.967676767677
7783 0.969696969697
7813 0.971717171717
7820 0.973737373737
7895 0.975757575758
8082 0.977777777778
8090 0.979797979798
8174 0.981818181818
8264 0.983838383838
8339 0.985858585859
8480 0.987878787879
8813 0.989898989899
8837 0.991919191919
8955 0.993939393939
9367 0.99595959596
12493 0.99797979798
35571 1.0
