33 0.0020202020202
557 0.0040404040404
707 0.00606060606061
758 0.00808080808081
905 0.010101010101
1046 0.0121212121212
1082 0.0141414141414
1167 0.0161616161616
1371 0.0181818181818
1820 0.020202020202
1830 0.0222222222222
1831 0.0242424242424
1845 0.0262626262626
1895 0.0282828282828
1954 0.030303030303
2092 0.0323232323232
2207 0.0343434343434
2322 0.0363636363636
2327 0.0383838383838
2329 0.040404040404
2359 0.0424242424242
2388 0.0444444444444
2510 0.0464646464646
2561 0.0484848484848
2575 0.0505050505051
2611 0.0525252525253
2650 0.0545454545455
2816 0.0565656565657
2858 0.0585858585859
2886 0.0606060606061
2931 0.0626262626263
2987 0.0646464646465
3171 0.0666666666667
3198 0.0686868686869
3204 0.0707070707071
3207 0.0727272727273
3241 0.0747474747475
3251 0.0767676767677
3260 0.0787878787879
3284 0.0808080808081
3302 0.0828282828283
3416 0.0848484848485
3424 0.0868686868687
3448 0.0888888888889
3505 0.0909090909091
3546 0.0929292929293
3564 0.0969696969697
3564 0.0969696969697
3570 0.0989898989899
3619 0.10101010101
3631 0.10303030303
3654 0.107070707071
3654 0.107070707071
3690 0.109090909091
3694 0.111111111111
3751 0.113131313131
3791 0.115151515152
3807 0.117171717172
3879 0.119191919192
3880 0.121212121212
3883 0.123232323232
3889 0.125252525253
3955 0.127272727273
3999 0.129292929293
4040 0.131313131313
4050 0.133333333333
4083 0.135353535354
4096 0.137373737374
4103 0.141414141414
4103 0.141414141414
4118 0.143434343434
4171 0.145454545455
4175 0.147474747475
4190 0.149494949495
4228 0.151515151515
4261 0.153535353535
4274 0.155555555556
4292 0.157575757576
4314 0.159595959596
4325 0.161616161616
4328 0.163636363636
4342 0.165656565657
4348 0.167676767677
4412 0.169696969697
4534 0.171717171717
4535 0.173737373737
4545 0.175757575758
4546 0.177777777778
4595 0.179797979798
4652 0.181818181818
4695 0.183838383838
4702 0.185858585859
4751 0.187878787879
4769 0.189898989899
4804 0.191919191919
4814 0.193939393939
4818 0.19595959596
4820 0.19797979798
4823 0.2
4856 0.20202020202
4879 0.206060606061
4879 0.206060606061
4912 0.208080808081
4917 0.210101010101
4923 0.212121212121
4991 0.214141414141
5003 0.216161616162
5051 0.218181818182
5070 0.220202020202
5113 0.222222222222
5156 0.224242424242
5170 0.226262626263
5251 0.228282828283
5253 0.230303030303
5275 0.232323232323
5323 0.234343434343
5347 0.236363636364
5374 0.238383838384
5428 0.240404040404
5462 0.242424242424
5482 0.244444444444
5483 0.246464646465
5494 0.248484848485
5504 0.250505050505
5515 0.252525252525
5565 0.254545454545
5614 0.256565656566
5623 0.258585858586
5630 0.260606060606
5641 0.262626262626
5648 0.264646464646
5709 0.266666666667
5716 0.268686868687
5718 0.270707070707
5804 0.272727272727
5812 0.274747474747
5841 0.276767676768
5855 0.278787878788
5871 0.280808080808
5873 0.282828282828
5875 0.284848484848
5888 0.286868686869
5893 0.288888888889
5915 0.290909090909
5942 0.292929292929
5989 0.294949494949
6038 0.29696969697
6068 0.29898989899
6081 0.30101010101
6088 0.30303030303
6106 0.305050505051
6136 0.307070707071
6149 0.309090909091
6163 0.313131313131
6163 0.313131313131
6252 0.315151515152
6264 0.317171717172
6324 0.319191919192
6329 0.321212121212
6332 0.323232323232
6372 0.325252525253
6376 0.327272727273
6393 0.329292929293
6432 0.331313131313
6497 0.333333333333
6576 0.337373737374
6576 0.337373737374
6577 0.339393939394
6579 0.341414141414
6660 0.343434343434
6661 0.345454545455
6730 0.347474747475
6737 0.349494949495
6739 0.351515151515
6740 0.353535353535
6747 0.355555555556
6855 0.357575757576
6896 0.359595959596
6931 0.361616161616
6966 0.363636363636
6985 0.365656565657
7059 0.367676767677
7070 0.369696969697
7078 0.371717171717
7086 0.373737373737
7097 0.375757575758
7134 0.377777777778
7176 0.381818181818
7176 0.381818181818
7184 0.383838383838
7267 0.385858585859
7272 0.387878787879
7321 0.389898989899
7351 0.391919191919
7365 0.393939393939
7413 0.39595959596
7440 0.39797979798
7462 0.40202020202
7462 0.40202020202
7487 0.40404040404
7490 0.406060606061
7504 0.408080808081
7529 0.410101010101
7604 0.412121212121
7605 0.414141414141
7711 0.416161616162
7735 0.418181818182
7743 0.420202020202
7787 0.422222222222
7793 0.424242424242
7815 0.426262626263
7818 0.428282828283
7839 0.430303030303
7911 0.432323232323
7990 0.434343434343
8013 0.436363636364
8042 0.438383838384
8092 0.440404040404
8104 0.442424242424
8109 0.444444444444
8121 0.446464646465
8147 0.448484848485
8244 0.450505050505
8251 0.452525252525
8263 0.454545454545
8275 0.456565656566
8278 0.458585858586
8295 0.460606060606
8337 0.462626262626
8348 0.464646464646
8362 0.466666666667
8365 0.468686868687
8373 0.470707070707
8390 0.472727272727
8414 0.474747474747
8426 0.476767676768
8443 0.478787878788
8451 0.480808080808
8453 0.482828282828
8504 0.484848484848
8519 0.486868686869
8554 0.488888888889
8571 0.490909090909
8579 0.492929292929
8587 0.494949494949
8616 0.49696969697
8631 0.49898989899
8670 0.50101010101
8694 0.50303030303
8727 0.505050505051
8742 0.507070707071
8755 0.509090909091
8777 0.511111111111
8818 0.513131313131
8830 0.515151515152
8847 0.517171717172
8885 0.519191919192
8901 0.521212121212
8952 0.523232323232
8989 0.525252525253
8993 0.527272727273
9017 0.529292929293
9070 0.531313131313
9132 0.533333333333
9167 0.535353535354
9254 0.537373737374
9264 0.539393939394
9268 0.541414141414
9292 0.543434343434
9309 0.545454545455
9329 0.547474747475
9330 0.549494949495
9365 0.551515151515
9369 0.553535353535
9401 0.555555555556
9417 0.557575757576
9428 0.559595959596
9498 0.561616161616
9501 0.565656565657
9501 0.565656565657
9567 0.567676767677
9596 0.569696969697
9618 0.571717171717
9637 0.573737373737
9710 0.575757575758
9801 0.577777777778
9882 0.579797979798
9922 0.581818181818
9924 0.583838383838
9948 0.585858585859
9967 0.587878787879
10044 0.589898989899
10051 0.591919191919
10074 0.593939393939
10078 0.59595959596
10223 0.59797979798
10231 0.6
10347 0.60202020202
10362 0.60404040404
10367 0.606060606061
10376 0.608080808081
10471 0.610101010101
10501 0.612121212121
10551 0.614141414141
10560 0.616161616162
10567 0.618181818182
10584 0.620202020202
10597 0.622222222222
10606 0.624242424242
10610 0.626262626263
10674 0.628282828283
10701 0.630303030303
10702 0.632323232323
10731 0.634343434343
10740 0.636363636364
10771 0.638383838384
10815 0.640404040404
10827 0.642424242424
10852 0.644444444444
10927 0.646464646465
10957 0.648484848485
10978 0.650505050505
11001 0.652525252525
11064 0.654545454545
11115 0.656565656566
11144 0.658585858586
11146 0.660606060606
11183 0.662626262626
11238 0.664646464646
11254 0.666666666667
11292 0.668686868687
11296 0.670707070707
11301 0.672727272727
11307 0.674747474747
11391 0.676767676768
11398 0.678787878788
11440 0.680808080808
11536 0.682828282828
11562 0.684848484848
11569 0.686868686869
11584 0.688888888889
11597 0.690909090909
11659 0.692929292929
11700 0.694949494949
11704 0.69696969697
11706 0.69898989899
11738 0.70101010101
11769 0.70303030303
11863 0.705050505051
11886 0.707070707071
11977 0.709090909091
12009 0.711111111111
12042 0.713131313131
12176 0.715151515152
12237 0.717171717172
12270 0.719191919192
12295 0.721212121212
12353 0.723232323232
12388 0.725252525253
12395 0.727272727273
12431 0.729292929293
12485 0.731313131313
12502 0.733333333333
12547 0.735353535354
12548 0.737373737374
12562 0.739393939394
12580 0.741414141414
12589 0.743434343434
12610 0.745454545455
12613 0.747474747475
12649 0.749494949495
12672 0.751515151515
12740 0.753535353535
12774 0.755555555556
12810 0.757575757576
12877 0.759595959596
12913 0.761616161616
12928 0.763636363636
12955 0.765656565657
12965 0.767676767677
13016 0.769696969697
13053 0.771717171717
13058 0.773737373737
13143 0.775757575758
13166 0.777777777778
13195 0.779797979798
13209 0.781818181818
13246 0.783838383838
13320 0.785858585859
13324 0.787878787879
13525 0.789898989899
13556 0.791919191919
13595 0.793939393939
13616 0.79595959596
13673 0.79797979798
13696 0.8
13799 0.80202020202
13956 0.80404040404
13963 0.806060606061
13966 0.808080808081
14068 0.810101010101
14115 0.812121212121
14173 0.814141414141
14184 0.816161616162
14242 0.818181818182
14411 0.820202020202
14551 0.822222222222
14593 0.824242424242
14639 0.826262626263
14657 0.828282828283
14725 0.830303030303
14778 0.832323232323
14798 0.834343434343
14888 0.836363636364
14891 0.838383838384
14924 0.840404040404
15071 0.842424242424
15116 0.844444444444
15136 0.846464646465
15185 0.848484848485
15205 0.850505050505
15235 0.852525252525
15288 0.854545454545
15331 0.856565656566
15343 0.858585858586
15401 0.860606060606
15442 0.862626262626
15548 0.864646464646
15812 0.866666666667
15975 0.868686868687
15991 0.870707070707
16025 0.872727272727
16168 0.874747474747
16240 0.876767676768
16243 0.878787878788
16244 0.880808080808
16342 0.882828282828
16536 0.884848484848
16612 0.886868686869
16761 0.888888888889
16986 0.890909090909
17142 0.892929292929
17227 0.894949494949
17689 0.89696969697
18091 0.89898989899
18197 0.90101010101
18258 0.90303030303
18305 0.905050505051
18421 0.907070707071
18543 0.909090909091
18999 0.911111111111
19100 0.913131313131
19118 0.915151515152
19438 0.917171717172
19621 0.919191919192
19628 0.921212121212
19636 0.923232323232
19833 0.925252525253
20042 0.927272727273
21218 0.929292929293
21765 0.931313131313
22502 0.933333333333
23236 0.935353535354
23267 0.937373737374
23682 0.939393939394
23765 0.941414141414
25119 0.943434343434
25304 0.945454545455
25351 0.947474747475
25860 0.949494949495
26657 0.951515151515
26660 0.953535353535
26833 0.955555555556
27051 0.957575757576
27115 0.959595959596
27566 0.961616161616
27706 0.963636363636
27757 0.965656565657
28057 0.967676767677
28124 0.969696969697
28412 0.971717171717
28617 0.973737373737
29263 0.975757575758
32982 0.977777777778
33879 0.979797979798
35211 0.981818181818
36123 0.983838383838
36361 0.985858585859
38167 0.987878787879
38373 0.989898989899
38467 0.991919191919
38753 0.993939393939
39870 0.99595959596
49524 0.99797979798
54023 1.0
