32 0.00202429149798
499 0.00404858299595
601 0.00607287449393
786 0.0080971659919
880 0.0101214574899
903 0.0121457489879
982 0.0141700404858
1014 0.0161943319838
1190 0.0182186234818
1394 0.0202429149798
1414 0.0222672064777
1426 0.0242914979757
1445 0.0263157894737
1456 0.0283400809717
1469 0.0303643724696
1554 0.0323886639676
1589 0.0344129554656
1685 0.0364372469636
1702 0.0384615384615
1745 0.0404858299595
1780 0.0425101214575
1958 0.0445344129555
1971 0.0465587044534
2019 0.0485829959514
2028 0.0506072874494
2057 0.0526315789474
2061 0.0546558704453
2132 0.0566801619433
2151 0.0587044534413
2184 0.0607287449393
2192 0.0627530364372
2195 0.0647773279352
2287 0.0668016194332
2313 0.0688259109312
2318 0.0708502024291
2324 0.0728744939271
2330 0.0748987854251
2349 0.0769230769231
2421 0.0789473684211
2454 0.080971659919
2475 0.082995951417
2510 0.085020242915
2544 0.087044534413
2550 0.0890688259109
2552 0.0910931174089
2557 0.0931174089069
2580 0.0951417004049
2619 0.0971659919028
2681 0.0991902834008
2704 0.101214574899
2718 0.103238866397
2727 0.105263157895
2739 0.107287449393
2759 0.109311740891
2800 0.111336032389
2802 0.113360323887
2806 0.115384615385
2829 0.117408906883
2835 0.119433198381
2885 0.121457489879
2894 0.123481781377
2919 0.125506072874
2993 0.127530364372
3007 0.12955465587
3010 0.131578947368
3025 0.133603238866
3029 0.135627530364
3070 0.137651821862
3094 0.141700404858
3094 0.141700404858
3108 0.143724696356
3134 0.145748987854
3138 0.147773279352
3177 0.14979757085
3215 0.151821862348
3250 0.153846153846
3283 0.155870445344
3317 0.157894736842
3323 0.15991902834
3333 0.161943319838
3373 0.163967611336
3379 0.165991902834
3426 0.168016194332
3443 0.17004048583
3449 0.172064777328
3468 0.174089068826
3475 0.176113360324
3487 0.18016194332
3487 0.18016194332
3513 0.182186234818
3537 0.184210526316
3543 0.186234817814
3588 0.188259109312
3602 0.19028340081
3608 0.192307692308
3612 0.194331983806
3615 0.196356275304
3623 0.198380566802
3627 0.2004048583
3628 0.202429149798
3642 0.204453441296
3659 0.206477732794
3669 0.208502024291
3671 0.210526315789
3680 0.212550607287
3681 0.214574898785
3689 0.216599190283
3704 0.218623481781
3707 0.220647773279
3711 0.222672064777
3729 0.224696356275
3730 0.226720647773
3740 0.228744939271
3741 0.232793522267
3741 0.232793522267
3742 0.234817813765
3751 0.236842105263
3793 0.238866396761
3804 0.240890688259
3815 0.242914979757
3819 0.244939271255
3856 0.246963562753
3864 0.248987854251
3872 0.251012145749
3875 0.253036437247
3886 0.255060728745
3904 0.257085020243
3910 0.259109311741
3917 0.261133603239
3927 0.263157894737
3935 0.265182186235
4023 0.267206477733
4026 0.269230769231
4038 0.271255060729
4048 0.273279352227
4055 0.275303643725
4063 0.277327935223
4068 0.279352226721
4089 0.281376518219
4096 0.283400809717
4105 0.285425101215
4107 0.287449392713
4142 0.289473684211
4143 0.293522267206
4143 0.293522267206
4168 0.295546558704
4175 0.297570850202
4178 0.2995951417
4205 0.301619433198
4206 0.303643724696
4219 0.305668016194
4238 0.307692307692
4333 0.30971659919
4334 0.311740890688
4335 0.313765182186
4359 0.315789473684
4361 0.317813765182
4425 0.31983805668
4449 0.321862348178
4490 0.323886639676
4509 0.325910931174
4512 0.327935222672
4518 0.32995951417
4530 0.331983805668
4536 0.334008097166
4540 0.336032388664
4565 0.338056680162
4634 0.34008097166
4664 0.342105263158
4667 0.344129554656
4680 0.346153846154
4699 0.348178137652
4710 0.35020242915
4718 0.352226720648
4725 0.354251012146
4735 0.356275303644
4776 0.358299595142
4782 0.36032388664
4795 0.362348178138
4808 0.364372469636
4837 0.366396761134
4841 0.368421052632
4857 0.37044534413
4858 0.372469635628
4861 0.374493927126
4899 0.376518218623
4910 0.378542510121
4917 0.380566801619
4918 0.382591093117
4944 0.384615384615
4954 0.386639676113
4983 0.388663967611
5000 0.390688259109
5020 0.392712550607
5063 0.394736842105
5128 0.396761133603
5138 0.398785425101
5151 0.400809716599
5159 0.402834008097
5164 0.404858299595
5201 0.406882591093
5217 0.408906882591
5222 0.410931174089
5240 0.412955465587
5245 0.414979757085
5272 0.417004048583
5278 0.419028340081
5285 0.421052631579
5286 0.423076923077
5291 0.425101214575
5324 0.427125506073
5340 0.429149797571
5356 0.431174089069
5529 0.433198380567
5537 0.435222672065
5549 0.437246963563
5552 0.439271255061
5558 0.441295546559
5568 0.443319838057
5619 0.445344129555
5633 0.447368421053
5635 0.449392712551
5652 0.451417004049
5667 0.453441295547
5689 0.455465587045
5697 0.457489878543
5742 0.45951417004
5745 0.461538461538
5767 0.463562753036
5818 0.465587044534
5839 0.467611336032
5879 0.46963562753
5882 0.471659919028
5887 0.473684210526
5902 0.475708502024
5910 0.477732793522
5919 0.47975708502
5939 0.481781376518
5956 0.483805668016
5958 0.485829959514
5962 0.487854251012
5972 0.48987854251
5980 0.491902834008
5987 0.493927125506
6035 0.495951417004
6056 0.497975708502
6060 0.5
6064 0.502024291498
6078 0.504048582996
6093 0.506072874494
6098 0.51012145749
6098 0.51012145749
6110 0.512145748988
6113 0.514170040486
6119 0.516194331984
6160 0.518218623482
6175 0.52024291498
6203 0.522267206478
6236 0.524291497976
6239 0.526315789474
6255 0.528340080972
6270 0.53036437247
6315 0.532388663968
6319 0.534412955466
6326 0.536437246964
6351 0.538461538462
6371 0.54048582996
6389 0.542510121457
6405 0.544534412955
6423 0.546558704453
6443 0.550607287449
6443 0.550607287449
6473 0.552631578947
6523 0.554655870445
6536 0.556680161943
6549 0.558704453441
6620 0.560728744939
6654 0.562753036437
6709 0.564777327935
6732 0.566801619433
6747 0.568825910931
6750 0.570850202429
6766 0.572874493927
6776 0.574898785425
6837 0.576923076923
6850 0.578947368421
6868 0.580971659919
6870 0.582995951417
6888 0.585020242915
6974 0.587044534413
6977 0.589068825911
7000 0.591093117409
7010 0.593117408907
7041 0.595141700405
7050 0.597165991903
7062 0.599190283401
7083 0.601214574899
7088 0.603238866397
7123 0.605263157895
7175 0.607287449393
7206 0.609311740891
7222 0.611336032389
7231 0.613360323887
7242 0.615384615385
7260 0.617408906883
7262 0.619433198381
7291 0.621457489879
7326 0.623481781377
7331 0.625506072874
7343 0.627530364372
7376 0.62955465587
7383 0.631578947368
7384 0.633603238866
7385 0.635627530364
7389 0.637651821862
7420 0.63967611336
7453 0.643724696356
7453 0.643724696356
7464 0.645748987854
7468 0.647773279352
7471 0.64979757085
7492 0.651821862348
7500 0.653846153846
7543 0.655870445344
7557 0.657894736842
7560 0.65991902834
7582 0.661943319838
7585 0.663967611336
7588 0.665991902834
7601 0.668016194332
7613 0.67004048583
7615 0.672064777328
7652 0.674089068826
7658 0.676113360324
7743 0.678137651822
7752 0.68016194332
7772 0.682186234818
7782 0.684210526316
7803 0.686234817814
7848 0.688259109312
7873 0.69028340081
7890 0.692307692308
7892 0.694331983806
7898 0.696356275304
7899 0.698380566802
7920 0.7004048583
7937 0.702429149798
7959 0.704453441296
7981 0.706477732794
7984 0.708502024291
7985 0.710526315789
8013 0.712550607287
8025 0.714574898785
8053 0.716599190283
8055 0.718623481781
8081 0.720647773279
8148 0.722672064777
8165 0.724696356275
8187 0.726720647773
8254 0.728744939271
8262 0.730769230769
8286 0.732793522267
8338 0.734817813765
8358 0.736842105263
8381 0.738866396761
8442 0.740890688259
8458 0.742914979757
8485 0.744939271255
8515 0.746963562753
8526 0.748987854251
8598 0.751012145749
8608 0.753036437247
8674 0.755060728745
8735 0.757085020243
8801 0.759109311741
8811 0.761133603239
8817 0.763157894737
8843 0.765182186235
8901 0.767206477733
8964 0.769230769231
8974 0.771255060729
9023 0.773279352227
9053 0.775303643725
9125 0.777327935223
9156 0.779352226721
9198 0.781376518219
9214 0.783400809717
9265 0.785425101215
9350 0.787449392713
9413 0.789473684211
9421 0.791497975709
9422 0.793522267206
9599 0.795546558704
9685 0.797570850202
9693 0.7995951417
9747 0.801619433198
9797 0.803643724696
9798 0.805668016194
9801 0.807692307692
9877 0.80971659919
9898 0.811740890688
9928 0.813765182186
9929 0.815789473684
9942 0.817813765182
9953 0.81983805668
10038 0.821862348178
10220 0.823886639676
10430 0.825910931174
10438 0.827935222672
10456 0.82995951417
10518 0.831983805668
10571 0.834008097166
10603 0.836032388664
10638 0.838056680162
10663 0.84008097166
10817 0.842105263158
10832 0.844129554656
10960 0.846153846154
11036 0.848178137652
11050 0.85020242915
11116 0.852226720648
11128 0.854251012146
11251 0.856275303644
11256 0.858299595142
11268 0.86032388664
11277 0.862348178138
11278 0.864372469636
11471 0.866396761134
11482 0.868421052632
11554 0.87044534413
11571 0.872469635628
11646 0.874493927126
11714 0.876518218623
11815 0.878542510121
11837 0.880566801619
11857 0.884615384615
11857 0.884615384615
11882 0.886639676113
11974 0.888663967611
12100 0.890688259109
12144 0.892712550607
12162 0.894736842105
12427 0.896761133603
12690 0.898785425101
12784 0.900809716599
12943 0.902834008097
12975 0.904858299595
13093 0.906882591093
13203 0.908906882591
13453 0.910931174089
13466 0.912955465587
13498 0.914979757085
13524 0.917004048583
13914 0.919028340081
13998 0.921052631579
14298 0.923076923077
14523 0.925101214575
14599 0.927125506073
14964 0.929149797571
15127 0.931174089069
15309 0.933198380567
15597 0.935222672065
15727 0.937246963563
15826 0.939271255061
16027 0.941295546559
16905 0.943319838057
17039 0.945344129555
17210 0.947368421053
17345 0.949392712551
17549 0.951417004049
17557 0.953441295547
17588 0.955465587045
17697 0.957489878543
17778 0.95951417004
17830 0.961538461538
17891 0.963562753036
18076 0.965587044534
18578 0.967611336032
18586 0.96963562753
19075 0.971659919028
19789 0.973684210526
19829 0.975708502024
19903 0.977732793522
20978 0.97975708502
21185 0.981781376518
22567 0.983805668016
23300 0.985829959514
23902 0.987854251012
23951 0.98987854251
24777 0.991902834008
26257 0.993927125506
31151 0.995951417004
33695 0.997975708502
42492 1.0
