27 0.0020202020202
390 0.0040404040404
455 0.00606060606061
723 0.00808080808081
757 0.010101010101
806 0.0121212121212
809 0.0141414141414
825 0.0161616161616
1065 0.0181818181818
1223 0.020202020202
1261 0.0222222222222
1281 0.0242424242424
1356 0.0262626262626
1357 0.0282828282828
1393 0.030303030303
1409 0.0323232323232
1457 0.0343434343434
1528 0.0363636363636
1541 0.0383838383838
1651 0.040404040404
1755 0.0424242424242
1790 0.0444444444444
1820 0.0464646464646
1847 0.0484848484848
1896 0.0505050505051
1900 0.0525252525253
1942 0.0545454545455
1948 0.0565656565657
2011 0.0585858585859
2117 0.0606060606061
2178 0.0626262626263
2186 0.0646464646465
2284 0.0666666666667
2417 0.0686868686869
2420 0.0707070707071
2471 0.0727272727273
2501 0.0747474747475
2504 0.0767676767677
2584 0.0787878787879
2612 0.0808080808081
2640 0.0828282828283
2665 0.0848484848485
2726 0.0868686868687
2802 0.0888888888889
2832 0.0909090909091
2835 0.0929292929293
2856 0.0949494949495
2860 0.0969696969697
2880 0.0989898989899
2882 0.10101010101
2911 0.10303030303
2924 0.105050505051
2937 0.107070707071
2987 0.109090909091
3012 0.111111111111
3025 0.113131313131
3038 0.115151515152
3065 0.117171717172
3095 0.119191919192
3121 0.121212121212
3154 0.123232323232
3177 0.125252525253
3191 0.127272727273
3222 0.129292929293
3227 0.131313131313
3231 0.133333333333
3235 0.135353535354
3236 0.137373737374
3295 0.139393939394
3337 0.141414141414
3355 0.143434343434
3356 0.145454545455
3364 0.147474747475
3419 0.149494949495
3453 0.151515151515
3455 0.153535353535
3464 0.155555555556
3477 0.159595959596
3477 0.159595959596
3540 0.161616161616
3544 0.163636363636
3546 0.165656565657
3559 0.167676767677
3568 0.169696969697
3621 0.171717171717
3633 0.173737373737
3640 0.175757575758
3664 0.177777777778
3666 0.179797979798
3699 0.181818181818
3701 0.183838383838
3741 0.185858585859
3743 0.187878787879
3766 0.189898989899
3793 0.191919191919
3802 0.193939393939
3805 0.19797979798
3805 0.19797979798
3840 0.2
3847 0.20202020202
3894 0.206060606061
3894 0.206060606061
3899 0.208080808081
3920 0.212121212121
3920 0.212121212121
3950 0.214141414141
4005 0.216161616162
4019 0.218181818182
4020 0.220202020202
4054 0.222222222222
4071 0.224242424242
4087 0.226262626263
4103 0.228282828283
4105 0.230303030303
4111 0.232323232323
4123 0.234343434343
4132 0.236363636364
4164 0.238383838384
4168 0.240404040404
4195 0.242424242424
4201 0.244444444444
4248 0.246464646465
4258 0.248484848485
4284 0.250505050505
4287 0.254545454545
4287 0.254545454545
4309 0.256565656566
4380 0.258585858586
4398 0.260606060606
4418 0.262626262626
4419 0.264646464646
4458 0.266666666667
4466 0.268686868687
4531 0.270707070707
4532 0.272727272727
4570 0.274747474747
4599 0.276767676768
4620 0.278787878788
4646 0.280808080808
4667 0.282828282828
4672 0.284848484848
4692 0.286868686869
4759 0.288888888889
4768 0.290909090909
4808 0.292929292929
4878 0.294949494949
4928 0.29696969697
4967 0.29898989899
4976 0.30101010101
4978 0.30303030303
5009 0.305050505051
5043 0.307070707071
5056 0.309090909091
5060 0.311111111111
5081 0.313131313131
5103 0.315151515152
5107 0.317171717172
5114 0.321212121212
5114 0.321212121212
5128 0.323232323232
5142 0.325252525253
5157 0.327272727273
5172 0.329292929293
5201 0.331313131313
5213 0.333333333333
5226 0.335353535354
5236 0.337373737374
5237 0.339393939394
5240 0.341414141414
5296 0.343434343434
5306 0.345454545455
5317 0.347474747475
5320 0.349494949495
5337 0.351515151515
5354 0.353535353535
5365 0.355555555556
5381 0.357575757576
5405 0.359595959596
5413 0.361616161616
5447 0.363636363636
5462 0.365656565657
5523 0.367676767677
5559 0.369696969697
5569 0.371717171717
5607 0.373737373737
5648 0.375757575758
5653 0.377777777778
5798 0.379797979798
5817 0.381818181818
5846 0.383838383838
5917 0.385858585859
5939 0.387878787879
5947 0.389898989899
5963 0.391919191919
5984 0.393939393939
6022 0.39595959596
6085 0.39797979798
6102 0.4
6108 0.40202020202
6119 0.40404040404
6129 0.406060606061
6166 0.408080808081
6248 0.410101010101
6253 0.412121212121
6308 0.414141414141
6310 0.416161616162
6322 0.418181818182
6323 0.420202020202
6429 0.422222222222
6450 0.424242424242
6465 0.426262626263
6466 0.428282828283
6506 0.430303030303
6530 0.432323232323
6551 0.434343434343
6612 0.436363636364
6620 0.438383838384
6629 0.440404040404
6642 0.442424242424
6668 0.444444444444
6670 0.446464646465
6722 0.448484848485
6731 0.450505050505
6789 0.452525252525
6795 0.454545454545
6799 0.456565656566
6836 0.458585858586
6847 0.460606060606
6889 0.462626262626
6902 0.464646464646
6952 0.466666666667
6972 0.468686868687
6978 0.470707070707
6985 0.472727272727
6997 0.474747474747
7003 0.476767676768
7004 0.478787878788
7022 0.480808080808
7032 0.482828282828
7043 0.484848484848
7049 0.486868686869
7076 0.488888888889
7078 0.490909090909
7121 0.492929292929
7122 0.494949494949
7135 0.49696969697
7146 0.49898989899
7151 0.50101010101
7182 0.50303030303
7186 0.505050505051
7289 0.507070707071
7313 0.509090909091
7320 0.511111111111
7347 0.513131313131
7380 0.515151515152
7534 0.517171717172
7576 0.519191919192
7667 0.521212121212
7727 0.523232323232
7746 0.525252525253
7793 0.527272727273
7827 0.529292929293
7845 0.531313131313
7896 0.533333333333
7930 0.535353535354
7963 0.537373737374
7970 0.539393939394
7993 0.541414141414
7998 0.543434343434
8006 0.545454545455
8009 0.547474747475
8034 0.549494949495
8046 0.551515151515
8047 0.553535353535
8058 0.555555555556
8081 0.557575757576
8112 0.559595959596
8125 0.561616161616
8147 0.563636363636
8156 0.565656565657
8171 0.567676767677
8192 0.569696969697
8199 0.571717171717
8234 0.573737373737
8243 0.575757575758
8267 0.577777777778
8311 0.579797979798
8368 0.581818181818
8385 0.583838383838
8400 0.585858585859
8437 0.587878787879
8517 0.589898989899
8526 0.591919191919
8536 0.593939393939
8548 0.59595959596
8554 0.59797979798
8650 0.6
8662 0.60202020202
8712 0.60404040404
8723 0.606060606061
8743 0.608080808081
8764 0.610101010101
8765 0.612121212121
8804 0.614141414141
8914 0.616161616162
8924 0.618181818182
8992 0.620202020202
9009 0.622222222222
9038 0.624242424242
9056 0.626262626263
9071 0.628282828283
9086 0.630303030303
9122 0.632323232323
9135 0.634343434343
9157 0.636363636364
9160 0.638383838384
9183 0.640404040404
9185 0.642424242424
9206 0.644444444444
9231 0.646464646465
9243 0.648484848485
9250 0.650505050505
9277 0.652525252525
9322 0.654545454545
9407 0.656565656566
9650 0.658585858586
9661 0.660606060606
9665 0.662626262626
9704 0.664646464646
9746 0.666666666667
9750 0.668686868687
9770 0.670707070707
9813 0.672727272727
9842 0.674747474747
9876 0.676767676768
9894 0.678787878788
9929 0.680808080808
9943 0.682828282828
9963 0.684848484848
9986 0.686868686869
10071 0.688888888889
10076 0.690909090909
10078 0.692929292929
10084 0.694949494949
10127 0.69696969697
10189 0.69898989899
10257 0.70101010101
10266 0.70303030303
10355 0.705050505051
10377 0.707070707071
10417 0.709090909091
10428 0.711111111111
10486 0.713131313131
10493 0.715151515152
10506 0.717171717172
10513 0.719191919192
10542 0.721212121212
10563 0.723232323232
10589 0.725252525253
10607 0.727272727273
10688 0.729292929293
10737 0.731313131313
10741 0.733333333333
10796 0.735353535354
10882 0.737373737374
10904 0.739393939394
10994 0.741414141414
11025 0.743434343434
11035 0.745454545455
11041 0.747474747475
11070 0.749494949495
11079 0.751515151515
11092 0.753535353535
11130 0.755555555556
11141 0.757575757576
11162 0.759595959596
11177 0.761616161616
11184 0.763636363636
11280 0.765656565657
11348 0.767676767677
11376 0.769696969697
11629 0.771717171717
11636 0.773737373737
11648 0.775757575758
11677 0.777777777778
11744 0.779797979798
11753 0.781818181818
11799 0.783838383838
11818 0.785858585859
12027 0.787878787879
12086 0.789898989899
12102 0.791919191919
12142 0.793939393939
12148 0.79595959596
12161 0.79797979798
12214 0.8
12232 0.80202020202
12308 0.80404040404
12340 0.806060606061
12344 0.808080808081
12583 0.810101010101
12627 0.812121212121
12631 0.814141414141
12654 0.816161616162
12779 0.818181818182
12849 0.820202020202
12902 0.822222222222
12912 0.824242424242
12914 0.826262626263
12955 0.828282828283
13004 0.830303030303
13103 0.832323232323
13300 0.834343434343
13332 0.836363636364
13335 0.838383838384
13350 0.840404040404
13548 0.842424242424
13718 0.844444444444
13763 0.846464646465
13832 0.848484848485
13901 0.850505050505
13920 0.852525252525
13950 0.854545454545
14051 0.856565656566
14101 0.858585858586
14190 0.860606060606
14204 0.862626262626
14481 0.864646464646
14491 0.866666666667
14583 0.868686868687
14688 0.870707070707
14731 0.872727272727
14845 0.874747474747
14967 0.876767676768
15037 0.878787878788
15208 0.880808080808
15373 0.882828282828
15510 0.884848484848
15628 0.886868686869
15861 0.888888888889
16223 0.890909090909
16309 0.892929292929
16864 0.894949494949
17101 0.89696969697
17165 0.89898989899
17188 0.90101010101
17486 0.90303030303
17558 0.905050505051
17565 0.907070707071
17962 0.909090909091
18284 0.911111111111
18582 0.913131313131
18710 0.915151515152
19290 0.917171717172
19405 0.919191919192
19522 0.921212121212
20046 0.923232323232
20893 0.925252525253
21238 0.927272727273
21958 0.929292929293
22031 0.931313131313
22066 0.933333333333
22224 0.935353535354
22354 0.937373737374
23002 0.939393939394
23828 0.941414141414
24296 0.943434343434
24403 0.945454545455
24492 0.947474747475
24639 0.949494949495
24901 0.951515151515
25035 0.953535353535
25148 0.955555555556
26031 0.957575757576
26242 0.959595959596
26254 0.961616161616
26494 0.963636363636
26823 0.965656565657
27109 0.967676767677
27384 0.969696969697
28424 0.971717171717
28467 0.973737373737
28808 0.975757575758
31104 0.977777777778
31366 0.979797979798
35142 0.981818181818
35437 0.983838383838
35521 0.985858585859
36443 0.987878787879
36457 0.989898989899
36550 0.991919191919
39465 0.993939393939
45661 0.99595959596
49288 0.99797979798
53114 1.0
