29 0.0020202020202
547 0.0040404040404
696 0.00606060606061
705 0.00808080808081
861 0.010101010101
983 0.0121212121212
1019 0.0141414141414
1139 0.0161616161616
1319 0.0181818181818
1348 0.020202020202
1405 0.0222222222222
1513 0.0242424242424
1546 0.0262626262626
1554 0.0282828282828
1599 0.030303030303
1647 0.0323232323232
1657 0.0343434343434
1660 0.0363636363636
1682 0.0383838383838
1688 0.0424242424242
1688 0.0424242424242
1737 0.0444444444444
1795 0.0464646464646
1799 0.0484848484848
1846 0.0505050505051
1877 0.0525252525253
1959 0.0545454545455
1983 0.0565656565657
1988 0.0585858585859
2002 0.0606060606061
2005 0.0626262626263
2043 0.0646464646465
2064 0.0666666666667
2140 0.0686868686869
2151 0.0707070707071
2193 0.0727272727273
2194 0.0747474747475
2224 0.0767676767677
2261 0.0787878787879
2320 0.0808080808081
2337 0.0828282828283
2384 0.0848484848485
2389 0.0868686868687
2443 0.0909090909091
2443 0.0909090909091
2487 0.0929292929293
2523 0.0949494949495
2548 0.0969696969697
2552 0.0989898989899
2557 0.10101010101
2579 0.10303030303
2585 0.105050505051
2591 0.109090909091
2591 0.109090909091
2603 0.111111111111
2632 0.113131313131
2634 0.115151515152
2647 0.117171717172
2668 0.119191919192
2681 0.121212121212
2684 0.123232323232
2693 0.125252525253
2703 0.127272727273
2708 0.131313131313
2708 0.131313131313
2725 0.133333333333
2731 0.135353535354
2770 0.139393939394
2770 0.139393939394
2772 0.141414141414
2792 0.143434343434
2793 0.145454545455
2813 0.147474747475
2820 0.149494949495
2839 0.151515151515
2848 0.153535353535
2849 0.155555555556
2862 0.159595959596
2862 0.159595959596
2870 0.161616161616
2875 0.163636363636
2883 0.165656565657
2912 0.169696969697
2912 0.169696969697
2920 0.171717171717
2932 0.173737373737
2936 0.175757575758
2946 0.177777777778
2956 0.179797979798
2958 0.181818181818
2970 0.185858585859
2970 0.185858585859
2979 0.189898989899
2979 0.189898989899
2980 0.191919191919
2981 0.193939393939
2984 0.19595959596
3005 0.19797979798
3037 0.2
3045 0.20202020202
3046 0.20404040404
3051 0.206060606061
3054 0.208080808081
3059 0.210101010101
3060 0.212121212121
3074 0.214141414141
3078 0.216161616162
3080 0.218181818182
3083 0.220202020202
3091 0.222222222222
3100 0.226262626263
3100 0.226262626263
3112 0.228282828283
3118 0.230303030303
3119 0.232323232323
3125 0.234343434343
3146 0.238383838384
3146 0.238383838384
3148 0.240404040404
3158 0.242424242424
3166 0.244444444444
3168 0.246464646465
3190 0.248484848485
3195 0.250505050505
3225 0.252525252525
3227 0.254545454545
3260 0.256565656566
3271 0.258585858586
3281 0.260606060606
3288 0.262626262626
3294 0.264646464646
3304 0.266666666667
3339 0.268686868687
3347 0.270707070707
3349 0.272727272727
3360 0.274747474747
3364 0.276767676768
3377 0.278787878788
3380 0.280808080808
3398 0.282828282828
3432 0.284848484848
3441 0.286868686869
3447 0.288888888889
3450 0.290909090909
3454 0.292929292929
3455 0.294949494949
3527 0.29696969697
3529 0.29898989899
3531 0.30101010101
3560 0.30303030303
3571 0.305050505051
3591 0.307070707071
3595 0.309090909091
3606 0.311111111111
3614 0.315151515152
3614 0.315151515152
3625 0.317171717172
3627 0.319191919192
3630 0.321212121212
3658 0.323232323232
3667 0.325252525253
3674 0.327272727273
3683 0.329292929293
3715 0.331313131313
3743 0.333333333333
3744 0.335353535354
3760 0.337373737374
3765 0.339393939394
3783 0.341414141414
3794 0.343434343434
3795 0.345454545455
3798 0.347474747475
3801 0.349494949495
3806 0.351515151515
3811 0.353535353535
3824 0.355555555556
3854 0.357575757576
3864 0.359595959596
3873 0.361616161616
3878 0.363636363636
3894 0.365656565657
3897 0.367676767677
3901 0.369696969697
3906 0.371717171717
3921 0.373737373737
3928 0.375757575758
3943 0.377777777778
3946 0.379797979798
3956 0.381818181818
3961 0.383838383838
3968 0.385858585859
3992 0.387878787879
3995 0.389898989899
3997 0.391919191919
4007 0.393939393939
4015 0.39595959596
4019 0.39797979798
4022 0.4
4032 0.40202020202
4037 0.406060606061
4037 0.406060606061
4052 0.408080808081
4053 0.410101010101
4058 0.412121212121
4067 0.414141414141
4086 0.416161616162
4095 0.418181818182
4107 0.420202020202
4136 0.422222222222
4143 0.424242424242
4159 0.428282828283
4159 0.428282828283
4160 0.430303030303
4213 0.432323232323
4215 0.434343434343
4218 0.436363636364
4220 0.438383838384
4224 0.440404040404
4225 0.442424242424
4240 0.446464646465
4240 0.446464646465
4252 0.448484848485
4257 0.450505050505
4266 0.452525252525
4275 0.454545454545
4277 0.458585858586
4277 0.458585858586
4283 0.460606060606
4289 0.462626262626
4292 0.464646464646
4337 0.466666666667
4341 0.468686868687
4349 0.470707070707
4357 0.472727272727
4372 0.474747474747
4380 0.476767676768
4393 0.478787878788
4403 0.480808080808
4427 0.482828282828
4431 0.484848484848
4454 0.486868686869
4456 0.488888888889
4462 0.490909090909
4492 0.492929292929
4493 0.494949494949
4514 0.49696969697
4517 0.49898989899
4527 0.50101010101
4550 0.50303030303
4551 0.505050505051
4568 0.507070707071
4585 0.509090909091
4586 0.513131313131
4586 0.513131313131
4592 0.515151515152
4597 0.517171717172
4630 0.519191919192
4633 0.521212121212
4637 0.523232323232
4641 0.525252525253
4645 0.527272727273
4653 0.529292929293
4733 0.531313131313
4736 0.533333333333
4738 0.535353535354
4751 0.537373737374
4753 0.539393939394
4754 0.541414141414
4780 0.543434343434
4815 0.545454545455
4822 0.547474747475
4844 0.549494949495
4847 0.551515151515
4867 0.553535353535
4881 0.555555555556
4890 0.557575757576
4921 0.559595959596
4923 0.561616161616
4924 0.563636363636
4951 0.565656565657
4952 0.567676767677
4958 0.569696969697
4970 0.571717171717
4971 0.573737373737
4972 0.575757575758
4975 0.577777777778
4995 0.579797979798
5022 0.581818181818
5024 0.583838383838
5029 0.585858585859
5036 0.587878787879
5040 0.589898989899
5075 0.591919191919
5095 0.593939393939
5111 0.59595959596
5113 0.59797979798
5122 0.6
5128 0.60202020202
5136 0.60404040404
5140 0.606060606061
5155 0.608080808081
5158 0.610101010101
5160 0.612121212121
5178 0.614141414141
5193 0.616161616162
5199 0.620202020202
5199 0.620202020202
5216 0.622222222222
5279 0.624242424242
5280 0.626262626263
5287 0.628282828283
5290 0.630303030303
5321 0.632323232323
5344 0.634343434343
5361 0.636363636364
5376 0.638383838384
5393 0.640404040404
5398 0.642424242424
5461 0.644444444444
5469 0.646464646465
5471 0.648484848485
5484 0.650505050505
5495 0.652525252525
5500 0.654545454545
5569 0.656565656566
5601 0.660606060606
5601 0.660606060606
5608 0.662626262626
5640 0.664646464646
5649 0.666666666667
5652 0.668686868687
5656 0.670707070707
5657 0.672727272727
5661 0.674747474747
5679 0.676767676768
5687 0.678787878788
5688 0.680808080808
5698 0.682828282828
5699 0.684848484848
5704 0.686868686869
5740 0.688888888889
5744 0.692929292929
5744 0.692929292929
5760 0.694949494949
5762 0.69696969697
5825 0.69898989899
5842 0.70101010101
5859 0.70303030303
5886 0.705050505051
5898 0.707070707071
5899 0.711111111111
5899 0.711111111111
5912 0.713131313131
5918 0.715151515152
5936 0.717171717172
5959 0.719191919192
5965 0.723232323232
5965 0.723232323232
5987 0.725252525253
6007 0.727272727273
6012 0.729292929293
6064 0.731313131313
6081 0.733333333333
6135 0.735353535354
6137 0.737373737374
6193 0.739393939394
6228 0.741414141414
6237 0.743434343434
6253 0.745454545455
6274 0.747474747475
6281 0.749494949495
6283 0.751515151515
6286 0.753535353535
6294 0.755555555556
6328 0.757575757576
6350 0.759595959596
6361 0.761616161616
6422 0.763636363636
6441 0.765656565657
6504 0.767676767677
6535 0.769696969697
6583 0.771717171717
6638 0.773737373737
6655 0.775757575758
6666 0.777777777778
6708 0.779797979798
6727 0.781818181818
6784 0.783838383838
6799 0.785858585859
6802 0.787878787879
6835 0.789898989899
6847 0.791919191919
6856 0.793939393939
6862 0.79595959596
6866 0.79797979798
6920 0.80202020202
6920 0.80202020202
6945 0.80404040404
6966 0.806060606061
6992 0.808080808081
6993 0.810101010101
7058 0.812121212121
7091 0.814141414141
7096 0.816161616162
7107 0.818181818182
7168 0.820202020202
7176 0.822222222222
7196 0.824242424242
7205 0.826262626263
7215 0.828282828283
7235 0.830303030303
7250 0.832323232323
7269 0.834343434343
7326 0.836363636364
7349 0.838383838384
7408 0.840404040404
7412 0.842424242424
7426 0.844444444444
7438 0.846464646465
7440 0.848484848485
7459 0.850505050505
7525 0.852525252525
7595 0.854545454545
7892 0.856565656566
7933 0.858585858586
7936 0.860606060606
8006 0.862626262626
8007 0.864646464646
8043 0.866666666667
8075 0.868686868687
8113 0.870707070707
8133 0.872727272727
8160 0.874747474747
8163 0.876767676768
8169 0.878787878788
8179 0.880808080808
8184 0.882828282828
8210 0.884848484848
8249 0.886868686869
8290 0.888888888889
8315 0.890909090909
8343 0.892929292929
8391 0.894949494949
8424 0.89696969697
8496 0.89898989899
8515 0.90101010101
8528 0.90303030303
8566 0.905050505051
8637 0.907070707071
8699 0.909090909091
8715 0.911111111111
8766 0.913131313131
8793 0.915151515152
8923 0.917171717172
8940 0.919191919192
9086 0.921212121212
9184 0.923232323232
9189 0.925252525253
9210 0.927272727273
9271 0.929292929293
9356 0.931313131313
9422 0.933333333333
9508 0.935353535354
9519 0.937373737374
9637 0.939393939394
9662 0.941414141414
9716 0.943434343434
10009 0.945454545455
10041 0.947474747475
10067 0.949494949495
10178 0.951515151515
10292 0.953535353535
10299 0.955555555556
10390 0.957575757576
10552 0.959595959596
10562 0.961616161616
10773 0.963636363636
10834 0.965656565657
11125 0.967676767677
11140 0.969696969697
11169 0.971717171717
11372 0.973737373737
11493 0.975757575758
11604 0.977777777778
11728 0.979797979798
11814 0.981818181818
11870 0.983838383838
12082 0.985858585859
12191 0.987878787879
12406 0.989898989899
12525 0.991919191919
13379 0.993939393939
13466 0.99595959596
15126 0.99797979798
37116 1.0
