34 0.0020325203252
315 0.00406504065041
393 0.00609756097561
512 0.00813008130081
560 0.010162601626
566 0.0121951219512
618 0.0142276422764
639 0.0162601626016
716 0.0182926829268
840 0.020325203252
887 0.0223577235772
910 0.0243902439024
943 0.0264227642276
1008 0.0284552845528
1027 0.030487804878
1043 0.0325203252033
1079 0.0345528455285
1081 0.0365853658537
1084 0.0386178861789
1114 0.0406504065041
1156 0.0426829268293
1203 0.0447154471545
1306 0.0467479674797
1466 0.0487804878049
1469 0.0508130081301
1473 0.0528455284553
1494 0.0548780487805
1510 0.0569105691057
1575 0.0589430894309
1594 0.0609756097561
1601 0.0630081300813
1603 0.0650406504065
1616 0.0670731707317
1645 0.0691056910569
1686 0.0711382113821
1841 0.0752032520325
1841 0.0752032520325
1888 0.0772357723577
1892 0.0792682926829
1915 0.0813008130081
1933 0.0833333333333
1960 0.0853658536585
1979 0.0873983739837
2014 0.0894308943089
2083 0.0914634146341
2103 0.0934959349593
2119 0.0955284552846
2123 0.0975609756098
2190 0.099593495935
2195 0.10162601626
2215 0.103658536585
2236 0.105691056911
2256 0.107723577236
2257 0.109756097561
2264 0.111788617886
2275 0.115853658537
2275 0.115853658537
2292 0.117886178862
2387 0.119918699187
2423 0.121951219512
2470 0.123983739837
2479 0.126016260163
2511 0.128048780488
2514 0.130081300813
2525 0.132113821138
2534 0.134146341463
2539 0.136178861789
2557 0.138211382114
2599 0.140243902439
2611 0.142276422764
2621 0.144308943089
2634 0.146341463415
2641 0.14837398374
2648 0.150406504065
2655 0.15243902439
2666 0.154471544715
2711 0.156504065041
2726 0.158536585366
2733 0.160569105691
2758 0.162601626016
2815 0.164634146341
2824 0.166666666667
2843 0.168699186992
2858 0.170731707317
2863 0.172764227642
2910 0.174796747967
2921 0.176829268293
2923 0.178861788618
2926 0.180894308943
2936 0.182926829268
2939 0.184959349593
2959 0.189024390244
2959 0.189024390244
2985 0.191056910569
2991 0.193089430894
2993 0.19512195122
3039 0.197154471545
3046 0.19918699187
3053 0.201219512195
3060 0.20325203252
3104 0.205284552846
3167 0.207317073171
3180 0.209349593496
3197 0.211382113821
3236 0.215447154472
3236 0.215447154472
3267 0.217479674797
3281 0.219512195122
3312 0.221544715447
3314 0.223577235772
3352 0.225609756098
3365 0.227642276423
3371 0.229674796748
3399 0.231707317073
3439 0.233739837398
3472 0.235772357724
3481 0.237804878049
3485 0.239837398374
3502 0.241869918699
3512 0.243902439024
3559 0.24593495935
3572 0.247967479675
3579 0.25
3638 0.25406504065
3638 0.25406504065
3644 0.256097560976
3677 0.258130081301
3683 0.260162601626
3690 0.262195121951
3705 0.264227642276
3715 0.266260162602
3723 0.268292682927
3724 0.270325203252
3766 0.272357723577
3771 0.274390243902
3777 0.276422764228
3856 0.278455284553
3860 0.280487804878
3873 0.282520325203
3885 0.284552845528
3892 0.286585365854
3911 0.288617886179
3937 0.290650406504
3971 0.292682926829
3998 0.294715447154
4029 0.29674796748
4037 0.298780487805
4054 0.30081300813
4074 0.302845528455
4107 0.30487804878
4117 0.306910569106
4132 0.308943089431
4161 0.310975609756
4246 0.313008130081
4250 0.315040650407
4263 0.317073170732
4282 0.319105691057
4290 0.321138211382
4299 0.323170731707
4310 0.325203252033
4323 0.327235772358
4348 0.329268292683
4376 0.331300813008
4416 0.333333333333
4453 0.335365853659
4470 0.337398373984
4473 0.339430894309
4479 0.341463414634
4522 0.343495934959
4544 0.345528455285
4546 0.34756097561
4547 0.349593495935
4556 0.35162601626
4562 0.353658536585
4580 0.355691056911
4594 0.357723577236
4720 0.359756097561
4730 0.361788617886
4739 0.363821138211
4740 0.365853658537
4741 0.367886178862
4758 0.369918699187
4776 0.371951219512
4777 0.373983739837
4782 0.376016260163
4825 0.378048780488
4827 0.380081300813
4857 0.382113821138
4879 0.384146341463
4883 0.386178861789
4891 0.388211382114
4907 0.390243902439
4929 0.392276422764
4970 0.394308943089
5002 0.396341463415
5021 0.39837398374
5027 0.400406504065
5041 0.406504065041
5041 0.406504065041
5041 0.406504065041
5042 0.408536585366
5045 0.410569105691
5094 0.412601626016
5098 0.414634146341
5103 0.416666666667
5148 0.418699186992
5149 0.420731707317
5171 0.422764227642
5176 0.424796747967
5184 0.426829268293
5186 0.428861788618
5196 0.430894308943
5209 0.432926829268
5233 0.434959349593
5251 0.436991869919
5264 0.439024390244
5286 0.441056910569
5298 0.44512195122
5298 0.44512195122
5300 0.447154471545
5393 0.44918699187
5468 0.451219512195
5488 0.45325203252
5524 0.455284552846
5562 0.457317073171
5598 0.459349593496
5616 0.461382113821
5626 0.463414634146
5644 0.465447154472
5656 0.467479674797
5693 0.469512195122
5701 0.471544715447
5707 0.473577235772
5714 0.475609756098
5733 0.477642276423
5754 0.479674796748
5760 0.481707317073
5826 0.483739837398
5831 0.485772357724
5887 0.487804878049
5896 0.489837398374
5910 0.491869918699
5927 0.493902439024
5953 0.49593495935
5982 0.497967479675
5992 0.5
6077 0.502032520325
6089 0.50406504065
6100 0.506097560976
6121 0.508130081301
6130 0.510162601626
6139 0.512195121951
6151 0.514227642276
6173 0.516260162602
6229 0.518292682927
6241 0.520325203252
6248 0.522357723577
6263 0.524390243902
6265 0.526422764228
6310 0.528455284553
6313 0.530487804878
6316 0.532520325203
6363 0.534552845528
6376 0.536585365854
6435 0.538617886179
6485 0.540650406504
6515 0.542682926829
6535 0.544715447154
6569 0.54674796748
6581 0.548780487805
6628 0.55081300813
6640 0.552845528455
6666 0.55487804878
6703 0.556910569106
6749 0.558943089431
6753 0.560975609756
6764 0.563008130081
6773 0.565040650407
6802 0.567073170732
6805 0.569105691057
6811 0.571138211382
6835 0.573170731707
6874 0.575203252033
6913 0.577235772358
6920 0.579268292683
6924 0.581300813008
6936 0.583333333333
6977 0.585365853659
6999 0.587398373984
7054 0.589430894309
7084 0.591463414634
7118 0.593495934959
7142 0.595528455285
7204 0.59756097561
7216 0.599593495935
7242 0.60162601626
7252 0.603658536585
7384 0.605691056911
7406 0.607723577236
7415 0.609756097561
7416 0.611788617886
7418 0.613821138211
7419 0.615853658537
7422 0.617886178862
7439 0.619918699187
7492 0.621951219512
7501 0.623983739837
7532 0.626016260163
7540 0.628048780488
7595 0.630081300813
7606 0.632113821138
7626 0.634146341463
7629 0.636178861789
7675 0.638211382114
7698 0.640243902439
7699 0.642276422764
7723 0.644308943089
7754 0.646341463415
7771 0.64837398374
7790 0.650406504065
7801 0.65243902439
7821 0.654471544715
7831 0.656504065041
7834 0.658536585366
7903 0.660569105691
7939 0.662601626016
8045 0.664634146341
8097 0.666666666667
8106 0.668699186992
8127 0.670731707317
8160 0.672764227642
8163 0.674796747967
8169 0.676829268293
8203 0.678861788618
8245 0.680894308943
8282 0.682926829268
8297 0.684959349593
8298 0.686991869919
8306 0.689024390244
8322 0.691056910569
8346 0.693089430894
8367 0.69512195122
8374 0.697154471545
8395 0.69918699187
8474 0.701219512195
8512 0.70325203252
8630 0.705284552846
8634 0.707317073171
8653 0.709349593496
8656 0.711382113821
8706 0.713414634146
8719 0.715447154472
8756 0.717479674797
8758 0.719512195122
8885 0.721544715447
8903 0.723577235772
8917 0.725609756098
8922 0.727642276423
8977 0.729674796748
9014 0.731707317073
9019 0.733739837398
9113 0.735772357724
9154 0.737804878049
9173 0.739837398374
9209 0.741869918699
9241 0.743902439024
9244 0.74593495935
9338 0.747967479675
9346 0.75
9371 0.752032520325
9446 0.75406504065
9479 0.756097560976
9582 0.758130081301
9726 0.760162601626
9760 0.762195121951
9806 0.764227642276
9848 0.766260162602
9878 0.768292682927
9884 0.770325203252
9892 0.772357723577
9945 0.774390243902
9968 0.776422764228
9987 0.778455284553
10006 0.780487804878
10010 0.782520325203
10014 0.784552845528
10020 0.788617886179
10020 0.788617886179
10029 0.790650406504
10099 0.792682926829
10257 0.794715447154
10267 0.79674796748
10292 0.798780487805
10314 0.80081300813
10319 0.802845528455
10354 0.80487804878
10438 0.806910569106
10443 0.808943089431
10450 0.810975609756
10529 0.813008130081
10571 0.815040650407
10620 0.817073170732
10691 0.819105691057
10781 0.821138211382
10839 0.823170731707
10846 0.825203252033
10978 0.829268292683
10978 0.829268292683
11064 0.831300813008
11077 0.833333333333
11169 0.835365853659
11172 0.837398373984
11230 0.839430894309
11311 0.841463414634
11325 0.843495934959
11327 0.845528455285
11420 0.84756097561
11425 0.849593495935
11492 0.85162601626
11520 0.853658536585
11566 0.855691056911
11592 0.857723577236
11647 0.859756097561
11699 0.861788617886
11813 0.863821138211
12309 0.865853658537
12417 0.867886178862
12480 0.871951219512
12480 0.871951219512
12549 0.873983739837
12639 0.876016260163
12696 0.878048780488
12715 0.880081300813
12765 0.882113821138
13127 0.884146341463
13205 0.886178861789
13239 0.888211382114
13282 0.890243902439
13307 0.892276422764
13411 0.894308943089
13547 0.896341463415
13708 0.89837398374
13743 0.900406504065
14066 0.90243902439
14257 0.904471544715
14364 0.906504065041
14511 0.908536585366
14694 0.910569105691
15006 0.912601626016
15473 0.914634146341
15748 0.916666666667
15864 0.918699186992
16153 0.920731707317
16237 0.922764227642
16533 0.924796747967
17104 0.926829268293
17347 0.928861788618
17443 0.930894308943
17517 0.932926829268
18897 0.934959349593
19669 0.936991869919
20755 0.939024390244
20782 0.941056910569
21071 0.943089430894
21205 0.94512195122
21525 0.947154471545
21780 0.94918699187
21984 0.951219512195
22176 0.95325203252
22267 0.955284552846
22307 0.957317073171
22832 0.959349593496
22930 0.961382113821
23164 0.963414634146
23295 0.965447154472
23423 0.967479674797
23810 0.969512195122
25116 0.971544715447
25685 0.973577235772
26039 0.975609756098
27645 0.977642276423
28039 0.979674796748
31292 0.981707317073
32263 0.983739837398
32537 0.985772357724
33847 0.987804878049
34395 0.989837398374
35189 0.991869918699
42250 0.993902439024
45843 0.99593495935
48916 0.997967479675
50963 1.0
