28 0.0020202020202
212 0.0040404040404
226 0.00606060606061
292 0.00808080808081
330 0.010101010101
342 0.0121212121212
357 0.0141414141414
378 0.0161616161616
418 0.0181818181818
475 0.020202020202
544 0.0222222222222
554 0.0242424242424
586 0.0262626262626
587 0.0282828282828
596 0.030303030303
603 0.0323232323232
635 0.0343434343434
647 0.0363636363636
670 0.0383838383838
701 0.040404040404
759 0.0424242424242
766 0.0444444444444
779 0.0464646464646
799 0.0484848484848
840 0.0505050505051
865 0.0525252525253
871 0.0545454545455
877 0.0565656565657
900 0.0585858585859
939 0.0606060606061
941 0.0626262626263
961 0.0646464646465
985 0.0666666666667
1070 0.0686868686869
1094 0.0707070707071
1106 0.0727272727273
1123 0.0747474747475
1137 0.0767676767677
1153 0.0787878787879
1177 0.0808080808081
1206 0.0828282828283
1215 0.0848484848485
1223 0.0868686868687
1225 0.0888888888889
1316 0.0909090909091
1322 0.0929292929293
1337 0.0949494949495
1341 0.0969696969697
1357 0.0989898989899
1359 0.10101010101
1379 0.10303030303
1384 0.105050505051
1410 0.107070707071
1425 0.109090909091
1428 0.111111111111
1445 0.113131313131
1492 0.115151515152
1502 0.117171717172
1507 0.119191919192
1522 0.121212121212
1524 0.123232323232
1534 0.125252525253
1537 0.127272727273
1549 0.129292929293
1559 0.131313131313
1571 0.133333333333
1591 0.135353535354
1593 0.137373737374
1602 0.141414141414
1602 0.141414141414
1656 0.143434343434
1657 0.145454545455
1668 0.147474747475
1674 0.149494949495
1682 0.151515151515
1684 0.153535353535
1698 0.155555555556
1705 0.157575757576
1707 0.159595959596
1718 0.161616161616
1745 0.163636363636
1746 0.165656565657
1754 0.169696969697
1754 0.169696969697
1761 0.171717171717
1764 0.173737373737
1771 0.175757575758
1807 0.177777777778
1815 0.179797979798
1817 0.181818181818
1861 0.183838383838
1863 0.185858585859
1865 0.187878787879
1867 0.189898989899
1868 0.191919191919
1872 0.193939393939
1885 0.19595959596
1914 0.19797979798
1922 0.2
1929 0.20202020202
1946 0.206060606061
1946 0.206060606061
1947 0.208080808081
1966 0.210101010101
1976 0.212121212121
1978 0.214141414141
1983 0.216161616162
1996 0.220202020202
1996 0.220202020202
2007 0.222222222222
2014 0.224242424242
2024 0.226262626263
2025 0.228282828283
2026 0.230303030303
2043 0.232323232323
2064 0.234343434343
2065 0.236363636364
2092 0.238383838384
2094 0.240404040404
2101 0.242424242424
2114 0.244444444444
2115 0.246464646465
2133 0.248484848485
2152 0.252525252525
2152 0.252525252525
2155 0.254545454545
2173 0.256565656566
2174 0.258585858586
2221 0.260606060606
2224 0.262626262626
2232 0.264646464646
2233 0.266666666667
2244 0.268686868687
2245 0.270707070707
2257 0.272727272727
2281 0.274747474747
2299 0.276767676768
2307 0.278787878788
2321 0.280808080808
2334 0.282828282828
2358 0.284848484848
2365 0.286868686869
2368 0.288888888889
2371 0.290909090909
2375 0.292929292929
2394 0.294949494949
2409 0.29696969697
2418 0.29898989899
2482 0.30101010101
2488 0.30303030303
2496 0.305050505051
2548 0.307070707071
2564 0.309090909091
2575 0.311111111111
2581 0.313131313131
2583 0.315151515152
2591 0.317171717172
2605 0.319191919192
2615 0.321212121212
2621 0.323232323232
2622 0.325252525253
2630 0.327272727273
2642 0.329292929293
2644 0.331313131313
2652 0.333333333333
2653 0.335353535354
2657 0.337373737374
2667 0.339393939394
2682 0.341414141414
2693 0.343434343434
2694 0.345454545455
2727 0.347474747475
2733 0.349494949495
2742 0.351515151515
2745 0.353535353535
2748 0.355555555556
2765 0.357575757576
2775 0.359595959596
2789 0.361616161616
2800 0.363636363636
2808 0.365656565657
2824 0.367676767677
2828 0.369696969697
2831 0.371717171717
2894 0.373737373737
2906 0.375757575758
2910 0.377777777778
2927 0.379797979798
2932 0.381818181818
2973 0.383838383838
2989 0.385858585859
2990 0.387878787879
3000 0.389898989899
3009 0.391919191919
3012 0.393939393939
3027 0.39595959596
3028 0.39797979798
3030 0.4
3036 0.40202020202
3040 0.40404040404
3067 0.408080808081
3067 0.408080808081
3068 0.410101010101
3077 0.412121212121
3088 0.414141414141
3100 0.416161616162
3123 0.418181818182
3129 0.420202020202
3158 0.422222222222
3163 0.424242424242
3181 0.426262626263
3228 0.428282828283
3230 0.430303030303
3231 0.432323232323
3232 0.434343434343
3234 0.436363636364
3260 0.438383838384
3275 0.440404040404
3276 0.442424242424
3281 0.444444444444
3333 0.446464646465
3344 0.448484848485
3349 0.450505050505
3350 0.452525252525
3352 0.454545454545
3363 0.456565656566
3366 0.458585858586
3377 0.460606060606
3387 0.462626262626
3391 0.464646464646
3397 0.466666666667
3422 0.468686868687
3468 0.470707070707
3477 0.472727272727
3479 0.474747474747
3482 0.476767676768
3493 0.478787878788
3496 0.480808080808
3498 0.482828282828
3512 0.484848484848
3535 0.486868686869
3556 0.488888888889
3616 0.490909090909
3629 0.492929292929
3630 0.494949494949
3654 0.49696969697
3678 0.49898989899
3682 0.50101010101
3688 0.505050505051
3688 0.505050505051
3700 0.507070707071
3701 0.509090909091
3715 0.511111111111
3719 0.513131313131
3737 0.515151515152
3775 0.519191919192
3775 0.519191919192
3811 0.521212121212
3823 0.523232323232
3826 0.525252525253
3873 0.527272727273
3921 0.529292929293
3947 0.531313131313
3949 0.533333333333
3958 0.535353535354
3961 0.537373737374
3965 0.539393939394
3978 0.541414141414
3984 0.543434343434
4008 0.547474747475
4008 0.547474747475
4024 0.549494949495
4032 0.551515151515
4041 0.553535353535
4052 0.555555555556
4056 0.557575757576
4082 0.559595959596
4107 0.561616161616
4137 0.563636363636
4153 0.565656565657
4186 0.567676767677
4203 0.569696969697
4217 0.571717171717
4226 0.573737373737
4257 0.575757575758
4267 0.577777777778
4319 0.579797979798
4327 0.581818181818
4348 0.583838383838
4364 0.585858585859
4367 0.587878787879
4375 0.589898989899
4382 0.591919191919
4414 0.593939393939
4423 0.59595959596
4443 0.59797979798
4497 0.6
4516 0.60202020202
4526 0.60404040404
4531 0.606060606061
4540 0.608080808081
4569 0.610101010101
4582 0.612121212121
4588 0.614141414141
4600 0.616161616162
4606 0.618181818182
4607 0.620202020202
4624 0.622222222222
4634 0.624242424242
4646 0.626262626263
4660 0.628282828283
4672 0.630303030303
4681 0.632323232323
4683 0.634343434343
4709 0.636363636364
4714 0.638383838384
4729 0.640404040404
4731 0.642424242424
4749 0.644444444444
4766 0.646464646465
4799 0.648484848485
4800 0.650505050505
4806 0.652525252525
4814 0.654545454545
4821 0.656565656566
4847 0.658585858586
4856 0.660606060606
4880 0.666666666667
4880 0.666666666667
4880 0.666666666667
4887 0.668686868687
4894 0.670707070707
4901 0.672727272727
4969 0.674747474747
4984 0.676767676768
4985 0.678787878788
5008 0.680808080808
5021 0.682828282828
5023 0.684848484848
5027 0.686868686869
5053 0.688888888889
5058 0.690909090909
5078 0.692929292929
5102 0.694949494949
5122 0.69696969697
5131 0.70101010101
5131 0.70101010101
5142 0.70303030303
5208 0.705050505051
5242 0.707070707071
5254 0.709090909091
5258 0.711111111111
5264 0.713131313131
5271 0.715151515152
5281 0.717171717172
5311 0.719191919192
5321 0.721212121212
5326 0.723232323232
5338 0.725252525253
5372 0.727272727273
5373 0.729292929293
5401 0.731313131313
5406 0.733333333333
5409 0.735353535354
5416 0.737373737374
5433 0.739393939394
5467 0.741414141414
5469 0.743434343434
5471 0.745454545455
5480 0.747474747475
5497 0.749494949495
5518 0.751515151515
5527 0.753535353535
5571 0.755555555556
5594 0.757575757576
5605 0.759595959596
5609 0.761616161616
5630 0.763636363636
5636 0.765656565657
5657 0.767676767677
5663 0.769696969697
5677 0.771717171717
5689 0.773737373737
5691 0.775757575758
5723 0.777777777778
5782 0.779797979798
5892 0.781818181818
6040 0.783838383838
6051 0.785858585859
6053 0.787878787879
6059 0.789898989899
6084 0.791919191919
6094 0.793939393939
6112 0.79595959596
6141 0.79797979798
6145 0.8
6212 0.80202020202
6224 0.80404040404
6226 0.806060606061
6304 0.808080808081
6315 0.810101010101
6344 0.812121212121
6351 0.814141414141
6401 0.816161616162
6424 0.818181818182
6485 0.820202020202
6510 0.822222222222
6556 0.824242424242
6563 0.826262626263
6572 0.828282828283
6817 0.830303030303
6892 0.832323232323
6926 0.834343434343
6959 0.836363636364
6962 0.838383838384
7082 0.840404040404
7124 0.842424242424
7139 0.844444444444
7183 0.846464646465
7231 0.848484848485
7246 0.850505050505
7324 0.852525252525
7355 0.854545454545
7436 0.856565656566
7511 0.858585858586
7543 0.860606060606
7612 0.862626262626
7663 0.864646464646
7736 0.866666666667
7796 0.868686868687
7867 0.870707070707
7912 0.872727272727
7999 0.874747474747
8060 0.876767676768
8068 0.878787878788
8131 0.880808080808
8430 0.882828282828
8431 0.884848484848
8467 0.886868686869
8493 0.888888888889
8501 0.890909090909
8788 0.892929292929
8869 0.894949494949
8919 0.89696969697
8958 0.89898989899
9029 0.90101010101
9149 0.90303030303
9276 0.905050505051
9359 0.907070707071
9426 0.909090909091
9441 0.911111111111
9713 0.913131313131
9801 0.915151515152
9991 0.917171717172
10039 0.919191919192
10249 0.921212121212
10895 0.923232323232
11036 0.925252525253
11598 0.927272727273
11670 0.929292929293
11793 0.931313131313
11898 0.933333333333
12213 0.935353535354
12271 0.937373737374
12436 0.939393939394
12637 0.941414141414
12745 0.943434343434
12775 0.945454545455
13069 0.947474747475
13640 0.949494949495
13754 0.951515151515
14064 0.953535353535
14080 0.955555555556
14264 0.957575757576
14311 0.959595959596
14363 0.961616161616
14375 0.963636363636
14431 0.965656565657
14621 0.967676767677
15072 0.969696969697
15572 0.971717171717
16015 0.973737373737
16075 0.975757575758
16265 0.977777777778
18956 0.979797979798
19299 0.981818181818
19990 0.983838383838
20011 0.985858585859
20177 0.987878787879
20785 0.989898989899
21893 0.991919191919
26814 0.993939393939
29911 0.99595959596
31340 0.99797979798
33427 1.0
