31 0.00471698113208
38 0.00943396226415
1057 0.0141509433962
1071 0.0188679245283
1325 0.0235849056604
1554 0.0283018867925
1558 0.0330188679245
1645 0.0377358490566
1778 0.0424528301887
1805 0.0471698113208
1879 0.0518867924528
2042 0.0566037735849
2112 0.061320754717
2297 0.0660377358491
2365 0.0707547169811
2399 0.0754716981132
2401 0.0801886792453
2541 0.0849056603774
2552 0.0896226415094
2564 0.0943396226415
2585 0.0990566037736
2611 0.103773584906
2763 0.108490566038
2780 0.11320754717
2786 0.117924528302
2800 0.122641509434
3000 0.127358490566
3063 0.132075471698
3118 0.13679245283
3143 0.141509433962
3167 0.146226415094
3175 0.150943396226
3294 0.155660377358
3312 0.160377358491
3351 0.165094339623
3370 0.174528301887
3370 0.174528301887
3391 0.179245283019
3403 0.183962264151
3485 0.188679245283
3584 0.193396226415
3589 0.198113207547
3645 0.207547169811
3645 0.207547169811
3650 0.212264150943
3667 0.216981132075
3750 0.221698113208
3761 0.22641509434
3830 0.231132075472
3857 0.235849056604
3945 0.240566037736
3959 0.245283018868
3962 0.25
3990 0.254716981132
4031 0.259433962264
4050 0.264150943396
4083 0.268867924528
4146 0.27358490566
4157 0.278301886792
4162 0.283018867925
4213 0.287735849057
4221 0.292452830189
4268 0.297169811321
4290 0.301886792453
4329 0.306603773585
4348 0.311320754717
4356 0.316037735849
4357 0.320754716981
4423 0.325471698113
4430 0.330188679245
4436 0.334905660377
4511 0.339622641509
4611 0.344339622642
4623 0.349056603774
4641 0.353773584906
4672 0.358490566038
4674 0.36320754717
4690 0.372641509434
4690 0.372641509434
4697 0.377358490566
4701 0.382075471698
4704 0.38679245283
4725 0.391509433962
4730 0.396226415094
4748 0.400943396226
4752 0.405660377358
4753 0.410377358491
4789 0.415094339623
4831 0.419811320755
4923 0.424528301887
4925 0.429245283019
4959 0.433962264151
4984 0.438679245283
5043 0.443396226415
5050 0.448113207547
5055 0.452830188679
5058 0.457547169811
5076 0.462264150943
5083 0.466981132075
5087 0.471698113208
5095 0.47641509434
5127 0.481132075472
5138 0.485849056604
5146 0.490566037736
5154 0.495283018868
5178 0.5
5243 0.504716981132
5249 0.509433962264
5299 0.514150943396
5410 0.518867924528
5458 0.52358490566
5468 0.528301886792
5568 0.533018867925
5575 0.537735849057
5670 0.542452830189
5748 0.547169811321
5766 0.551886792453
5842 0.561320754717
5842 0.561320754717
5864 0.566037735849
5974 0.570754716981
5981 0.575471698113
6002 0.580188679245
6025 0.584905660377
6053 0.589622641509
6066 0.594339622642
6152 0.599056603774
6235 0.603773584906
6240 0.608490566038
6253 0.61320754717
6292 0.617924528302
6494 0.622641509434
6538 0.627358490566
6633 0.632075471698
6644 0.63679245283
6683 0.641509433962
6698 0.646226415094
6810 0.650943396226
6844 0.655660377358
6947 0.660377358491
7038 0.665094339623
7106 0.669811320755
7211 0.674528301887
7229 0.679245283019
7242 0.683962264151
7250 0.688679245283
7256 0.693396226415
7378 0.698113207547
7385 0.702830188679
7401 0.707547169811
7404 0.712264150943
7469 0.716981132075
7471 0.721698113208
7477 0.72641509434
7516 0.731132075472
7523 0.735849056604
7667 0.740566037736
7700 0.745283018868
7727 0.75
7876 0.754716981132
7891 0.759433962264
7964 0.764150943396
7984 0.768867924528
8012 0.77358490566
8022 0.778301886792
8110 0.783018867925
8134 0.787735849057
8214 0.792452830189
8244 0.797169811321
8247 0.801886792453
8372 0.806603773585
8413 0.811320754717
8427 0.816037735849
8525 0.820754716981
8527 0.825471698113
8536 0.830188679245
8565 0.834905660377
8606 0.839622641509
8696 0.844339622642
8804 0.849056603774
8854 0.853773584906
8965 0.858490566038
9058 0.86320754717
9274 0.867924528302
9521 0.872641509434
9705 0.877358490566
9946 0.882075471698
9962 0.88679245283
9974 0.891509433962
10087 0.896226415094
10116 0.900943396226
10280 0.905660377358
10401 0.910377358491
10508 0.915094339623
10565 0.919811320755
10758 0.924528301887
11009 0.929245283019
11112 0.933962264151
11253 0.938679245283
11435 0.943396226415
11458 0.948113207547
11643 0.952830188679
12801 0.957547169811
12964 0.962264150943
14850 0.966981132075
14886 0.971698113208
16562 0.97641509434
17198 0.981132075472
17475 0.985849056604
17674 0.990566037736
18724 0.995283018868
19754 1.0
