31 0.0020202020202
381 0.0040404040404
440 0.00606060606061
605 0.00808080808081
684 0.010101010101
701 0.0121212121212
749 0.0141414141414
750 0.0161616161616
886 0.0181818181818
1062 0.020202020202
1109 0.0222222222222
1127 0.0242424242424
1162 0.0262626262626
1219 0.0282828282828
1290 0.030303030303
1291 0.0323232323232
1322 0.0343434343434
1332 0.0363636363636
1334 0.0383838383838
1497 0.0424242424242
1497 0.0424242424242
1511 0.0444444444444
1515 0.0464646464646
1588 0.0484848484848
1644 0.0505050505051
1645 0.0525252525253
1659 0.0545454545455
1783 0.0565656565657
1879 0.0585858585859
1893 0.0606060606061
1904 0.0626262626263
1931 0.0646464646465
1934 0.0666666666667
1935 0.0686868686869
1967 0.0707070707071
1998 0.0727272727273
2001 0.0747474747475
2003 0.0767676767677
2008 0.0787878787879
2056 0.0828282828283
2056 0.0828282828283
2070 0.0848484848485
2084 0.0868686868687
2100 0.0888888888889
2128 0.0909090909091
2139 0.0929292929293
2217 0.0949494949495
2285 0.0969696969697
2290 0.0989898989899
2383 0.10101010101
2398 0.10303030303
2402 0.105050505051
2420 0.107070707071
2423 0.109090909091
2430 0.111111111111
2434 0.113131313131
2469 0.115151515152
2504 0.117171717172
2510 0.119191919192
2553 0.121212121212
2560 0.123232323232
2565 0.125252525253
2594 0.127272727273
2608 0.129292929293
2624 0.131313131313
2628 0.133333333333
2635 0.135353535354
2653 0.137373737374
2693 0.141414141414
2693 0.141414141414
2721 0.143434343434
2740 0.147474747475
2740 0.147474747475
2759 0.149494949495
2766 0.151515151515
2775 0.153535353535
2783 0.155555555556
2793 0.157575757576
2800 0.159595959596
2804 0.161616161616
2821 0.163636363636
2838 0.165656565657
2856 0.167676767677
2874 0.169696969697
2886 0.171717171717
2926 0.173737373737
2930 0.175757575758
2932 0.177777777778
2943 0.179797979798
2959 0.181818181818
2961 0.185858585859
2961 0.185858585859
2987 0.189898989899
2987 0.189898989899
2990 0.191919191919
2997 0.193939393939
3002 0.19595959596
3012 0.19797979798
3021 0.2
3028 0.20202020202
3034 0.206060606061
3034 0.206060606061
3036 0.208080808081
3048 0.210101010101
3055 0.212121212121
3056 0.214141414141
3067 0.216161616162
3074 0.218181818182
3083 0.220202020202
3103 0.222222222222
3118 0.226262626263
3118 0.226262626263
3134 0.228282828283
3146 0.230303030303
3154 0.232323232323
3160 0.234343434343
3162 0.236363636364
3166 0.238383838384
3169 0.240404040404
3194 0.242424242424
3196 0.244444444444
3224 0.246464646465
3257 0.248484848485
3262 0.250505050505
3282 0.252525252525
3290 0.254545454545
3292 0.256565656566
3300 0.258585858586
3312 0.260606060606
3321 0.262626262626
3342 0.264646464646
3365 0.266666666667
3382 0.270707070707
3382 0.270707070707
3389 0.272727272727
3430 0.274747474747
3451 0.276767676768
3465 0.278787878788
3470 0.280808080808
3478 0.282828282828
3479 0.284848484848
3503 0.286868686869
3566 0.288888888889
3576 0.290909090909
3654 0.292929292929
3656 0.294949494949
3661 0.29696969697
3678 0.29898989899
3700 0.30101010101
3729 0.30303030303
3738 0.305050505051
3741 0.307070707071
3753 0.311111111111
3753 0.311111111111
3767 0.313131313131
3777 0.315151515152
3783 0.317171717172
3791 0.319191919192
3795 0.321212121212
3840 0.323232323232
3849 0.325252525253
3886 0.327272727273
3930 0.329292929293
4004 0.331313131313
4006 0.333333333333
4012 0.335353535354
4055 0.337373737374
4056 0.339393939394
4058 0.341414141414
4059 0.343434343434
4062 0.345454545455
4082 0.347474747475
4089 0.349494949495
4097 0.351515151515
4119 0.353535353535
4127 0.355555555556
4166 0.357575757576
4175 0.359595959596
4191 0.361616161616
4213 0.363636363636
4221 0.365656565657
4229 0.367676767677
4231 0.369696969697
4255 0.371717171717
4259 0.373737373737
4266 0.375757575758
4280 0.377777777778
4283 0.379797979798
4335 0.381818181818
4344 0.383838383838
4411 0.387878787879
4411 0.387878787879
4425 0.389898989899
4432 0.391919191919
4438 0.393939393939
4458 0.39595959596
4459 0.39797979798
4493 0.4
4495 0.40202020202
4523 0.40404040404
4564 0.406060606061
4570 0.408080808081
4606 0.410101010101
4624 0.412121212121
4638 0.416161616162
4638 0.416161616162
4697 0.418181818182
4732 0.420202020202
4740 0.422222222222
4741 0.424242424242
4746 0.426262626263
4752 0.428282828283
4769 0.430303030303
4794 0.432323232323
4803 0.434343434343
4808 0.436363636364
4840 0.438383838384
4865 0.440404040404
4876 0.442424242424
4901 0.444444444444
4918 0.446464646465
4925 0.448484848485
4931 0.450505050505
4938 0.452525252525
4949 0.454545454545
4961 0.456565656566
4975 0.458585858586
4982 0.460606060606
4986 0.462626262626
4997 0.464646464646
5000 0.466666666667
5003 0.468686868687
5016 0.470707070707
5027 0.472727272727
5086 0.474747474747
5110 0.476767676768
5118 0.478787878788
5119 0.480808080808
5137 0.482828282828
5157 0.484848484848
5159 0.486868686869
5175 0.488888888889
5203 0.490909090909
5204 0.492929292929
5218 0.494949494949
5252 0.49696969697
5255 0.49898989899
5296 0.50101010101
5298 0.50303030303
5356 0.505050505051
5362 0.507070707071
5367 0.509090909091
5388 0.511111111111
5397 0.513131313131
5399 0.515151515152
5408 0.517171717172
5423 0.519191919192
5440 0.521212121212
5445 0.523232323232
5451 0.525252525253
5459 0.527272727273
5474 0.529292929293
5494 0.531313131313
5507 0.533333333333
5508 0.535353535354
5549 0.537373737374
5563 0.539393939394
5578 0.541414141414
5591 0.543434343434
5598 0.545454545455
5603 0.547474747475
5617 0.549494949495
5618 0.551515151515
5659 0.553535353535
5661 0.555555555556
5670 0.557575757576
5678 0.559595959596
5681 0.561616161616
5723 0.563636363636
5759 0.565656565657
5763 0.567676767677
5810 0.569696969697
5818 0.571717171717
5838 0.573737373737
5859 0.575757575758
5864 0.577777777778
5868 0.579797979798
5920 0.581818181818
5954 0.583838383838
5969 0.585858585859
5973 0.587878787879
5977 0.589898989899
5998 0.591919191919
6004 0.593939393939
6008 0.59595959596
6012 0.59797979798
6013 0.6
6052 0.60202020202
6101 0.60404040404
6103 0.606060606061
6109 0.608080808081
6122 0.610101010101
6137 0.612121212121
6152 0.614141414141
6169 0.616161616162
6183 0.618181818182
6198 0.620202020202
6203 0.622222222222
6209 0.624242424242
6214 0.626262626263
6218 0.628282828283
6226 0.630303030303
6299 0.632323232323
6304 0.634343434343
6311 0.636363636364
6392 0.638383838384
6395 0.640404040404
6409 0.642424242424
6419 0.644444444444
6420 0.646464646465
6426 0.648484848485
6456 0.650505050505
6491 0.652525252525
6504 0.654545454545
6516 0.656565656566
6520 0.658585858586
6539 0.660606060606
6563 0.662626262626
6568 0.664646464646
6582 0.666666666667
6631 0.668686868687
6640 0.670707070707
6666 0.672727272727
6681 0.674747474747
6692 0.676767676768
6699 0.678787878788
6728 0.680808080808
6759 0.682828282828
6775 0.684848484848
6810 0.686868686869
6832 0.688888888889
6848 0.692929292929
6848 0.692929292929
6850 0.694949494949
6909 0.69696969697
6953 0.69898989899
7064 0.70101010101
7071 0.70303030303
7076 0.705050505051
7083 0.707070707071
7121 0.709090909091
7136 0.711111111111
7141 0.713131313131
7199 0.715151515152
7249 0.717171717172
7259 0.719191919192
7269 0.721212121212
7281 0.723232323232
7284 0.725252525253
7311 0.727272727273
7329 0.729292929293
7342 0.731313131313
7349 0.733333333333
7421 0.735353535354
7440 0.737373737374
7460 0.739393939394
7514 0.741414141414
7517 0.743434343434
7518 0.745454545455
7594 0.747474747475
7599 0.749494949495
7631 0.751515151515
7632 0.753535353535
7651 0.755555555556
7655 0.757575757576
7673 0.759595959596
7680 0.761616161616
7703 0.763636363636
7753 0.765656565657
7794 0.767676767677
7828 0.769696969697
7840 0.771717171717
7887 0.773737373737
8021 0.775757575758
8026 0.777777777778
8137 0.779797979798
8162 0.781818181818
8165 0.783838383838
8293 0.785858585859
8301 0.787878787879
8341 0.789898989899
8448 0.791919191919
8461 0.793939393939
8473 0.79595959596
8494 0.79797979798
8513 0.8
8555 0.80202020202
8623 0.80404040404
8670 0.806060606061
8672 0.808080808081
8731 0.810101010101
8766 0.812121212121
8797 0.814141414141
8845 0.816161616162
8855 0.818181818182
8917 0.820202020202
8954 0.822222222222
9033 0.824242424242
9102 0.826262626263
9104 0.828282828283
9124 0.830303030303
9134 0.832323232323
9156 0.834343434343
9185 0.836363636364
9194 0.838383838384
9225 0.840404040404
9295 0.842424242424
9337 0.844444444444
9354 0.846464646465
9406 0.848484848485
9418 0.850505050505
9426 0.852525252525
9434 0.854545454545
9500 0.856565656566
9528 0.858585858586
9533 0.860606060606
9549 0.862626262626
9827 0.864646464646
9832 0.866666666667
9866 0.868686868687
9883 0.870707070707
9885 0.872727272727
9933 0.874747474747
9964 0.876767676768
9970 0.878787878788
10055 0.880808080808
10181 0.882828282828
10267 0.884848484848
10293 0.886868686869
10357 0.888888888889
10367 0.890909090909
10625 0.892929292929
10644 0.894949494949
10719 0.89696969697
10740 0.89898989899
10785 0.90101010101
10899 0.90303030303
10995 0.905050505051
11025 0.907070707071
11439 0.909090909091
11594 0.911111111111
11623 0.913131313131
11656 0.915151515152
11811 0.917171717172
12062 0.919191919192
12084 0.921212121212
12785 0.923232323232
13278 0.925252525253
13581 0.927272727273
13931 0.929292929293
13956 0.931313131313
14051 0.933333333333
14351 0.935353535354
14362 0.937373737374
14501 0.939393939394
14659 0.941414141414
15354 0.943434343434
15488 0.945454545455
15801 0.947474747475
15851 0.949494949495
15966 0.951515151515
16015 0.953535353535
16199 0.955555555556
16480 0.957575757576
16541 0.959595959596
16571 0.961616161616
16964 0.963636363636
17016 0.965656565657
17377 0.967676767677
17432 0.969696969697
18200 0.971717171717
18388 0.973737373737
18601 0.975757575758
19025 0.977777777778
20019 0.979797979798
20683 0.981818181818
21436 0.983838383838
21553 0.985858585859
22566 0.987878787879
23319 0.989898989899
25099 0.991919191919
28470 0.993939393939
31733 0.99595959596
33778 0.99797979798
34494 1.0
