37 0.00510204081633
816 0.0102040816327
1041 0.015306122449
1099 0.0204081632653
1308 0.0255102040816
1551 0.030612244898
1564 0.0357142857143
1792 0.0408163265306
1838 0.0459183673469
2274 0.0510204081633
2354 0.0561224489796
2410 0.0612244897959
2424 0.0663265306122
2522 0.0714285714286
2556 0.0765306122449
2571 0.0816326530612
2578 0.0867346938776
2676 0.0918367346939
2725 0.0969387755102
2800 0.102040816327
3012 0.107142857143
3140 0.112244897959
3171 0.117346938776
3295 0.122448979592
3367 0.127551020408
3418 0.132653061224
3422 0.137755102041
3424 0.142857142857
3527 0.147959183673
3599 0.15306122449
3614 0.158163265306
3653 0.163265306122
3766 0.168367346939
3785 0.173469387755
3808 0.178571428571
3834 0.183673469388
3951 0.188775510204
3979 0.19387755102
4009 0.198979591837
4084 0.204081632653
4092 0.209183673469
4175 0.214285714286
4185 0.219387755102
4249 0.224489795918
4286 0.229591836735
4341 0.234693877551
4365 0.239795918367
4377 0.244897959184
4381 0.25
4438 0.255102040816
4443 0.260204081633
4450 0.265306122449
4462 0.270408163265
4515 0.275510204082
4540 0.280612244898
4568 0.285714285714
4569 0.290816326531
4594 0.295918367347
4595 0.301020408163
4619 0.30612244898
4628 0.311224489796
4632 0.316326530612
4671 0.321428571429
4695 0.326530612245
4708 0.331632653061
4731 0.336734693878
4738 0.341836734694
4740 0.34693877551
4769 0.352040816327
4772 0.357142857143
4791 0.362244897959
4797 0.367346938776
4824 0.372448979592
4862 0.377551020408
4889 0.382653061224
4895 0.387755102041
4916 0.392857142857
4920 0.397959183673
4944 0.40306122449
5062 0.408163265306
5090 0.413265306122
5097 0.418367346939
5199 0.423469387755
5236 0.428571428571
5240 0.433673469388
5247 0.438775510204
5287 0.44387755102
5307 0.448979591837
5339 0.454081632653
5384 0.459183673469
5453 0.469387755102
5453 0.469387755102
5461 0.474489795918
5488 0.479591836735
5569 0.484693877551
5608 0.489795918367
5619 0.494897959184
5639 0.5
5679 0.505102040816
5730 0.510204081633
5755 0.515306122449
5829 0.520408163265
5872 0.525510204082
5989 0.530612244898
6004 0.535714285714
6034 0.540816326531
6081 0.545918367347
6083 0.551020408163
6159 0.55612244898
6170 0.561224489796
6175 0.566326530612
6321 0.571428571429
6351 0.576530612245
6383 0.581632653061
6433 0.586734693878
6444 0.591836734694
6455 0.59693877551
6542 0.602040816327
6595 0.607142857143
6601 0.612244897959
6692 0.617346938776
6708 0.622448979592
6754 0.627551020408
6818 0.632653061224
6897 0.637755102041
6913 0.642857142857
6915 0.647959183673
6918 0.65306122449
6919 0.658163265306
6960 0.663265306122
7032 0.668367346939
7070 0.673469387755
7084 0.678571428571
7186 0.683673469388
7192 0.688775510204
7201 0.69387755102
7210 0.698979591837
7228 0.704081632653
7268 0.709183673469
7335 0.714285714286
7351 0.719387755102
7377 0.724489795918
7495 0.729591836735
7577 0.734693877551
7703 0.739795918367
7726 0.744897959184
7732 0.75
7754 0.755102040816
7760 0.760204081633
7830 0.765306122449
7942 0.770408163265
7953 0.775510204082
7998 0.780612244898
8076 0.785714285714
8096 0.790816326531
8277 0.795918367347
8330 0.801020408163
8347 0.80612244898
8352 0.811224489796
8408 0.816326530612
8443 0.821428571429
8457 0.826530612245
8599 0.831632653061
8742 0.836734693878
8855 0.841836734694
8946 0.84693877551
8969 0.852040816327
9075 0.857142857143
9600 0.862244897959
9670 0.867346938776
9727 0.872448979592
9760 0.877551020408
10091 0.882653061224
10117 0.887755102041
10128 0.892857142857
10141 0.897959183673
10480 0.90306122449
10540 0.908163265306
10719 0.913265306122
11213 0.918367346939
11226 0.923469387755
11238 0.928571428571
11761 0.933673469388
12191 0.938775510204
12581 0.94387755102
12703 0.948979591837
12856 0.954081632653
12939 0.959183673469
12940 0.964285714286
13064 0.969387755102
13543 0.974489795918
14430 0.979591836735
16952 0.984693877551
17695 0.989795918367
19389 0.994897959184
20552 1.0
