31 0.00202429149798
594 0.00404858299595
778 0.00607287449393
1165 0.0080971659919
1205 0.0101214574899
1403 0.0121457489879
1581 0.0141700404858
2293 0.0161943319838
2403 0.0182186234818
2411 0.0202429149798
2612 0.0222672064777
2685 0.0242914979757
2726 0.0263157894737
2794 0.0283400809717
2846 0.0303643724696
2910 0.0323886639676
2961 0.0344129554656
3027 0.0364372469636
3118 0.0384615384615
3239 0.0404858299595
3271 0.0425101214575
3322 0.0445344129555
3364 0.0465587044534
3426 0.0485829959514
3428 0.0506072874494
3541 0.0526315789474
3763 0.0546558704453
4467 0.0566801619433
4557 0.0587044534413
4617 0.0607287449393
4662 0.0627530364372
4705 0.0647773279352
4755 0.0668016194332
4850 0.0688259109312
4980 0.0708502024291
5197 0.0728744939271
5217 0.0748987854251
5359 0.0769230769231
5420 0.0789473684211
5512 0.080971659919
5741 0.082995951417
5843 0.085020242915
6246 0.087044534413
6487 0.0890688259109
6502 0.0910931174089
6507 0.0931174089069
6515 0.0951417004049
6558 0.0971659919028
6602 0.0991902834008
6624 0.101214574899
6702 0.103238866397
6795 0.105263157895
6799 0.107287449393
6890 0.109311740891
6965 0.111336032389
7002 0.113360323887
7032 0.115384615385
7262 0.117408906883
7509 0.119433198381
7609 0.121457489879
7656 0.123481781377
7683 0.125506072874
7734 0.127530364372
7760 0.12955465587
7783 0.131578947368
7840 0.133603238866
7972 0.135627530364
7992 0.137651821862
8063 0.13967611336
8184 0.141700404858
8226 0.143724696356
8237 0.145748987854
8459 0.147773279352
8501 0.14979757085
8545 0.151821862348
8631 0.153846153846
8638 0.155870445344
8668 0.157894736842
8676 0.15991902834
8692 0.161943319838
8732 0.163967611336
8786 0.165991902834
8891 0.168016194332
8896 0.17004048583
9018 0.172064777328
9119 0.174089068826
9289 0.176113360324
9313 0.178137651822
9338 0.18016194332
9361 0.182186234818
9459 0.184210526316
9494 0.186234817814
9589 0.188259109312
9613 0.19028340081
9678 0.192307692308
9854 0.194331983806
9917 0.196356275304
9976 0.198380566802
9977 0.2004048583
9989 0.202429149798
10031 0.204453441296
10060 0.206477732794
10117 0.208502024291
10205 0.210526315789
10299 0.212550607287
10344 0.214574898785
10378 0.216599190283
10463 0.218623481781
10573 0.220647773279
10767 0.222672064777
10828 0.224696356275
10857 0.226720647773
10915 0.228744939271
10968 0.230769230769
10996 0.232793522267
11008 0.234817813765
11070 0.236842105263
11123 0.238866396761
11209 0.240890688259
11223 0.242914979757
11291 0.244939271255
11340 0.246963562753
11352 0.248987854251
11445 0.251012145749
11532 0.253036437247
11560 0.255060728745
11635 0.257085020243
11658 0.259109311741
11712 0.261133603239
11871 0.263157894737
11875 0.265182186235
12117 0.267206477733
12134 0.269230769231
12197 0.271255060729
12224 0.273279352227
12302 0.275303643725
12338 0.277327935223
12444 0.279352226721
12527 0.281376518219
12586 0.283400809717
12626 0.285425101215
12713 0.287449392713
12754 0.289473684211
12779 0.291497975709
12924 0.293522267206
12982 0.295546558704
13050 0.297570850202
13060 0.2995951417
13070 0.301619433198
13071 0.303643724696
13124 0.305668016194
13133 0.307692307692
13162 0.30971659919
13307 0.311740890688
13387 0.313765182186
13403 0.315789473684
13537 0.317813765182
13626 0.31983805668
13729 0.321862348178
13773 0.323886639676
13919 0.325910931174
13931 0.327935222672
14068 0.32995951417
14126 0.331983805668
14372 0.334008097166
14406 0.336032388664
14457 0.338056680162
14570 0.34008097166
14759 0.342105263158
14839 0.344129554656
15144 0.346153846154
15189 0.348178137652
15254 0.35020242915
15443 0.352226720648
15469 0.354251012146
15485 0.356275303644
15530 0.358299595142
15540 0.36032388664
15614 0.362348178138
15817 0.364372469636
15964 0.366396761134
16005 0.368421052632
16032 0.37044534413
16103 0.372469635628
16201 0.374493927126
16423 0.376518218623
16435 0.378542510121
16810 0.380566801619
16989 0.382591093117
17000 0.384615384615
17029 0.386639676113
17078 0.388663967611
17142 0.390688259109
17224 0.392712550607
17289 0.394736842105
17427 0.396761133603
17471 0.398785425101
17645 0.400809716599
17654 0.402834008097
17719 0.404858299595
18011 0.406882591093
18100 0.408906882591
18133 0.410931174089
18145 0.412955465587
18181 0.414979757085
18388 0.417004048583
18476 0.419028340081
18501 0.421052631579
18508 0.423076923077
18512 0.425101214575
18632 0.427125506073
18747 0.429149797571
18781 0.431174089069
18805 0.433198380567
18847 0.435222672065
18913 0.437246963563
18922 0.439271255061
18927 0.441295546559
18985 0.443319838057
19135 0.445344129555
19167 0.447368421053
19224 0.449392712551
19242 0.451417004049
19380 0.453441295547
19494 0.455465587045
19516 0.457489878543
19555 0.45951417004
19569 0.461538461538
19636 0.463562753036
19640 0.465587044534
19714 0.467611336032
19729 0.46963562753
19808 0.471659919028
19856 0.473684210526
19871 0.475708502024
19972 0.477732793522
20038 0.47975708502
20040 0.481781376518
20262 0.483805668016
20310 0.485829959514
20432 0.487854251012
20449 0.48987854251
20472 0.491902834008
20511 0.493927125506
20680 0.495951417004
20737 0.497975708502
20821 0.5
21068 0.502024291498
21099 0.504048582996
21171 0.506072874494
21223 0.508097165992
21249 0.51012145749
21454 0.512145748988
21587 0.514170040486
21700 0.516194331984
21827 0.518218623482
21864 0.52024291498
22418 0.522267206478
22530 0.524291497976
22572 0.526315789474
22609 0.528340080972
22868 0.53036437247
22870 0.532388663968
22897 0.534412955466
22904 0.536437246964
23239 0.538461538462
23317 0.54048582996
23339 0.542510121457
23347 0.544534412955
23433 0.546558704453
23878 0.548582995951
23953 0.550607287449
24034 0.552631578947
24104 0.554655870445
24118 0.556680161943
24280 0.558704453441
24287 0.560728744939
24290 0.562753036437
24425 0.564777327935
24525 0.566801619433
24566 0.568825910931
24769 0.570850202429
24886 0.572874493927
25075 0.574898785425
25159 0.576923076923
25594 0.578947368421
25712 0.580971659919
25781 0.582995951417
25817 0.585020242915
25970 0.587044534413
26087 0.589068825911
26130 0.591093117409
26229 0.593117408907
26238 0.595141700405
26256 0.597165991903
26278 0.599190283401
26353 0.601214574899
26362 0.603238866397
26596 0.605263157895
26658 0.607287449393
26682 0.609311740891
26733 0.611336032389
26797 0.613360323887
26910 0.615384615385
27135 0.617408906883
27462 0.619433198381
27658 0.621457489879
27660 0.623481781377
27676 0.625506072874
27777 0.627530364372
27846 0.62955465587
28010 0.631578947368
28014 0.633603238866
28046 0.635627530364
28070 0.637651821862
28102 0.63967611336
28133 0.641700404858
28202 0.643724696356
28234 0.645748987854
28270 0.647773279352
28432 0.64979757085
28471 0.651821862348
28923 0.653846153846
29080 0.655870445344
29149 0.657894736842
29379 0.65991902834
29522 0.661943319838
29610 0.663967611336
29693 0.665991902834
29736 0.668016194332
29809 0.67004048583
29885 0.672064777328
30034 0.674089068826
30105 0.676113360324
30124 0.678137651822
30161 0.68016194332
30320 0.682186234818
30324 0.684210526316
30739 0.686234817814
30815 0.688259109312
30851 0.69028340081
31010 0.692307692308
31138 0.694331983806
31179 0.696356275304
31303 0.698380566802
31422 0.7004048583
31721 0.702429149798
31839 0.704453441296
31918 0.706477732794
32133 0.708502024291
32280 0.710526315789
32305 0.712550607287
32358 0.714574898785
32437 0.716599190283
32611 0.718623481781
32646 0.720647773279
32659 0.722672064777
32667 0.724696356275
32713 0.726720647773
32867 0.728744939271
33077 0.730769230769
33253 0.732793522267
33280 0.734817813765
33353 0.736842105263
33369 0.738866396761
33426 0.740890688259
33529 0.742914979757
33573 0.744939271255
33649 0.746963562753
33825 0.748987854251
33882 0.751012145749
34398 0.753036437247
34607 0.755060728745
34649 0.757085020243
34933 0.759109311741
35097 0.761133603239
35335 0.763157894737
35347 0.765182186235
35363 0.767206477733
35365 0.769230769231
35370 0.771255060729
36161 0.773279352227
36173 0.775303643725
36414 0.777327935223
36443 0.779352226721
36517 0.781376518219
36770 0.783400809717
36987 0.785425101215
37145 0.787449392713
37382 0.789473684211
37503 0.791497975709
37716 0.793522267206
37813 0.795546558704
37843 0.797570850202
37875 0.7995951417
37885 0.801619433198
37998 0.803643724696
38432 0.805668016194
39006 0.807692307692
39152 0.80971659919
39586 0.811740890688
39786 0.813765182186
40532 0.815789473684
40614 0.817813765182
40740 0.81983805668
41037 0.821862348178
41084 0.823886639676
41255 0.825910931174
41879 0.827935222672
42057 0.82995951417
42095 0.831983805668
42119 0.834008097166
42171 0.836032388664
42271 0.838056680162
42273 0.84008097166
42874 0.842105263158
43102 0.844129554656
43146 0.846153846154
43259 0.848178137652
43370 0.85020242915
43965 0.852226720648
44283 0.854251012146
44311 0.856275303644
44511 0.858299595142
44856 0.86032388664
44919 0.862348178138
45244 0.864372469636
45816 0.866396761134
46117 0.868421052632
46724 0.87044534413
46899 0.872469635628
47326 0.874493927126
48443 0.876518218623
48640 0.878542510121
48666 0.880566801619
48993 0.882591093117
50781 0.884615384615
52784 0.886639676113
53129 0.888663967611
53447 0.890688259109
54921 0.892712550607
55332 0.894736842105
55757 0.896761133603
55796 0.898785425101
56843 0.900809716599
56961 0.902834008097
58298 0.904858299595
58807 0.906882591093
58999 0.908906882591
59432 0.910931174089
59483 0.912955465587
60060 0.914979757085
60491 0.917004048583
61799 0.919028340081
62106 0.921052631579
62282 0.923076923077
63108 0.925101214575
64165 0.927125506073
64176 0.929149797571
65007 0.931174089069
65083 0.933198380567
65739 0.935222672065
65752 0.937246963563
67651 0.939271255061
67766 0.941295546559
68182 0.943319838057
72883 0.945344129555
72884 0.947368421053
73048 0.949392712551
77156 0.951417004049
78605 0.953441295547
78773 0.955465587045
79466 0.957489878543
81445 0.95951417004
84954 0.961538461538
93332 0.963562753036
95542 0.965587044534
96541 0.967611336032
98717 0.96963562753
104154 0.971659919028
104948 0.973684210526
105984 0.975708502024
106639 0.977732793522
107872 0.97975708502
113195 0.981781376518
114562 0.983805668016
116669 0.985829959514
120551 0.987854251012
131129 0.98987854251
131242 0.991902834008
174217 0.993927125506
197739 0.995951417004
247767 0.997975708502
290542 1.0
