29 0.0020202020202
359 0.0040404040404
452 0.00606060606061
552 0.00808080808081
658 0.010101010101
668 0.0121212121212
712 0.0141414141414
733 0.0161616161616
854 0.0181818181818
994 0.020202020202
1054 0.0222222222222
1060 0.0242424242424
1061 0.0262626262626
1069 0.0282828282828
1073 0.030303030303
1075 0.0323232323232
1077 0.0343434343434
1121 0.0363636363636
1131 0.0383838383838
1143 0.040404040404
1163 0.0424242424242
1219 0.0444444444444
1229 0.0464646464646
1259 0.0484848484848
1267 0.0505050505051
1285 0.0525252525253
1286 0.0545454545455
1300 0.0565656565657
1313 0.0585858585859
1393 0.0606060606061
1394 0.0626262626263
1410 0.0646464646465
1431 0.0666666666667
1461 0.0686868686869
1493 0.0707070707071
1514 0.0727272727273
1530 0.0747474747475
1541 0.0767676767677
1575 0.0787878787879
1592 0.0808080808081
1614 0.0828282828283
1655 0.0848484848485
1661 0.0868686868687
1672 0.0888888888889
1687 0.0909090909091
1696 0.0929292929293
1707 0.0949494949495
1718 0.0969696969697
1729 0.0989898989899
1739 0.10101010101
1742 0.10303030303
1747 0.105050505051
1749 0.107070707071
1775 0.109090909091
1779 0.111111111111
1785 0.113131313131
1809 0.115151515152
1813 0.117171717172
1819 0.119191919192
1829 0.121212121212
1831 0.123232323232
1835 0.125252525253
1842 0.127272727273
1845 0.129292929293
1862 0.131313131313
1883 0.133333333333
1884 0.137373737374
1884 0.137373737374
1904 0.139393939394
1919 0.141414141414
1920 0.143434343434
1933 0.145454545455
1939 0.147474747475
1951 0.149494949495
1952 0.151515151515
1967 0.153535353535
1969 0.155555555556
1970 0.157575757576
1972 0.159595959596
1985 0.161616161616
2001 0.163636363636
2007 0.165656565657
2013 0.167676767677
2020 0.169696969697
2023 0.171717171717
2032 0.173737373737
2038 0.175757575758
2040 0.177777777778
2042 0.179797979798
2075 0.181818181818
2079 0.185858585859
2079 0.185858585859
2086 0.187878787879
2089 0.191919191919
2089 0.191919191919
2092 0.193939393939
2100 0.19595959596
2106 0.19797979798
2112 0.2
2114 0.20202020202
2121 0.20404040404
2125 0.208080808081
2125 0.208080808081
2127 0.210101010101
2131 0.212121212121
2138 0.214141414141
2142 0.216161616162
2146 0.218181818182
2170 0.220202020202
2182 0.222222222222
2190 0.224242424242
2196 0.226262626263
2213 0.228282828283
2215 0.230303030303
2216 0.232323232323
2221 0.234343434343
2223 0.238383838384
2223 0.238383838384
2226 0.240404040404
2231 0.242424242424
2243 0.244444444444
2246 0.246464646465
2258 0.248484848485
2268 0.250505050505
2279 0.252525252525
2286 0.254545454545
2291 0.256565656566
2295 0.260606060606
2295 0.260606060606
2298 0.262626262626
2300 0.264646464646
2308 0.266666666667
2336 0.268686868687
2339 0.270707070707
2343 0.272727272727
2359 0.274747474747
2360 0.276767676768
2371 0.278787878788
2378 0.280808080808
2379 0.284848484848
2379 0.284848484848
2386 0.286868686869
2392 0.288888888889
2398 0.290909090909
2417 0.292929292929
2423 0.294949494949
2424 0.29696969697
2441 0.29898989899
2444 0.30101010101
2453 0.30303030303
2460 0.305050505051
2468 0.307070707071
2470 0.309090909091
2474 0.311111111111
2480 0.313131313131
2485 0.315151515152
2506 0.319191919192
2506 0.319191919192
2508 0.321212121212
2509 0.323232323232
2522 0.325252525253
2528 0.327272727273
2545 0.329292929293
2560 0.331313131313
2581 0.333333333333
2593 0.335353535354
2594 0.337373737374
2599 0.339393939394
2614 0.341414141414
2634 0.343434343434
2650 0.345454545455
2652 0.347474747475
2660 0.349494949495
2663 0.351515151515
2666 0.353535353535
2712 0.355555555556
2723 0.357575757576
2728 0.359595959596
2738 0.361616161616
2745 0.363636363636
2749 0.365656565657
2751 0.367676767677
2754 0.369696969697
2757 0.371717171717
2762 0.373737373737
2767 0.375757575758
2770 0.377777777778
2771 0.379797979798
2786 0.381818181818
2787 0.383838383838
2799 0.385858585859
2806 0.387878787879
2810 0.389898989899
2825 0.391919191919
2832 0.393939393939
2833 0.39595959596
2836 0.39797979798
2852 0.4
2856 0.40202020202
2859 0.40404040404
2861 0.406060606061
2869 0.408080808081
2872 0.410101010101
2878 0.412121212121
2893 0.414141414141
2901 0.416161616162
2905 0.418181818182
2910 0.420202020202
2920 0.422222222222
2923 0.424242424242
2925 0.426262626263
2934 0.428282828283
2947 0.430303030303
2953 0.432323232323
2962 0.434343434343
2964 0.436363636364
2969 0.440404040404
2969 0.440404040404
2977 0.442424242424
2997 0.444444444444
3001 0.446464646465
3005 0.450505050505
3005 0.450505050505
3012 0.452525252525
3014 0.454545454545
3016 0.456565656566
3017 0.460606060606
3017 0.460606060606
3025 0.462626262626
3038 0.464646464646
3053 0.466666666667
3079 0.468686868687
3083 0.470707070707
3086 0.472727272727
3095 0.474747474747
3104 0.476767676768
3119 0.478787878788
3136 0.480808080808
3142 0.482828282828
3160 0.484848484848
3178 0.486868686869
3182 0.488888888889
3183 0.494949494949
3183 0.494949494949
3183 0.494949494949
3187 0.49696969697
3213 0.49898989899
3238 0.50101010101
3247 0.50303030303
3251 0.505050505051
3262 0.507070707071
3263 0.509090909091
3271 0.511111111111
3292 0.513131313131
3298 0.515151515152
3301 0.517171717172
3304 0.519191919192
3305 0.521212121212
3307 0.523232323232
3315 0.525252525253
3328 0.527272727273
3331 0.529292929293
3339 0.531313131313
3361 0.533333333333
3362 0.535353535354
3366 0.537373737374
3373 0.539393939394
3403 0.543434343434
3403 0.543434343434
3412 0.545454545455
3414 0.547474747475
3415 0.549494949495
3417 0.551515151515
3419 0.553535353535
3423 0.555555555556
3425 0.557575757576
3427 0.559595959596
3447 0.561616161616
3448 0.563636363636
3460 0.565656565657
3476 0.567676767677
3498 0.569696969697
3548 0.571717171717
3560 0.573737373737
3566 0.575757575758
3580 0.577777777778
3583 0.579797979798
3599 0.581818181818
3603 0.583838383838
3613 0.587878787879
3613 0.587878787879
3644 0.589898989899
3652 0.591919191919
3671 0.593939393939
3674 0.59595959596
3675 0.59797979798
3679 0.6
3700 0.60202020202
3702 0.60404040404
3717 0.606060606061
3750 0.608080808081
3786 0.610101010101
3829 0.612121212121
3846 0.614141414141
3849 0.616161616162
3867 0.618181818182
3871 0.620202020202
3879 0.622222222222
3883 0.624242424242
3889 0.626262626263
3892 0.628282828283
3909 0.630303030303
3913 0.634343434343
3913 0.634343434343
3942 0.636363636364
3951 0.638383838384
3962 0.640404040404
3964 0.642424242424
4008 0.644444444444
4015 0.646464646465
4035 0.648484848485
4040 0.650505050505
4048 0.652525252525
4062 0.654545454545
4109 0.656565656566
4115 0.658585858586
4165 0.660606060606
4177 0.662626262626
4190 0.664646464646
4207 0.666666666667
4216 0.668686868687
4224 0.670707070707
4228 0.672727272727
4234 0.674747474747
4262 0.676767676768
4265 0.678787878788
4292 0.680808080808
4296 0.682828282828
4300 0.684848484848
4302 0.686868686869
4318 0.688888888889
4319 0.690909090909
4334 0.692929292929
4340 0.694949494949
4360 0.69696969697
4376 0.69898989899
4395 0.70303030303
4395 0.70303030303
4411 0.705050505051
4413 0.707070707071
4425 0.709090909091
4459 0.711111111111
4477 0.713131313131
4503 0.715151515152
4520 0.717171717172
4521 0.719191919192
4532 0.721212121212
4559 0.723232323232
4564 0.725252525253
4566 0.727272727273
4582 0.729292929293
4594 0.731313131313
4595 0.733333333333
4619 0.735353535354
4663 0.737373737374
4670 0.739393939394
4714 0.741414141414
4741 0.743434343434
4743 0.745454545455
4820 0.747474747475
4869 0.749494949495
4875 0.751515151515
4887 0.753535353535
4902 0.755555555556
4924 0.757575757576
4925 0.759595959596
4928 0.763636363636
4928 0.763636363636
4941 0.765656565657
4955 0.767676767677
4968 0.769696969697
4977 0.771717171717
4990 0.773737373737
4992 0.775757575758
4994 0.777777777778
5010 0.779797979798
5025 0.781818181818
5042 0.783838383838
5097 0.785858585859
5101 0.787878787879
5119 0.789898989899
5121 0.793939393939
5121 0.793939393939
5165 0.79595959596
5220 0.79797979798
5248 0.8
5265 0.80202020202
5285 0.80404040404
5289 0.806060606061
5298 0.808080808081
5386 0.810101010101
5402 0.812121212121
5421 0.814141414141
5427 0.816161616162
5470 0.818181818182
5490 0.820202020202
5587 0.822222222222
5620 0.824242424242
5623 0.826262626263
5628 0.828282828283
5669 0.830303030303
5681 0.832323232323
5704 0.834343434343
5708 0.836363636364
5734 0.838383838384
5755 0.840404040404
5759 0.842424242424
5796 0.844444444444
5832 0.846464646465
5903 0.848484848485
5938 0.850505050505
5944 0.852525252525
5946 0.854545454545
5975 0.856565656566
6014 0.858585858586
6047 0.860606060606
6067 0.862626262626
6073 0.864646464646
6103 0.866666666667
6108 0.870707070707
6108 0.870707070707
6119 0.872727272727
6127 0.874747474747
6139 0.876767676768
6140 0.878787878788
6202 0.880808080808
6220 0.882828282828
6224 0.884848484848
6225 0.886868686869
6259 0.888888888889
6272 0.890909090909
6279 0.892929292929
6287 0.894949494949
6291 0.89696969697
6338 0.89898989899
6339 0.90101010101
6342 0.90303030303
6392 0.905050505051
6490 0.907070707071
6495 0.909090909091
6507 0.911111111111
6578 0.913131313131
6601 0.915151515152
6665 0.917171717172
6713 0.919191919192
6731 0.921212121212
6808 0.923232323232
6822 0.925252525253
6827 0.927272727273
6848 0.929292929293
6907 0.931313131313
6917 0.933333333333
6961 0.935353535354
7133 0.937373737374
7159 0.939393939394
7237 0.941414141414
7246 0.943434343434
7251 0.945454545455
7548 0.947474747475
7693 0.949494949495
7700 0.951515151515
7742 0.953535353535
7829 0.955555555556
7936 0.957575757576
7964 0.959595959596
8022 0.961616161616
8096 0.963636363636
8136 0.965656565657
8145 0.967676767677
8176 0.969696969697
8244 0.971717171717
8289 0.973737373737
8403 0.975757575758
8681 0.977777777778
8772 0.979797979798
8811 0.981818181818
8896 0.983838383838
9259 0.985858585859
9289 0.987878787879
9398 0.989898989899
9695 0.991919191919
9920 0.993939393939
9993 0.99595959596
12480 0.99797979798
35817 1.0
