31 0.0020325203252
493 0.00406504065041
633 0.00609756097561
838 0.00813008130081
909 0.010162601626
910 0.0121951219512
1046 0.0142276422764
1054 0.0162601626016
1206 0.0182926829268
1546 0.020325203252
1596 0.0223577235772
1602 0.0264227642276
1602 0.0264227642276
1709 0.0284552845528
1712 0.030487804878
1757 0.0325203252033
1826 0.0345528455285
1975 0.0365853658537
2088 0.0386178861789
2097 0.0406504065041
2099 0.0426829268293
2111 0.0447154471545
2295 0.0467479674797
2338 0.0487804878049
2342 0.0508130081301
2372 0.0528455284553
2386 0.0548780487805
2501 0.0569105691057
2522 0.0589430894309
2531 0.0609756097561
2551 0.0630081300813
2613 0.0650406504065
2691 0.0670731707317
2705 0.0691056910569
2713 0.0711382113821
2714 0.0731707317073
2818 0.0752032520325
2841 0.0772357723577
2852 0.0792682926829
2946 0.0813008130081
3065 0.0833333333333
3110 0.0853658536585
3188 0.0873983739837
3194 0.0894308943089
3283 0.0914634146341
3294 0.0934959349593
3296 0.0955284552846
3301 0.0975609756098
3319 0.099593495935
3328 0.10162601626
3374 0.103658536585
3388 0.105691056911
3424 0.107723577236
3464 0.109756097561
3499 0.111788617886
3553 0.113821138211
3565 0.115853658537
3592 0.117886178862
3624 0.119918699187
3627 0.121951219512
3656 0.123983739837
3709 0.126016260163
3721 0.128048780488
3736 0.130081300813
3803 0.132113821138
3812 0.134146341463
3836 0.136178861789
3889 0.138211382114
3964 0.140243902439
3968 0.142276422764
3972 0.144308943089
4003 0.146341463415
4039 0.14837398374
4052 0.150406504065
4064 0.15243902439
4073 0.154471544715
4077 0.156504065041
4099 0.158536585366
4108 0.160569105691
4118 0.162601626016
4123 0.164634146341
4131 0.166666666667
4225 0.168699186992
4245 0.170731707317
4275 0.172764227642
4278 0.174796747967
4302 0.176829268293
4319 0.178861788618
4364 0.180894308943
4369 0.182926829268
4376 0.184959349593
4384 0.186991869919
4387 0.189024390244
4453 0.191056910569
4466 0.193089430894
4479 0.19512195122
4507 0.197154471545
4554 0.19918699187
4589 0.201219512195
4594 0.20325203252
4633 0.205284552846
4651 0.207317073171
4662 0.209349593496
4683 0.211382113821
4684 0.213414634146
4686 0.215447154472
4711 0.217479674797
4780 0.219512195122
4782 0.221544715447
4786 0.223577235772
4855 0.225609756098
4892 0.227642276423
4897 0.229674796748
4907 0.231707317073
4908 0.233739837398
4920 0.235772357724
4985 0.237804878049
5001 0.239837398374
5096 0.241869918699
5119 0.243902439024
5148 0.247967479675
5148 0.247967479675
5187 0.25
5189 0.252032520325
5225 0.25406504065
5270 0.256097560976
5289 0.258130081301
5302 0.260162601626
5303 0.262195121951
5339 0.264227642276
5341 0.266260162602
5366 0.268292682927
5368 0.270325203252
5404 0.272357723577
5439 0.274390243902
5453 0.276422764228
5509 0.278455284553
5538 0.280487804878
5575 0.282520325203
5585 0.286585365854
5585 0.286585365854
5590 0.288617886179
5637 0.290650406504
5654 0.292682926829
5675 0.294715447154
5690 0.29674796748
5723 0.298780487805
5737 0.30081300813
5749 0.302845528455
5760 0.30487804878
5787 0.306910569106
5805 0.308943089431
5834 0.313008130081
5834 0.313008130081
5840 0.315040650407
5973 0.317073170732
5977 0.319105691057
5981 0.321138211382
6017 0.323170731707
6031 0.325203252033
6038 0.327235772358
6046 0.329268292683
6049 0.331300813008
6062 0.333333333333
6077 0.335365853659
6090 0.337398373984
6130 0.339430894309
6131 0.341463414634
6143 0.343495934959
6173 0.34756097561
6173 0.34756097561
6181 0.349593495935
6242 0.35162601626
6282 0.353658536585
6287 0.355691056911
6312 0.357723577236
6369 0.359756097561
6401 0.361788617886
6425 0.363821138211
6436 0.365853658537
6449 0.367886178862
6467 0.369918699187
6490 0.371951219512
6521 0.373983739837
6668 0.376016260163
6697 0.378048780488
6749 0.380081300813
6771 0.382113821138
6799 0.384146341463
6807 0.386178861789
6830 0.388211382114
6848 0.390243902439
6871 0.392276422764
6880 0.394308943089
6884 0.396341463415
6931 0.39837398374
6952 0.400406504065
6970 0.40243902439
7001 0.404471544715
7043 0.406504065041
7060 0.408536585366
7123 0.410569105691
7147 0.412601626016
7181 0.414634146341
7217 0.416666666667
7261 0.418699186992
7296 0.420731707317
7300 0.422764227642
7310 0.424796747967
7345 0.426829268293
7361 0.428861788618
7372 0.430894308943
7392 0.432926829268
7461 0.434959349593
7490 0.436991869919
7536 0.439024390244
7566 0.441056910569
7661 0.443089430894
7761 0.44512195122
7796 0.447154471545
7952 0.44918699187
7982 0.451219512195
7986 0.45325203252
7992 0.455284552846
8007 0.457317073171
8025 0.459349593496
8033 0.461382113821
8083 0.463414634146
8142 0.465447154472
8164 0.467479674797
8182 0.469512195122
8200 0.471544715447
8230 0.473577235772
8231 0.475609756098
8248 0.477642276423
8259 0.479674796748
8322 0.481707317073
8330 0.483739837398
8350 0.485772357724
8427 0.487804878049
8434 0.489837398374
8447 0.491869918699
8513 0.493902439024
8539 0.49593495935
8590 0.497967479675
8592 0.5
8629 0.502032520325
8639 0.50406504065
8662 0.506097560976
8678 0.508130081301
8705 0.510162601626
8707 0.512195121951
8755 0.514227642276
8864 0.516260162602
8872 0.518292682927
8893 0.520325203252
8897 0.522357723577
8931 0.524390243902
8935 0.526422764228
8946 0.528455284553
8961 0.530487804878
8977 0.532520325203
9017 0.534552845528
9048 0.536585365854
9103 0.538617886179
9128 0.540650406504
9157 0.542682926829
9201 0.544715447154
9204 0.54674796748
9209 0.548780487805
9211 0.552845528455
9211 0.552845528455
9232 0.55487804878
9297 0.556910569106
9306 0.558943089431
9307 0.560975609756
9339 0.563008130081
9353 0.565040650407
9366 0.567073170732
9483 0.569105691057
9557 0.571138211382
9831 0.573170731707
9844 0.575203252033
9845 0.577235772358
9883 0.579268292683
9990 0.581300813008
10050 0.583333333333
10077 0.585365853659
10140 0.587398373984
10148 0.589430894309
10192 0.591463414634
10274 0.593495934959
10294 0.595528455285
10327 0.59756097561
10345 0.599593495935
10429 0.60162601626
10445 0.603658536585
10498 0.605691056911
10543 0.607723577236
10561 0.609756097561
10567 0.611788617886
10573 0.613821138211
10580 0.615853658537
10600 0.617886178862
10649 0.619918699187
10673 0.621951219512
10699 0.623983739837
10747 0.626016260163
10831 0.628048780488
10838 0.630081300813
10855 0.632113821138
10873 0.634146341463
10889 0.636178861789
10894 0.638211382114
10926 0.640243902439
10936 0.644308943089
10936 0.644308943089
10946 0.646341463415
10955 0.64837398374
10983 0.650406504065
11007 0.65243902439
11053 0.654471544715
11061 0.656504065041
11108 0.658536585366
11110 0.660569105691
11121 0.662601626016
11148 0.664634146341
11150 0.666666666667
11156 0.668699186992
11160 0.670731707317
11163 0.672764227642
11175 0.676829268293
11175 0.676829268293
11237 0.678861788618
11248 0.680894308943
11318 0.682926829268
11342 0.684959349593
11355 0.686991869919
11384 0.689024390244
11410 0.691056910569
11427 0.693089430894
11440 0.69512195122
11460 0.697154471545
11467 0.69918699187
11575 0.701219512195
11618 0.70325203252
11619 0.705284552846
11645 0.707317073171
11651 0.709349593496
11663 0.711382113821
11704 0.713414634146
11766 0.715447154472
11796 0.717479674797
11822 0.721544715447
11822 0.721544715447
11918 0.723577235772
11996 0.725609756098
12006 0.727642276423
12008 0.729674796748
12090 0.731707317073
12134 0.733739837398
12197 0.735772357724
12233 0.737804878049
12326 0.739837398374
12348 0.741869918699
12459 0.743902439024
12528 0.74593495935
12618 0.747967479675
12621 0.75
12668 0.752032520325
12687 0.75406504065
12718 0.756097560976
12730 0.758130081301
12802 0.760162601626
12828 0.762195121951
12833 0.764227642276
12872 0.766260162602
12924 0.768292682927
12971 0.770325203252
12988 0.772357723577
13016 0.774390243902
13071 0.776422764228
13111 0.778455284553
13160 0.780487804878
13169 0.782520325203
13211 0.784552845528
13246 0.786585365854
13353 0.788617886179
13371 0.790650406504
13466 0.792682926829
13525 0.794715447154
13574 0.79674796748
13667 0.798780487805
13845 0.80081300813
13910 0.802845528455
13966 0.80487804878
14028 0.806910569106
14225 0.808943089431
14228 0.810975609756
14237 0.813008130081
14288 0.815040650407
14335 0.817073170732
14403 0.819105691057
14410 0.821138211382
14452 0.823170731707
14519 0.825203252033
14934 0.827235772358
14979 0.829268292683
15102 0.831300813008
15265 0.833333333333
15278 0.835365853659
15281 0.837398373984
15370 0.839430894309
15397 0.841463414634
15403 0.843495934959
15490 0.845528455285
15568 0.84756097561
15606 0.849593495935
15756 0.85162601626
15829 0.853658536585
15926 0.855691056911
15990 0.857723577236
16027 0.859756097561
16049 0.861788617886
16123 0.863821138211
16191 0.865853658537
16334 0.867886178862
16434 0.869918699187
16503 0.871951219512
16620 0.873983739837
16699 0.876016260163
16707 0.878048780488
16751 0.880081300813
16904 0.882113821138
16905 0.884146341463
17057 0.886178861789
17069 0.888211382114
17282 0.890243902439
17508 0.892276422764
17566 0.894308943089
17800 0.896341463415
18126 0.89837398374
18515 0.900406504065
18556 0.90243902439
18648 0.904471544715
19022 0.906504065041
19080 0.908536585366
19503 0.910569105691
19600 0.912601626016
19642 0.914634146341
19893 0.916666666667
19957 0.918699186992
20273 0.920731707317
20526 0.922764227642
20670 0.924796747967
20780 0.926829268293
22379 0.928861788618
22504 0.930894308943
22637 0.932926829268
22737 0.934959349593
23685 0.936991869919
23785 0.939024390244
23865 0.941056910569
24417 0.943089430894
24639 0.94512195122
25120 0.947154471545
25200 0.94918699187
25313 0.951219512195
25817 0.95325203252
26097 0.955284552846
26344 0.957317073171
26421 0.959349593496
28133 0.961382113821
28412 0.963414634146
28529 0.965447154472
29915 0.967479674797
31289 0.969512195122
32066 0.971544715447
32165 0.973577235772
33339 0.975609756098
33870 0.977642276423
35551 0.979674796748
36082 0.981707317073
37770 0.983739837398
38476 0.985772357724
38839 0.987804878049
39252 0.989837398374
42964 0.991869918699
43932 0.993902439024
49336 0.99593495935
50075 0.997967479675
55317 1.0
