32 0.0020202020202
197 0.0040404040404
206 0.00606060606061
265 0.00808080808081
298 0.010101010101
300 0.0121212121212
301 0.0141414141414
315 0.0161616161616
352 0.0181818181818
451 0.020202020202
452 0.0222222222222
462 0.0242424242424
474 0.0262626262626
482 0.0282828282828
497 0.0323232323232
497 0.0323232323232
512 0.0343434343434
519 0.0363636363636
531 0.0383838383838
537 0.040404040404
552 0.0424242424242
580 0.0444444444444
584 0.0464646464646
587 0.0484848484848
614 0.0505050505051
619 0.0525252525253
631 0.0545454545455
641 0.0565656565657
653 0.0585858585859
662 0.0626262626263
662 0.0626262626263
676 0.0646464646465
682 0.0666666666667
689 0.0686868686869
699 0.0707070707071
703 0.0727272727273
709 0.0747474747475
724 0.0767676767677
727 0.0787878787879
736 0.0808080808081
763 0.0828282828283
770 0.0848484848485
773 0.0868686868687
783 0.0888888888889
791 0.0909090909091
808 0.0929292929293
814 0.0949494949495
819 0.0969696969697
829 0.0989898989899
849 0.10303030303
849 0.10303030303
854 0.105050505051
856 0.107070707071
863 0.109090909091
871 0.111111111111
873 0.113131313131
875 0.115151515152
890 0.117171717172
895 0.119191919192
909 0.123232323232
909 0.123232323232
911 0.125252525253
919 0.129292929293
919 0.129292929293
938 0.131313131313
940 0.133333333333
949 0.135353535354
957 0.137373737374
962 0.139393939394
968 0.141414141414
969 0.143434343434
972 0.147474747475
972 0.147474747475
983 0.149494949495
989 0.151515151515
991 0.153535353535
1000 0.155555555556
1003 0.157575757576
1006 0.159595959596
1027 0.161616161616
1030 0.163636363636
1031 0.165656565657
1032 0.167676767677
1034 0.169696969697
1037 0.171717171717
1047 0.173737373737
1048 0.175757575758
1068 0.177777777778
1077 0.179797979798
1081 0.181818181818
1087 0.183838383838
1099 0.185858585859
1102 0.187878787879
1115 0.189898989899
1118 0.191919191919
1119 0.193939393939
1122 0.19595959596
1126 0.19797979798
1130 0.2
1138 0.20202020202
1145 0.206060606061
1145 0.206060606061
1148 0.208080808081
1151 0.210101010101
1152 0.212121212121
1154 0.214141414141
1160 0.216161616162
1163 0.218181818182
1164 0.220202020202
1168 0.222222222222
1172 0.224242424242
1173 0.226262626263
1184 0.230303030303
1184 0.230303030303
1187 0.232323232323
1190 0.234343434343
1195 0.236363636364
1197 0.238383838384
1198 0.240404040404
1200 0.242424242424
1201 0.244444444444
1202 0.246464646465
1204 0.248484848485
1207 0.250505050505
1212 0.252525252525
1218 0.254545454545
1219 0.256565656566
1233 0.258585858586
1240 0.262626262626
1240 0.262626262626
1241 0.264646464646
1245 0.266666666667
1247 0.268686868687
1256 0.270707070707
1261 0.272727272727
1262 0.274747474747
1263 0.278787878788
1263 0.278787878788
1266 0.280808080808
1275 0.282828282828
1277 0.284848484848
1284 0.286868686869
1285 0.288888888889
1287 0.290909090909
1303 0.292929292929
1306 0.294949494949
1316 0.29696969697
1323 0.29898989899
1324 0.30101010101
1329 0.30303030303
1330 0.307070707071
1330 0.307070707071
1332 0.309090909091
1333 0.311111111111
1336 0.313131313131
1338 0.315151515152
1343 0.317171717172
1351 0.319191919192
1358 0.321212121212
1360 0.323232323232
1362 0.325252525253
1368 0.327272727273
1373 0.329292929293
1375 0.333333333333
1375 0.333333333333
1380 0.335353535354
1383 0.337373737374
1385 0.341414141414
1385 0.341414141414
1394 0.343434343434
1411 0.345454545455
1414 0.347474747475
1416 0.349494949495
1422 0.351515151515
1424 0.353535353535
1433 0.355555555556
1436 0.357575757576
1442 0.361616161616
1442 0.361616161616
1450 0.363636363636
1452 0.365656565657
1455 0.367676767677
1464 0.369696969697
1468 0.373737373737
1468 0.373737373737
1469 0.375757575758
1470 0.377777777778
1478 0.379797979798
1479 0.381818181818
1482 0.383838383838
1485 0.385858585859
1486 0.387878787879
1491 0.389898989899
1502 0.391919191919
1503 0.393939393939
1510 0.39595959596
1513 0.39797979798
1515 0.4
1528 0.40202020202
1529 0.40404040404
1531 0.406060606061
1559 0.410101010101
1559 0.410101010101
1565 0.412121212121
1571 0.414141414141
1584 0.416161616162
1595 0.418181818182
1602 0.420202020202
1607 0.422222222222
1613 0.424242424242
1619 0.426262626263
1622 0.428282828283
1628 0.430303030303
1630 0.432323232323
1643 0.434343434343
1646 0.436363636364
1651 0.438383838384
1659 0.440404040404
1662 0.442424242424
1669 0.446464646465
1669 0.446464646465
1671 0.448484848485
1674 0.450505050505
1678 0.452525252525
1680 0.454545454545
1684 0.456565656566
1710 0.458585858586
1713 0.460606060606
1718 0.462626262626
1721 0.464646464646
1722 0.466666666667
1724 0.468686868687
1730 0.470707070707
1736 0.472727272727
1744 0.476767676768
1744 0.476767676768
1755 0.478787878788
1757 0.480808080808
1762 0.482828282828
1771 0.490909090909
1771 0.490909090909
1771 0.490909090909
1771 0.490909090909
1780 0.492929292929
1782 0.494949494949
1785 0.49696969697
1788 0.49898989899
1791 0.50101010101
1804 0.50303030303
1811 0.505050505051
1813 0.507070707071
1817 0.509090909091
1819 0.511111111111
1821 0.513131313131
1833 0.515151515152
1834 0.517171717172
1837 0.519191919192
1839 0.521212121212
1851 0.523232323232
1872 0.525252525253
1876 0.527272727273
1881 0.529292929293
1882 0.531313131313
1896 0.533333333333
1901 0.535353535354
1904 0.537373737374
1910 0.539393939394
1912 0.541414141414
1922 0.543434343434
1935 0.545454545455
1940 0.549494949495
1940 0.549494949495
1953 0.551515151515
1958 0.553535353535
1959 0.555555555556
1988 0.557575757576
2006 0.559595959596
2011 0.561616161616
2028 0.563636363636
2036 0.565656565657
2040 0.567676767677
2046 0.569696969697
2053 0.571717171717
2082 0.573737373737
2101 0.575757575758
2103 0.577777777778
2107 0.579797979798
2120 0.581818181818
2127 0.583838383838
2131 0.585858585859
2135 0.589898989899
2135 0.589898989899
2137 0.591919191919
2148 0.593939393939
2152 0.59797979798
2152 0.59797979798
2153 0.6
2158 0.60202020202
2165 0.60404040404
2185 0.606060606061
2186 0.608080808081
2189 0.610101010101
2202 0.612121212121
2209 0.614141414141
2212 0.616161616162
2213 0.618181818182
2223 0.620202020202
2236 0.622222222222
2248 0.624242424242
2253 0.626262626263
2276 0.628282828283
2299 0.630303030303
2313 0.632323232323
2317 0.634343434343
2324 0.636363636364
2343 0.638383838384
2345 0.640404040404
2357 0.642424242424
2362 0.644444444444
2392 0.646464646465
2423 0.648484848485
2429 0.650505050505
2436 0.652525252525
2440 0.658585858586
2440 0.658585858586
2440 0.658585858586
2443 0.660606060606
2448 0.662626262626
2451 0.664646464646
2452 0.666666666667
2462 0.668686868687
2467 0.670707070707
2474 0.672727272727
2495 0.674747474747
2504 0.676767676768
2515 0.678787878788
2520 0.680808080808
2548 0.684848484848
2548 0.684848484848
2553 0.688888888889
2553 0.688888888889
2559 0.690909090909
2577 0.692929292929
2585 0.694949494949
2623 0.69696969697
2629 0.69898989899
2638 0.70303030303
2638 0.70303030303
2639 0.705050505051
2673 0.707070707071
2701 0.709090909091
2709 0.711111111111
2714 0.713131313131
2719 0.715151515152
2746 0.717171717172
2749 0.719191919192
2752 0.721212121212
2756 0.723232323232
2771 0.725252525253
2774 0.727272727273
2795 0.729292929293
2809 0.731313131313
2810 0.733333333333
2824 0.737373737374
2824 0.737373737374
2825 0.739393939394
2827 0.741414141414
2839 0.743434343434
2848 0.745454545455
2871 0.747474747475
2900 0.749494949495
2913 0.751515151515
2914 0.753535353535
2918 0.755555555556
2925 0.757575757576
2949 0.759595959596
2950 0.761616161616
2954 0.763636363636
2960 0.765656565657
2967 0.767676767677
2989 0.769696969697
2993 0.771717171717
2998 0.773737373737
3101 0.775757575758
3108 0.777777777778
3110 0.779797979798
3115 0.781818181818
3117 0.783838383838
3123 0.785858585859
3147 0.787878787879
3150 0.789898989899
3175 0.791919191919
3178 0.793939393939
3185 0.79595959596
3204 0.79797979798
3211 0.8
3212 0.80202020202
3213 0.80404040404
3236 0.806060606061
3256 0.810101010101
3256 0.810101010101
3261 0.812121212121
3263 0.814141414141
3286 0.816161616162
3309 0.818181818182
3346 0.820202020202
3359 0.822222222222
3369 0.824242424242
3384 0.826262626263
3414 0.828282828283
3416 0.830303030303
3443 0.832323232323
3445 0.834343434343
3446 0.836363636364
3461 0.838383838384
3470 0.840404040404
3484 0.842424242424
3485 0.844444444444
3497 0.846464646465
3500 0.848484848485
3509 0.850505050505
3512 0.852525252525
3520 0.854545454545
3529 0.858585858586
3529 0.858585858586
3538 0.862626262626
3538 0.862626262626
3541 0.864646464646
3549 0.866666666667
3552 0.868686868687
3576 0.870707070707
3625 0.872727272727
3643 0.874747474747
3708 0.876767676768
3711 0.878787878788
3724 0.880808080808
3730 0.882828282828
3810 0.884848484848
3827 0.886868686869
3834 0.888888888889
3841 0.890909090909
3844 0.892929292929
3850 0.894949494949
3858 0.89696969697
3859 0.89898989899
3892 0.90101010101
3902 0.90303030303
3916 0.905050505051
3921 0.907070707071
3954 0.909090909091
3974 0.911111111111
4031 0.913131313131
4125 0.915151515152
4181 0.917171717172
4184 0.919191919192
4198 0.921212121212
4206 0.923232323232
4218 0.925252525253
4283 0.927272727273
4307 0.929292929293
4350 0.931313131313
4358 0.933333333333
4443 0.935353535354
4485 0.937373737374
4530 0.939393939394
4537 0.941414141414
4556 0.943434343434
4559 0.945454545455
4625 0.947474747475
4648 0.949494949495
4657 0.951515151515
4670 0.953535353535
4690 0.955555555556
4732 0.957575757576
4778 0.959595959596
4847 0.961616161616
4877 0.963636363636
5016 0.965656565657
5076 0.967676767677
5077 0.969696969697
5234 0.971717171717
5288 0.973737373737
5614 0.975757575758
5702 0.977777777778
5723 0.979797979798
5901 0.981818181818
6040 0.983838383838
6060 0.985858585859
6169 0.987878787879
6510 0.989898989899
6883 0.991919191919
7722 0.993939393939
8131 0.99595959596
8718 0.99797979798
35178 1.0
