34 0.00201612903226
384 0.00403225806452
521 0.00604838709677
786 0.00806451612903
847 0.0100806451613
931 0.0120967741935
1163 0.0141129032258
1264 0.0161290322581
1629 0.0181451612903
1681 0.0201612903226
1694 0.0221774193548
1940 0.0241935483871
2034 0.0262096774194
2142 0.0282258064516
2384 0.0302419354839
2395 0.0322580645161
2437 0.0342741935484
2529 0.0362903225806
2675 0.0383064516129
2686 0.0403225806452
2688 0.0423387096774
2693 0.0443548387097
2704 0.0463709677419
2711 0.0483870967742
2858 0.0504032258065
2894 0.0524193548387
3583 0.054435483871
3623 0.0564516129032
3739 0.0584677419355
3805 0.0604838709677
3982 0.0625
4329 0.0645161290323
4341 0.0665322580645
4504 0.0685483870968
5009 0.070564516129
5265 0.0725806451613
5311 0.0745967741935
5320 0.0766129032258
5340 0.0786290322581
5650 0.0806451612903
5745 0.0826612903226
5766 0.0846774193548
5975 0.0866935483871
6233 0.0887096774194
6371 0.0907258064516
6381 0.0927419354839
6470 0.0947580645161
6483 0.0967741935484
6594 0.0987903225806
6705 0.100806451613
6730 0.102822580645
6857 0.104838709677
6962 0.10685483871
6996 0.108870967742
7042 0.110887096774
7209 0.112903225806
7237 0.114919354839
7367 0.116935483871
7510 0.118951612903
7518 0.120967741935
7651 0.122983870968
7852 0.125
7869 0.127016129032
7891 0.129032258065
7952 0.131048387097
7964 0.133064516129
7988 0.135080645161
8044 0.137096774194
8116 0.139112903226
8212 0.141129032258
8252 0.14314516129
8398 0.145161290323
8400 0.147177419355
8444 0.149193548387
8477 0.151209677419
8650 0.153225806452
8675 0.155241935484
8729 0.157258064516
8736 0.159274193548
8737 0.161290322581
8851 0.163306451613
8883 0.165322580645
8904 0.167338709677
9130 0.16935483871
9487 0.171370967742
9490 0.173387096774
9674 0.175403225806
9723 0.177419354839
9768 0.179435483871
9824 0.181451612903
9953 0.183467741935
10002 0.185483870968
10013 0.1875
10030 0.189516129032
10251 0.191532258065
10253 0.193548387097
10371 0.195564516129
10417 0.197580645161
10425 0.199596774194
10511 0.201612903226
10548 0.203629032258
10636 0.20564516129
10699 0.207661290323
10873 0.209677419355
11009 0.211693548387
11024 0.213709677419
11083 0.215725806452
11154 0.217741935484
11257 0.219758064516
11368 0.221774193548
11420 0.223790322581
11432 0.225806451613
11664 0.227822580645
11710 0.229838709677
11723 0.23185483871
11820 0.233870967742
11822 0.235887096774
11826 0.237903225806
12142 0.239919354839
12230 0.241935483871
12290 0.243951612903
12501 0.245967741935
12525 0.247983870968
12579 0.25
12595 0.252016129032
12629 0.254032258065
12687 0.256048387097
12752 0.258064516129
13156 0.260080645161
13172 0.262096774194
13190 0.264112903226
13236 0.266129032258
13248 0.26814516129
13275 0.270161290323
13317 0.272177419355
13332 0.274193548387
13350 0.276209677419
13394 0.278225806452
13499 0.280241935484
13589 0.282258064516
13901 0.284274193548
13916 0.286290322581
14218 0.288306451613
14408 0.290322580645
14415 0.292338709677
14438 0.29435483871
14487 0.296370967742
14507 0.298387096774
14559 0.300403225806
14742 0.302419354839
14762 0.304435483871
14818 0.306451612903
14832 0.308467741935
14843 0.310483870968
15201 0.3125
15282 0.314516129032
15288 0.316532258065
15397 0.318548387097
15442 0.320564516129
15471 0.322580645161
15494 0.324596774194
15592 0.326612903226
15725 0.328629032258
15987 0.33064516129
16037 0.332661290323
16080 0.334677419355
16084 0.336693548387
16105 0.338709677419
16146 0.340725806452
16176 0.342741935484
16235 0.344758064516
16256 0.346774193548
16345 0.348790322581
16375 0.350806451613
16405 0.352822580645
16443 0.354838709677
16508 0.35685483871
16686 0.358870967742
16815 0.360887096774
17016 0.362903225806
17175 0.364919354839
17191 0.366935483871
17285 0.368951612903
17373 0.370967741935
17394 0.372983870968
17413 0.375
17532 0.377016129032
17554 0.379032258065
17575 0.381048387097
17713 0.383064516129
17751 0.385080645161
17772 0.387096774194
17860 0.389112903226
17945 0.391129032258
18025 0.39314516129
18065 0.395161290323
18121 0.397177419355
18321 0.399193548387
18350 0.401209677419
18485 0.403225806452
18677 0.405241935484
18813 0.407258064516
18899 0.409274193548
18913 0.411290322581
19096 0.413306451613
19116 0.415322580645
19263 0.417338709677
19301 0.41935483871
19765 0.421370967742
19929 0.423387096774
20079 0.425403225806
20163 0.427419354839
20176 0.429435483871
20177 0.431451612903
20187 0.433467741935
20225 0.435483870968
20324 0.4375
20392 0.439516129032
20442 0.441532258065
20618 0.443548387097
20709 0.445564516129
20728 0.447580645161
20782 0.449596774194
20803 0.451612903226
20808 0.453629032258
20958 0.45564516129
21383 0.457661290323
21509 0.459677419355
21697 0.461693548387
21819 0.463709677419
21917 0.467741935484
21917 0.467741935484
21919 0.469758064516
21970 0.471774193548
22072 0.473790322581
22201 0.475806451613
22204 0.477822580645
22234 0.479838709677
22282 0.48185483871
22287 0.483870967742
22323 0.485887096774
22656 0.487903225806
22847 0.489919354839
22851 0.491935483871
22945 0.493951612903
23014 0.495967741935
23108 0.497983870968
23177 0.5
23384 0.502016129032
23403 0.504032258065
23450 0.506048387097
23608 0.508064516129
23757 0.510080645161
23831 0.512096774194
23874 0.514112903226
24007 0.516129032258
24239 0.51814516129
24346 0.520161290323
24406 0.522177419355
24474 0.524193548387
24553 0.526209677419
24598 0.528225806452
24691 0.530241935484
24815 0.532258064516
24926 0.534274193548
25087 0.536290322581
25136 0.538306451613
25297 0.540322580645
25337 0.542338709677
25365 0.54435483871
25400 0.546370967742
25484 0.548387096774
25496 0.550403225806
25535 0.552419354839
25562 0.554435483871
25991 0.556451612903
26257 0.558467741935
26535 0.560483870968
26546 0.5625
26625 0.564516129032
26713 0.566532258065
26829 0.568548387097
27035 0.570564516129
27090 0.572580645161
27098 0.574596774194
27120 0.576612903226
27268 0.578629032258
27293 0.58064516129
27326 0.582661290323
27376 0.584677419355
27573 0.586693548387
27591 0.588709677419
27599 0.590725806452
27653 0.592741935484
27854 0.594758064516
28049 0.596774193548
28130 0.598790322581
28249 0.600806451613
28294 0.602822580645
28429 0.604838709677
28442 0.60685483871
28500 0.608870967742
28545 0.610887096774
28583 0.612903225806
28669 0.614919354839
28743 0.616935483871
29270 0.618951612903
29367 0.620967741935
29541 0.622983870968
29588 0.625
29680 0.627016129032
29736 0.629032258065
29831 0.631048387097
29880 0.633064516129
30001 0.635080645161
30057 0.637096774194
30251 0.639112903226
30263 0.641129032258
30344 0.64314516129
30361 0.645161290323
30376 0.647177419355
30651 0.649193548387
30965 0.651209677419
30983 0.653225806452
31556 0.655241935484
31575 0.657258064516
31608 0.659274193548
31740 0.661290322581
31792 0.663306451613
31823 0.665322580645
31887 0.667338709677
31999 0.66935483871
32099 0.671370967742
32163 0.673387096774
32291 0.675403225806
32319 0.677419354839
32468 0.679435483871
32523 0.681451612903
32567 0.683467741935
32914 0.685483870968
32999 0.6875
33027 0.689516129032
33140 0.691532258065
33161 0.693548387097
33216 0.695564516129
33297 0.697580645161
33314 0.699596774194
33477 0.701612903226
33479 0.703629032258
33651 0.70564516129
33891 0.707661290323
33907 0.709677419355
33975 0.711693548387
34011 0.713709677419
34034 0.715725806452
34146 0.717741935484
34217 0.719758064516
34644 0.721774193548
34945 0.723790322581
35059 0.725806451613
35135 0.727822580645
35173 0.729838709677
35236 0.73185483871
35261 0.733870967742
35971 0.735887096774
36071 0.737903225806
36439 0.739919354839
36738 0.741935483871
36852 0.743951612903
37038 0.745967741935
37135 0.747983870968
37335 0.75
37394 0.752016129032
37610 0.754032258065
37652 0.756048387097
37655 0.758064516129
37785 0.760080645161
37846 0.762096774194
38298 0.764112903226
38548 0.766129032258
38708 0.76814516129
38770 0.770161290323
39082 0.772177419355
39086 0.774193548387
39296 0.776209677419
39301 0.778225806452
39620 0.780241935484
39635 0.782258064516
39854 0.784274193548
39939 0.786290322581
40311 0.788306451613
40414 0.790322580645
40668 0.792338709677
40800 0.79435483871
41062 0.796370967742
41138 0.798387096774
41270 0.800403225806
41633 0.802419354839
41989 0.804435483871
42302 0.806451612903
42474 0.808467741935
42568 0.810483870968
43151 0.8125
43437 0.814516129032
43480 0.816532258065
43701 0.818548387097
43912 0.820564516129
44154 0.822580645161
44178 0.824596774194
44420 0.826612903226
44861 0.828629032258
44979 0.83064516129
45141 0.832661290323
45303 0.834677419355
45402 0.836693548387
45584 0.838709677419
46273 0.840725806452
46526 0.842741935484
46641 0.844758064516
46853 0.846774193548
47569 0.848790322581
48255 0.850806451613
48354 0.852822580645
49114 0.854838709677
49312 0.85685483871
49796 0.858870967742
49844 0.860887096774
50020 0.862903225806
50290 0.864919354839
50422 0.866935483871
50532 0.868951612903
51038 0.870967741935
51130 0.872983870968
52453 0.875
53031 0.877016129032
56321 0.879032258065
56500 0.881048387097
56614 0.883064516129
56934 0.885080645161
56935 0.887096774194
57471 0.889112903226
57475 0.891129032258
57764 0.89314516129
57795 0.895161290323
58039 0.897177419355
58951 0.899193548387
59530 0.901209677419
60111 0.903225806452
61099 0.905241935484
61417 0.907258064516
63472 0.909274193548
63637 0.911290322581
65655 0.913306451613
65911 0.915322580645
68603 0.917338709677
69088 0.91935483871
72456 0.921370967742
72646 0.923387096774
72790 0.925403225806
74751 0.927419354839
75945 0.929435483871
75994 0.931451612903
77177 0.933467741935
78126 0.935483870968
80116 0.9375
93581 0.939516129032
94471 0.941532258065
95769 0.943548387097
97668 0.945564516129
100073 0.947580645161
100220 0.949596774194
100348 0.951612903226
102775 0.953629032258
105567 0.95564516129
105611 0.957661290323
106201 0.959677419355
106612 0.961693548387
106719 0.963709677419
111036 0.965725806452
111418 0.967741935484
112147 0.969758064516
114459 0.971774193548
120799 0.973790322581
122855 0.975806451613
125232 0.977822580645
127585 0.979838709677
130332 0.98185483871
145258 0.983870967742
146147 0.985887096774
150760 0.987903225806
157580 0.989919354839
178965 0.991935483871
201820 0.993951612903
221789 0.995967741935
223737 0.997983870968
278599 1.0
