640 0.00207039337474
804 0.00414078674948
826 0.00621118012422
1001 0.00828157349896
1019 0.0103519668737
1194 0.0124223602484
1214 0.0144927536232
1365 0.0165631469979
1577 0.0186335403727
1729 0.0207039337474
1772 0.0227743271222
1799 0.0248447204969
1817 0.0269151138716
1851 0.0289855072464
1865 0.0310559006211
1932 0.0331262939959
1951 0.0351966873706
1954 0.0372670807453
1965 0.0393374741201
1968 0.0414078674948
1989 0.0434782608696
2001 0.0455486542443
2081 0.047619047619
2125 0.0496894409938
2137 0.0517598343685
2190 0.0538302277433
2278 0.055900621118
2319 0.0579710144928
2340 0.0600414078675
2361 0.0621118012422
2379 0.064182194617
2427 0.0662525879917
2554 0.0683229813665
2573 0.0703933747412
2579 0.0724637681159
2580 0.0745341614907
2590 0.0766045548654
2611 0.0786749482402
2722 0.0807453416149
2798 0.0828157349896
2810 0.0848861283644
2812 0.0869565217391
2856 0.0890269151139
2861 0.0910973084886
2866 0.0931677018634
2929 0.0952380952381
2930 0.0973084886128
2974 0.0993788819876
3002 0.101449275362
3020 0.103519668737
3024 0.105590062112
3053 0.109730848861
3053 0.109730848861
3054 0.111801242236
3061 0.113871635611
3064 0.115942028986
3097 0.11801242236
3110 0.120082815735
3111 0.12215320911
3135 0.124223602484
3147 0.126293995859
3172 0.128364389234
3185 0.130434782609
3186 0.132505175983
3197 0.134575569358
3218 0.136645962733
3267 0.138716356108
3286 0.142857142857
3286 0.142857142857
3300 0.144927536232
3320 0.146997929607
3322 0.149068322981
3325 0.151138716356
3331 0.153209109731
3332 0.155279503106
3338 0.15734989648
3347 0.159420289855
3352 0.16149068323
3353 0.163561076605
3371 0.165631469979
3374 0.167701863354
3375 0.169772256729
3377 0.171842650104
3381 0.173913043478
3382 0.175983436853
3397 0.178053830228
3409 0.180124223602
3430 0.182194616977
3434 0.184265010352
3442 0.186335403727
3444 0.188405797101
3449 0.190476190476
3461 0.192546583851
3517 0.194616977226
3519 0.1966873706
3540 0.20082815735
3540 0.20082815735
3545 0.202898550725
3552 0.204968944099
3567 0.207039337474
3569 0.209109730849
3570 0.211180124224
3578 0.213250517598
3586 0.215320910973
3593 0.217391304348
3602 0.219461697723
3609 0.221532091097
3618 0.223602484472
3619 0.225672877847
3621 0.227743271222
3638 0.229813664596
3654 0.231884057971
3659 0.233954451346
3717 0.23602484472
3739 0.238095238095
3744 0.24016563147
3755 0.242236024845
3762 0.244306418219
3763 0.246376811594
3782 0.248447204969
3785 0.250517598344
3803 0.252587991718
3814 0.254658385093
3815 0.256728778468
3825 0.258799171843
3840 0.260869565217
3847 0.262939958592
3850 0.265010351967
3858 0.267080745342
3893 0.269151138716
3909 0.271221532091
3928 0.273291925466
3932 0.275362318841
3960 0.277432712215
3961 0.27950310559
3964 0.281573498965
3979 0.28364389234
4002 0.285714285714
4004 0.287784679089
4010 0.289855072464
4013 0.291925465839
4019 0.293995859213
4020 0.296066252588
4052 0.298136645963
4068 0.300207039337
4086 0.302277432712
4098 0.304347826087
4156 0.306418219462
4158 0.308488612836
4194 0.310559006211
4198 0.312629399586
4202 0.314699792961
4209 0.316770186335
4220 0.31884057971
4228 0.320910973085
4255 0.32298136646
4287 0.327122153209
4287 0.327122153209
4290 0.329192546584
4307 0.331262939959
4308 0.333333333333
4311 0.335403726708
4323 0.337474120083
4332 0.339544513458
4348 0.341614906832
4372 0.343685300207
4379 0.345755693582
4381 0.347826086957
4394 0.349896480331
4396 0.351966873706
4399 0.354037267081
4405 0.356107660455
4408 0.35817805383
4422 0.360248447205
4437 0.36231884058
4464 0.364389233954
4468 0.366459627329
4474 0.368530020704
4484 0.370600414079
4495 0.372670807453
4508 0.374741200828
4553 0.376811594203
4570 0.378881987578
4576 0.380952380952
4600 0.383022774327
4604 0.385093167702
4608 0.387163561077
4610 0.389233954451
4615 0.391304347826
4618 0.393374741201
4629 0.395445134576
4635 0.39751552795
4647 0.399585921325
4656 0.4016563147
4658 0.403726708075
4659 0.405797101449
4669 0.407867494824
4670 0.409937888199
4683 0.412008281573
4685 0.414078674948
4686 0.416149068323
4689 0.418219461698
4730 0.420289855072
4747 0.422360248447
4753 0.424430641822
4771 0.426501035197
4786 0.428571428571
4801 0.430641821946
4825 0.432712215321
4834 0.434782608696
4839 0.43685300207
4843 0.438923395445
4847 0.44099378882
4850 0.443064182195
4883 0.445134575569
4961 0.447204968944
4987 0.449275362319
4988 0.451345755694
5012 0.453416149068
5014 0.455486542443
5027 0.457556935818
5031 0.459627329193
5036 0.461697722567
5076 0.463768115942
5079 0.465838509317
5112 0.467908902692
5113 0.469979296066
5119 0.472049689441
5142 0.474120082816
5169 0.47619047619
5172 0.478260869565
5178 0.482401656315
5178 0.482401656315
5182 0.484472049689
5183 0.486542443064
5192 0.488612836439
5202 0.490683229814
5214 0.492753623188
5226 0.494824016563
5232 0.496894409938
5252 0.498964803313
5271 0.501035196687
5279 0.503105590062
5282 0.505175983437
5322 0.507246376812
5337 0.509316770186
5340 0.511387163561
5351 0.513457556936
5355 0.515527950311
5372 0.517598343685
5373 0.51966873706
5378 0.521739130435
5398 0.52380952381
5402 0.525879917184
5404 0.527950310559
5409 0.530020703934
5414 0.532091097308
5424 0.534161490683
5444 0.536231884058
5447 0.538302277433
5497 0.540372670807
5509 0.542443064182
5576 0.544513457557
5579 0.546583850932
5591 0.550724637681
5591 0.550724637681
5592 0.552795031056
5598 0.554865424431
5624 0.556935817805
5641 0.561076604555
5641 0.561076604555
5646 0.56314699793
5660 0.565217391304
5661 0.567287784679
5685 0.569358178054
5695 0.571428571429
5703 0.573498964803
5713 0.575569358178
5717 0.577639751553
5720 0.579710144928
5764 0.581780538302
5799 0.583850931677
5804 0.585921325052
5808 0.587991718427
5811 0.590062111801
5815 0.594202898551
5815 0.594202898551
5839 0.596273291925
5866 0.5983436853
5871 0.600414078675
5881 0.60248447205
5887 0.604554865424
5889 0.606625258799
5900 0.608695652174
5934 0.610766045549
5953 0.612836438923
5960 0.614906832298
5961 0.616977225673
5964 0.619047619048
5987 0.621118012422
5998 0.623188405797
6001 0.625258799172
6007 0.627329192547
6033 0.629399585921
6063 0.631469979296
6064 0.633540372671
6106 0.635610766046
6109 0.63768115942
6138 0.639751552795
6141 0.64182194617
6144 0.643892339545
6153 0.645962732919
6182 0.648033126294
6206 0.650103519669
6248 0.652173913043
6288 0.654244306418
6300 0.656314699793
6322 0.658385093168
6323 0.660455486542
6324 0.662525879917
6326 0.664596273292
6376 0.666666666667
6391 0.668737060041
6393 0.672877846791
6393 0.672877846791
6400 0.674948240166
6490 0.67701863354
6517 0.679089026915
6535 0.68115942029
6538 0.683229813665
6543 0.685300207039
6559 0.687370600414
6563 0.689440993789
6567 0.691511387164
6584 0.693581780538
6589 0.695652173913
6601 0.697722567288
6607 0.699792960663
6624 0.701863354037
6627 0.703933747412
6662 0.706004140787
6672 0.708074534161
6673 0.710144927536
6748 0.714285714286
6748 0.714285714286
6754 0.71635610766
6768 0.718426501035
6769 0.72049689441
6800 0.722567287785
6805 0.724637681159
6885 0.726708074534
6900 0.728778467909
6918 0.730848861284
6933 0.732919254658
6971 0.734989648033
6976 0.737060041408
6981 0.739130434783
7019 0.741200828157
7042 0.743271221532
7059 0.745341614907
7078 0.747412008282
7081 0.749482401656
7088 0.751552795031
7158 0.753623188406
7168 0.757763975155
7168 0.757763975155
7186 0.75983436853
7224 0.761904761905
7237 0.76397515528
7309 0.766045548654
7316 0.768115942029
7348 0.770186335404
7384 0.772256728778
7387 0.774327122153
7444 0.776397515528
7483 0.778467908903
7495 0.780538302277
7541 0.782608695652
7559 0.784679089027
7562 0.786749482402
7589 0.788819875776
7623 0.790890269151
7665 0.792960662526
7671 0.795031055901
7694 0.797101449275
7747 0.79917184265
7785 0.801242236025
7794 0.8033126294
7814 0.805383022774
7827 0.807453416149
7837 0.809523809524
7851 0.811594202899
7878 0.813664596273
7887 0.815734989648
7908 0.817805383023
7931 0.819875776398
7950 0.821946169772
7963 0.824016563147
8031 0.826086956522
8080 0.828157349896
8100 0.830227743271
8172 0.832298136646
8212 0.834368530021
8264 0.836438923395
8284 0.83850931677
8332 0.840579710145
8348 0.84265010352
8351 0.844720496894
8374 0.846790890269
8425 0.848861283644
8498 0.850931677019
8524 0.853002070393
8539 0.855072463768
8619 0.857142857143
8635 0.859213250518
8782 0.861283643892
8799 0.863354037267
8814 0.865424430642
8839 0.867494824017
8878 0.869565217391
8881 0.871635610766
8956 0.873706004141
9116 0.875776397516
9227 0.87784679089
9294 0.879917184265
9427 0.88198757764
9439 0.884057971014
9463 0.886128364389
9488 0.888198757764
9507 0.890269151139
9510 0.892339544513
9513 0.894409937888
9578 0.896480331263
9580 0.898550724638
9596 0.900621118012
9618 0.902691511387
9707 0.904761904762
9767 0.906832298137
9807 0.908902691511
9858 0.910973084886
9888 0.913043478261
9978 0.915113871636
9989 0.91718426501
10186 0.919254658385
10348 0.92132505176
10463 0.923395445135
10474 0.925465838509
10683 0.927536231884
10816 0.929606625259
10854 0.931677018634
10919 0.933747412008
10955 0.935817805383
11007 0.937888198758
11036 0.939958592133
11186 0.942028985507
11214 0.944099378882
11275 0.946169772257
11557 0.948240165631
11775 0.950310559006
11889 0.952380952381
11898 0.954451345756
11914 0.95652173913
12230 0.958592132505
12245 0.96066252588
12497 0.962732919255
12550 0.964803312629
12783 0.966873706004
12937 0.968944099379
12967 0.971014492754
13221 0.973084886128
13313 0.975155279503
13567 0.977225672878
13668 0.979296066253
13702 0.981366459627
13737 0.983436853002
13913 0.985507246377
14209 0.987577639752
14449 0.989648033126
14489 0.991718426501
15763 0.993788819876
15826 0.995859213251
16187 0.997929606625
34786 1.0
