35 0.0020202020202
208 0.0040404040404
226 0.00606060606061
399 0.00808080808081
400 0.010101010101
428 0.0121212121212
488 0.0141414141414
558 0.0161616161616
612 0.0181818181818
657 0.020202020202
805 0.0222222222222
817 0.0242424242424
923 0.0262626262626
939 0.0282828282828
946 0.030303030303
983 0.0323232323232
1002 0.0343434343434
1003 0.0363636363636
1116 0.0383838383838
1157 0.040404040404
1200 0.0424242424242
1353 0.0444444444444
1371 0.0464646464646
1416 0.0484848484848
1419 0.0505050505051
1467 0.0525252525253
1522 0.0545454545455
1555 0.0565656565657
1607 0.0585858585859
1632 0.0606060606061
1636 0.0626262626263
1721 0.0646464646465
1734 0.0666666666667
1891 0.0686868686869
1917 0.0707070707071
2003 0.0727272727273
2004 0.0747474747475
2122 0.0767676767677
2168 0.0787878787879
2222 0.0808080808081
2225 0.0828282828283
2327 0.0848484848485
2343 0.0868686868687
2350 0.0888888888889
2384 0.0909090909091
2388 0.0929292929293
2399 0.0949494949495
2460 0.0969696969697
2523 0.0989898989899
2558 0.10101010101
2569 0.10303030303
2597 0.105050505051
2714 0.107070707071
2773 0.109090909091
2778 0.111111111111
2802 0.113131313131
2837 0.115151515152
2847 0.117171717172
2920 0.119191919192
2946 0.121212121212
2952 0.123232323232
2966 0.125252525253
3034 0.127272727273
3077 0.129292929293
3103 0.131313131313
3104 0.133333333333
3111 0.135353535354
3124 0.137373737374
3133 0.139393939394
3237 0.141414141414
3289 0.143434343434
3300 0.145454545455
3326 0.147474747475
3345 0.149494949495
3356 0.151515151515
3372 0.153535353535
3423 0.155555555556
3451 0.157575757576
3511 0.159595959596
3527 0.161616161616
3592 0.163636363636
3615 0.165656565657
3641 0.169696969697
3641 0.169696969697
3659 0.171717171717
3662 0.173737373737
3664 0.175757575758
3669 0.177777777778
3779 0.179797979798
3794 0.181818181818
3876 0.183838383838
3878 0.187878787879
3878 0.187878787879
3957 0.189898989899
3997 0.191919191919
4004 0.193939393939
4006 0.19595959596
4034 0.19797979798
4057 0.2
4088 0.20202020202
4098 0.20404040404
4113 0.206060606061
4117 0.208080808081
4143 0.210101010101
4178 0.212121212121
4207 0.214141414141
4214 0.216161616162
4238 0.218181818182
4257 0.220202020202
4295 0.222222222222
4331 0.224242424242
4347 0.226262626263
4423 0.228282828283
4426 0.230303030303
4452 0.232323232323
4475 0.234343434343
4501 0.236363636364
4532 0.238383838384
4544 0.240404040404
4551 0.242424242424
4554 0.244444444444
4570 0.246464646465
4590 0.248484848485
4595 0.250505050505
4661 0.252525252525
4669 0.254545454545
4778 0.256565656566
4867 0.258585858586
4887 0.260606060606
4912 0.262626262626
4946 0.264646464646
4953 0.266666666667
4969 0.268686868687
4974 0.270707070707
4989 0.272727272727
5023 0.274747474747
5036 0.276767676768
5148 0.278787878788
5150 0.280808080808
5172 0.282828282828
5214 0.284848484848
5220 0.286868686869
5255 0.288888888889
5324 0.290909090909
5333 0.292929292929
5367 0.294949494949
5374 0.29696969697
5378 0.29898989899
5440 0.30101010101
5512 0.30303030303
5552 0.305050505051
5565 0.307070707071
5578 0.309090909091
5592 0.311111111111
5661 0.313131313131
5708 0.315151515152
5737 0.317171717172
5810 0.319191919192
5889 0.321212121212
5919 0.323232323232
5950 0.325252525253
5967 0.327272727273
5982 0.329292929293
5994 0.331313131313
6037 0.333333333333
6056 0.335353535354
6069 0.337373737374
6123 0.339393939394
6236 0.341414141414
6250 0.343434343434
6280 0.345454545455
6322 0.347474747475
6341 0.349494949495
6366 0.351515151515
6401 0.353535353535
6403 0.355555555556
6413 0.357575757576
6425 0.359595959596
6466 0.361616161616
6494 0.363636363636
6527 0.367676767677
6527 0.367676767677
6533 0.369696969697
6577 0.371717171717
6578 0.373737373737
6608 0.375757575758
6660 0.377777777778
6675 0.379797979798
6735 0.381818181818
6738 0.383838383838
6823 0.385858585859
6885 0.387878787879
6916 0.389898989899
6946 0.391919191919
6948 0.393939393939
6959 0.39595959596
6962 0.39797979798
7048 0.4
7092 0.40202020202
7097 0.40404040404
7124 0.406060606061
7150 0.408080808081
7161 0.410101010101
7264 0.412121212121
7275 0.414141414141
7317 0.416161616162
7321 0.418181818182
7364 0.420202020202
7397 0.422222222222
7418 0.424242424242
7466 0.426262626263
7555 0.428282828283
7592 0.430303030303
7611 0.432323232323
7664 0.434343434343
7702 0.436363636364
7742 0.438383838384
7759 0.440404040404
7833 0.442424242424
7889 0.444444444444
7890 0.446464646465
7901 0.448484848485
7921 0.450505050505
7927 0.454545454545
7927 0.454545454545
7998 0.456565656566
8053 0.458585858586
8110 0.460606060606
8134 0.462626262626
8173 0.464646464646
8199 0.466666666667
8255 0.468686868687
8267 0.470707070707
8306 0.472727272727
8326 0.474747474747
8345 0.476767676768
8360 0.478787878788
8406 0.480808080808
8467 0.482828282828
8474 0.484848484848
8509 0.486868686869
8544 0.488888888889
8560 0.490909090909
8647 0.492929292929
8711 0.494949494949
8730 0.49696969697
8743 0.49898989899
8764 0.50101010101
8878 0.50303030303
8899 0.505050505051
8939 0.507070707071
8960 0.509090909091
8983 0.511111111111
8986 0.513131313131
9018 0.515151515152
9221 0.517171717172
9268 0.519191919192
9276 0.521212121212
9311 0.523232323232
9369 0.525252525253
9438 0.527272727273
9480 0.529292929293
9602 0.531313131313
9646 0.533333333333
9694 0.535353535354
9784 0.537373737374
9836 0.539393939394
9841 0.541414141414
9846 0.543434343434
9860 0.545454545455
9876 0.547474747475
9898 0.549494949495
9902 0.551515151515
9907 0.553535353535
10014 0.555555555556
10019 0.557575757576
10116 0.559595959596
10258 0.561616161616
10310 0.563636363636
10314 0.565656565657
10340 0.567676767677
10342 0.569696969697
10361 0.571717171717
10401 0.573737373737
10408 0.577777777778
10408 0.577777777778
10475 0.579797979798
10613 0.581818181818
10667 0.583838383838
10688 0.585858585859
10791 0.587878787879
10824 0.589898989899
10863 0.591919191919
10950 0.593939393939
11016 0.59595959596
11057 0.59797979798
11090 0.6
11091 0.60202020202
11102 0.60404040404
11122 0.606060606061
11149 0.608080808081
11196 0.610101010101
11207 0.612121212121
11234 0.614141414141
11276 0.616161616162
11301 0.618181818182
11353 0.620202020202
11384 0.622222222222
11423 0.624242424242
11447 0.628282828283
11447 0.628282828283
11451 0.630303030303
11453 0.632323232323
11529 0.634343434343
11655 0.636363636364
11667 0.638383838384
11668 0.640404040404
11679 0.642424242424
11687 0.644444444444
11689 0.646464646465
11816 0.648484848485
11847 0.650505050505
11865 0.652525252525
11876 0.654545454545
11890 0.656565656566
11995 0.658585858586
12206 0.660606060606
12274 0.662626262626
12304 0.664646464646
12409 0.666666666667
12419 0.668686868687
12459 0.670707070707
12486 0.672727272727
12502 0.674747474747
12506 0.676767676768
12536 0.678787878788
12680 0.680808080808
12725 0.682828282828
12742 0.684848484848
12903 0.686868686869
12988 0.688888888889
13083 0.690909090909
13099 0.692929292929
13141 0.694949494949
13212 0.69696969697
13248 0.69898989899
13311 0.70101010101
13370 0.70303030303
13384 0.705050505051
13446 0.707070707071
13447 0.709090909091
13551 0.711111111111
13570 0.713131313131
13590 0.715151515152
13597 0.717171717172
13640 0.719191919192
13741 0.721212121212
13876 0.723232323232
13921 0.725252525253
13990 0.727272727273
14071 0.729292929293
14186 0.731313131313
14189 0.733333333333
14223 0.735353535354
14243 0.737373737374
14362 0.739393939394
14408 0.741414141414
14438 0.743434343434
14459 0.745454545455
14465 0.747474747475
14549 0.749494949495
14579 0.751515151515
14592 0.753535353535
14622 0.755555555556
14630 0.757575757576
14652 0.759595959596
14653 0.761616161616
14657 0.763636363636
14676 0.765656565657
14775 0.767676767677
14789 0.769696969697
14802 0.771717171717
14814 0.773737373737
14896 0.775757575758
15056 0.777777777778
15110 0.779797979798
15198 0.781818181818
15294 0.783838383838
15401 0.785858585859
15557 0.787878787879
15659 0.789898989899
15668 0.791919191919
15855 0.793939393939
16008 0.79595959596
16026 0.79797979798
16162 0.8
16256 0.80202020202
16286 0.80404040404
16294 0.806060606061
16301 0.808080808081
16338 0.810101010101
16545 0.812121212121
16862 0.814141414141
16888 0.816161616162
17006 0.818181818182
17152 0.820202020202
17233 0.822222222222
17264 0.824242424242
17444 0.826262626263
17513 0.828282828283
17529 0.830303030303
17604 0.832323232323
17606 0.834343434343
17758 0.836363636364
17780 0.838383838384
17884 0.840404040404
18070 0.842424242424
18076 0.844444444444
18271 0.846464646465
18279 0.848484848485
18317 0.850505050505
18353 0.852525252525
18849 0.854545454545
18975 0.856565656566
19157 0.858585858586
19229 0.860606060606
19298 0.862626262626
19362 0.864646464646
19462 0.866666666667
19485 0.868686868687
19500 0.870707070707
19518 0.872727272727
19646 0.874747474747
20061 0.876767676768
20485 0.878787878788
20717 0.880808080808
20744 0.882828282828
20855 0.884848484848
21652 0.886868686869
21920 0.888888888889
22565 0.890909090909
22696 0.892929292929
23334 0.894949494949
24295 0.89696969697
24535 0.89898989899
24693 0.90101010101
25719 0.90303030303
26334 0.905050505051
26881 0.907070707071
27007 0.909090909091
27182 0.911111111111
27699 0.913131313131
28050 0.915151515152
28307 0.917171717172
28416 0.919191919192
28850 0.921212121212
29060 0.923232323232
30621 0.925252525253
31720 0.927272727273
31797 0.929292929293
32147 0.931313131313
33054 0.933333333333
33585 0.935353535354
33887 0.937373737374
33945 0.939393939394
34023 0.941414141414
34594 0.943434343434
34717 0.945454545455
35102 0.947474747475
35119 0.949494949495
35393 0.951515151515
35581 0.953535353535
36139 0.955555555556
36749 0.957575757576
37086 0.959595959596
37802 0.961616161616
39671 0.963636363636
40956 0.965656565657
41417 0.967676767677
42647 0.969696969697
42725 0.971717171717
44061 0.973737373737
45945 0.975757575758
48215 0.977777777778
48226 0.979797979798
48931 0.981818181818
50200 0.983838383838
52369 0.985858585859
56575 0.987878787879
56621 0.989898989899
63410 0.991919191919
64835 0.993939393939
65004 0.99595959596
82941 0.99797979798
85559 1.0
