31 0.00202429149798
340 0.00404858299595
355 0.00607287449393
464 0.0080971659919
518 0.0121457489879
518 0.0121457489879
544 0.0141700404858
581 0.0161943319838
654 0.0182186234818
757 0.0202429149798
768 0.0222672064777
769 0.0242914979757
781 0.0263157894737
793 0.0283400809717
794 0.0303643724696
833 0.0323886639676
843 0.0344129554656
854 0.0364372469636
871 0.0384615384615
883 0.0404858299595
891 0.0425101214575
910 0.0445344129555
913 0.0465587044534
951 0.0485829959514
954 0.0506072874494
955 0.0526315789474
998 0.0546558704453
1028 0.0566801619433
1043 0.0587044534413
1057 0.0607287449393
1064 0.0627530364372
1068 0.0647773279352
1082 0.0668016194332
1087 0.0688259109312
1091 0.0708502024291
1125 0.0728744939271
1137 0.0748987854251
1160 0.0769230769231
1191 0.0789473684211
1236 0.080971659919
1238 0.082995951417
1248 0.087044534413
1248 0.087044534413
1259 0.0890688259109
1272 0.0910931174089
1285 0.0931174089069
1302 0.0951417004049
1315 0.0971659919028
1320 0.0991902834008
1347 0.101214574899
1359 0.103238866397
1362 0.105263157895
1364 0.107287449393
1374 0.109311740891
1399 0.111336032389
1403 0.113360323887
1411 0.115384615385
1412 0.117408906883
1421 0.119433198381
1425 0.121457489879
1428 0.123481781377
1432 0.125506072874
1434 0.127530364372
1450 0.12955465587
1454 0.131578947368
1455 0.133603238866
1475 0.137651821862
1475 0.137651821862
1483 0.13967611336
1484 0.141700404858
1485 0.143724696356
1487 0.145748987854
1489 0.147773279352
1494 0.14979757085
1498 0.151821862348
1504 0.153846153846
1506 0.155870445344
1513 0.157894736842
1518 0.15991902834
1533 0.161943319838
1541 0.163967611336
1554 0.165991902834
1558 0.168016194332
1564 0.17004048583
1565 0.174089068826
1565 0.174089068826
1566 0.176113360324
1585 0.178137651822
1591 0.18016194332
1593 0.182186234818
1604 0.184210526316
1611 0.186234817814
1641 0.188259109312
1642 0.192307692308
1642 0.192307692308
1645 0.194331983806
1650 0.196356275304
1672 0.198380566802
1673 0.2004048583
1676 0.202429149798
1684 0.206477732794
1684 0.206477732794
1689 0.208502024291
1703 0.212550607287
1703 0.212550607287
1707 0.214574898785
1708 0.218623481781
1708 0.218623481781
1713 0.220647773279
1717 0.222672064777
1718 0.224696356275
1721 0.226720647773
1725 0.228744939271
1726 0.230769230769
1736 0.232793522267
1747 0.234817813765
1758 0.236842105263
1763 0.238866396761
1778 0.240890688259
1790 0.242914979757
1800 0.244939271255
1801 0.246963562753
1803 0.251012145749
1803 0.251012145749
1806 0.253036437247
1810 0.255060728745
1812 0.257085020243
1820 0.259109311741
1821 0.261133603239
1822 0.263157894737
1836 0.265182186235
1838 0.267206477733
1851 0.269230769231
1869 0.271255060729
1874 0.273279352227
1875 0.275303643725
1887 0.277327935223
1888 0.279352226721
1889 0.281376518219
1890 0.283400809717
1901 0.285425101215
1906 0.289473684211
1906 0.289473684211
1916 0.291497975709
1918 0.293522267206
1930 0.295546558704
1936 0.297570850202
1953 0.2995951417
1955 0.301619433198
1956 0.303643724696
1963 0.305668016194
1968 0.307692307692
1982 0.30971659919
1983 0.311740890688
2010 0.313765182186
2019 0.315789473684
2021 0.317813765182
2022 0.31983805668
2028 0.321862348178
2034 0.323886639676
2043 0.325910931174
2049 0.327935222672
2065 0.32995951417
2068 0.331983805668
2071 0.336032388664
2071 0.336032388664
2082 0.338056680162
2099 0.34008097166
2101 0.342105263158
2102 0.344129554656
2106 0.346153846154
2109 0.348178137652
2117 0.354251012146
2117 0.354251012146
2117 0.354251012146
2128 0.356275303644
2129 0.358299595142
2131 0.36032388664
2137 0.362348178138
2139 0.364372469636
2146 0.366396761134
2151 0.37044534413
2151 0.37044534413
2159 0.372469635628
2180 0.374493927126
2182 0.376518218623
2189 0.378542510121
2192 0.380566801619
2200 0.384615384615
2200 0.384615384615
2203 0.386639676113
2228 0.388663967611
2238 0.392712550607
2238 0.392712550607
2246 0.394736842105
2247 0.396761133603
2250 0.398785425101
2256 0.400809716599
2257 0.402834008097
2264 0.406882591093
2264 0.406882591093
2280 0.410931174089
2280 0.410931174089
2282 0.412955465587
2295 0.414979757085
2303 0.417004048583
2307 0.419028340081
2349 0.421052631579
2358 0.423076923077
2362 0.425101214575
2368 0.427125506073
2372 0.429149797571
2374 0.431174089069
2396 0.433198380567
2401 0.435222672065
2407 0.439271255061
2407 0.439271255061
2415 0.441295546559
2423 0.443319838057
2428 0.445344129555
2431 0.447368421053
2433 0.449392712551
2445 0.451417004049
2453 0.455465587045
2453 0.455465587045
2459 0.457489878543
2463 0.45951417004
2465 0.463562753036
2465 0.463562753036
2467 0.465587044534
2481 0.467611336032
2506 0.46963562753
2513 0.471659919028
2521 0.473684210526
2526 0.475708502024
2532 0.477732793522
2536 0.47975708502
2543 0.481781376518
2554 0.485829959514
2554 0.485829959514
2556 0.487854251012
2558 0.48987854251
2560 0.491902834008
2593 0.493927125506
2602 0.495951417004
2619 0.497975708502
2621 0.5
2633 0.502024291498
2645 0.504048582996
2655 0.506072874494
2663 0.508097165992
2665 0.51012145749
2668 0.512145748988
2671 0.514170040486
2684 0.518218623482
2684 0.518218623482
2701 0.52024291498
2704 0.522267206478
2705 0.524291497976
2712 0.526315789474
2720 0.528340080972
2726 0.53036437247
2727 0.532388663968
2745 0.534412955466
2757 0.536437246964
2766 0.538461538462
2777 0.54048582996
2778 0.542510121457
2779 0.544534412955
2783 0.546558704453
2785 0.548582995951
2789 0.550607287449
2796 0.552631578947
2821 0.554655870445
2825 0.556680161943
2837 0.558704453441
2842 0.560728744939
2859 0.562753036437
2866 0.564777327935
2869 0.566801619433
2870 0.570850202429
2870 0.570850202429
2873 0.572874493927
2882 0.574898785425
2888 0.576923076923
2897 0.578947368421
2904 0.580971659919
2915 0.585020242915
2915 0.585020242915
2945 0.587044534413
2946 0.589068825911
2947 0.591093117409
2948 0.593117408907
2955 0.595141700405
2981 0.597165991903
3001 0.599190283401
3003 0.601214574899
3005 0.603238866397
3014 0.605263157895
3038 0.607287449393
3071 0.609311740891
3106 0.613360323887
3106 0.613360323887
3133 0.615384615385
3162 0.617408906883
3172 0.619433198381
3179 0.621457489879
3195 0.623481781377
3201 0.625506072874
3211 0.627530364372
3232 0.62955465587
3243 0.631578947368
3246 0.633603238866
3247 0.635627530364
3267 0.637651821862
3269 0.63967611336
3272 0.641700404858
3292 0.643724696356
3310 0.645748987854
3320 0.647773279352
3343 0.64979757085
3363 0.651821862348
3374 0.653846153846
3383 0.655870445344
3393 0.657894736842
3400 0.65991902834
3408 0.663967611336
3408 0.663967611336
3411 0.665991902834
3414 0.668016194332
3418 0.67004048583
3462 0.672064777328
3467 0.676113360324
3467 0.676113360324
3490 0.678137651822
3505 0.68016194332
3534 0.682186234818
3545 0.684210526316
3557 0.686234817814
3567 0.688259109312
3605 0.69028340081
3633 0.692307692308
3668 0.696356275304
3668 0.696356275304
3691 0.698380566802
3693 0.7004048583
3697 0.704453441296
3697 0.704453441296
3705 0.706477732794
3707 0.708502024291
3733 0.710526315789
3765 0.712550607287
3773 0.714574898785
3822 0.716599190283
3829 0.718623481781
3835 0.720647773279
3842 0.722672064777
3845 0.724696356275
3853 0.726720647773
3855 0.728744939271
3872 0.730769230769
3882 0.732793522267
3887 0.734817813765
3921 0.736842105263
3928 0.738866396761
3977 0.740890688259
4003 0.742914979757
4031 0.744939271255
4047 0.746963562753
4054 0.748987854251
4084 0.751012145749
4097 0.753036437247
4113 0.755060728745
4120 0.757085020243
4125 0.759109311741
4130 0.761133603239
4151 0.763157894737
4156 0.765182186235
4200 0.767206477733
4221 0.769230769231
4289 0.771255060729
4292 0.773279352227
4305 0.775303643725
4318 0.777327935223
4331 0.779352226721
4356 0.781376518219
4381 0.783400809717
4387 0.785425101215
4398 0.787449392713
4413 0.789473684211
4430 0.791497975709
4436 0.793522267206
4438 0.795546558704
4460 0.797570850202
4472 0.7995951417
4507 0.801619433198
4560 0.803643724696
4586 0.805668016194
4635 0.807692307692
4646 0.80971659919
4656 0.811740890688
4671 0.813765182186
4677 0.815789473684
4696 0.817813765182
4720 0.81983805668
4723 0.821862348178
4724 0.823886639676
4729 0.825910931174
4738 0.827935222672
4740 0.82995951417
4759 0.831983805668
4775 0.834008097166
4784 0.836032388664
4788 0.838056680162
4817 0.84008097166
4849 0.842105263158
4886 0.844129554656
4901 0.846153846154
4908 0.848178137652
4918 0.85020242915
4921 0.852226720648
4931 0.854251012146
4954 0.856275303644
4998 0.858299595142
5016 0.86032388664
5064 0.862348178138
5079 0.864372469636
5143 0.866396761134
5151 0.868421052632
5181 0.87044534413
5196 0.872469635628
5226 0.874493927126
5227 0.876518218623
5248 0.878542510121
5306 0.880566801619
5352 0.882591093117
5358 0.884615384615
5450 0.886639676113
5479 0.888663967611
5496 0.890688259109
5557 0.892712550607
5569 0.894736842105
5570 0.896761133603
5709 0.898785425101
5809 0.900809716599
5818 0.902834008097
5827 0.904858299595
5835 0.906882591093
5879 0.908906882591
5890 0.910931174089
5904 0.912955465587
5924 0.914979757085
5962 0.917004048583
6004 0.919028340081
6045 0.921052631579
6050 0.923076923077
6082 0.925101214575
6083 0.927125506073
6140 0.929149797571
6175 0.931174089069
6210 0.933198380567
6279 0.935222672065
6361 0.937246963563
6372 0.939271255061
6382 0.941295546559
6393 0.943319838057
6449 0.945344129555
6450 0.947368421053
6465 0.949392712551
6476 0.951417004049
6554 0.953441295547
6639 0.955465587045
6686 0.957489878543
6969 0.95951417004
6989 0.961538461538
7013 0.963562753036
7015 0.965587044534
7259 0.967611336032
7326 0.96963562753
7335 0.971659919028
7336 0.973684210526
7418 0.975708502024
7436 0.977732793522
7627 0.97975708502
7672 0.981781376518
7836 0.983805668016
8008 0.985829959514
8374 0.987854251012
8659 0.98987854251
9088 0.991902834008
10812 0.993927125506
11981 0.995951417004
14616 0.997975708502
37149 1.0
