733 0.00398406374502
937 0.00796812749004
959 0.0119521912351
1145 0.0159362549801
1152 0.0199203187251
1173 0.0239043824701
1377 0.0278884462151
1439 0.0318725099602
1576 0.0358565737052
1623 0.0398406374502
1808 0.0438247011952
1819 0.0478087649402
1843 0.0517928286853
1848 0.0557768924303
2006 0.0597609561753
2035 0.0637450199203
2111 0.0677290836653
2174 0.0717131474104
2227 0.0756972111554
2241 0.0796812749004
2248 0.0876494023904
2248 0.0876494023904
2257 0.0916334661355
2278 0.0956175298805
2305 0.0996015936255
2386 0.103585657371
2425 0.107569721116
2436 0.111553784861
2451 0.115537848606
2595 0.119521912351
2636 0.123505976096
2728 0.127490039841
2769 0.131474103586
2924 0.135458167331
2928 0.139442231076
2951 0.143426294821
2958 0.147410358566
2967 0.151394422311
2976 0.155378486056
2987 0.159362549801
3003 0.163346613546
3019 0.167330677291
3044 0.171314741036
3133 0.175298804781
3152 0.179282868526
3170 0.183266932271
3221 0.187250996016
3251 0.191235059761
3284 0.195219123506
3295 0.199203187251
3347 0.203187250996
3407 0.207171314741
3419 0.211155378486
3442 0.215139442231
3446 0.219123505976
3451 0.223107569721
3465 0.227091633466
3517 0.231075697211
3538 0.235059760956
3571 0.239043824701
3640 0.243027888446
3650 0.247011952191
3652 0.250996015936
3664 0.254980079681
3694 0.258964143426
3703 0.262948207171
3737 0.266932270916
3754 0.270916334661
3758 0.274900398406
3784 0.278884462151
3785 0.282868525896
3790 0.286852589641
3798 0.290836653386
3801 0.294820717131
3826 0.298804780876
3834 0.302788844622
3862 0.306772908367
3867 0.310756972112
3891 0.314741035857
3918 0.318725099602
3936 0.322709163347
3938 0.326693227092
3953 0.330677290837
3958 0.334661354582
3995 0.338645418327
3999 0.342629482072
4012 0.346613545817
4038 0.350597609562
4047 0.354581673307
4074 0.358565737052
4083 0.362549800797
4093 0.366533864542
4107 0.370517928287
4108 0.374501992032
4132 0.378486055777
4141 0.382470119522
4145 0.386454183267
4156 0.390438247012
4166 0.394422310757
4201 0.398406374502
4226 0.402390438247
4245 0.406374501992
4269 0.410358565737
4273 0.414342629482
4305 0.418326693227
4310 0.422310756972
4325 0.426294820717
4344 0.430278884462
4373 0.438247011952
4373 0.438247011952
4427 0.442231075697
4516 0.446215139442
4529 0.450199203187
4547 0.454183266932
4560 0.458167330677
4617 0.462151394422
4632 0.466135458167
4637 0.470119521912
4697 0.474103585657
4706 0.478087649402
4708 0.482071713147
4746 0.486055776892
4791 0.490039840637
4793 0.494023904382
4796 0.498007968127
4835 0.501992031873
4873 0.505976095618
4882 0.509960159363
4906 0.513944223108
4914 0.517928286853
4927 0.521912350598
4941 0.525896414343
4955 0.529880478088
4992 0.533864541833
5005 0.537848605578
5008 0.541832669323
5014 0.545816733068
5019 0.549800796813
5021 0.553784860558
5081 0.557768924303
5148 0.561752988048
5161 0.565737051793
5168 0.569721115538
5240 0.573705179283
5243 0.581673306773
5243 0.581673306773
5347 0.585657370518
5354 0.589641434263
5403 0.593625498008
5432 0.597609561753
5459 0.601593625498
5469 0.605577689243
5495 0.609561752988
5521 0.613545816733
5525 0.617529880478
5592 0.621513944223
5677 0.625498007968
5725 0.629482071713
5741 0.633466135458
5749 0.637450199203
5752 0.641434262948
5760 0.645418326693
5783 0.649402390438
5857 0.653386454183
5861 0.657370517928
5911 0.661354581673
5957 0.665338645418
5979 0.669322709163
5986 0.673306772908
6036 0.677290836653
6085 0.681274900398
6120 0.685258964143
6167 0.689243027888
6193 0.693227091633
6196 0.697211155378
6198 0.701195219124
6242 0.705179282869
6264 0.709163346614
6297 0.713147410359
6357 0.717131474104
6366 0.721115537849
6410 0.725099601594
6436 0.729083665339
6452 0.733067729084
6465 0.737051792829
6633 0.741035856574
6639 0.745019920319
6651 0.749003984064
6704 0.752988047809
6713 0.756972111554
6721 0.760956175299
6760 0.764940239044
6819 0.768924302789
6821 0.772908366534
6831 0.776892430279
6859 0.780876494024
7015 0.784860557769
7019 0.788844621514
7026 0.792828685259
7055 0.796812749004
7121 0.800796812749
7126 0.804780876494
7127 0.808764940239
7222 0.812749003984
7228 0.816733067729
7276 0.820717131474
7377 0.824701195219
7426 0.828685258964
7461 0.832669322709
7477 0.836653386454
7559 0.840637450199
7615 0.844621513944
7660 0.848605577689
7790 0.852589641434
7800 0.856573705179
7861 0.860557768924
7923 0.864541832669
8038 0.868525896414
8064 0.872509960159
8153 0.876494023904
8221 0.880478087649
8284 0.884462151394
8428 0.888446215139
8441 0.892430278884
8483 0.896414342629
8562 0.900398406375
8770 0.90438247012
8813 0.908366533865
8935 0.91235059761
9048 0.916334661355
9102 0.9203187251
9278 0.924302788845
9449 0.92828685259
9606 0.932270916335
9614 0.93625498008
9770 0.940239043825
9897 0.94422310757
10098 0.948207171315
10341 0.95219123506
10545 0.956175298805
10840 0.96015936255
10968 0.964143426295
11030 0.96812749004
11359 0.972111553785
11887 0.97609561753
13658 0.980079681275
14075 0.98406374502
15406 0.988047808765
16254 0.99203187251
16592 0.996015936255
16776 1.0
