33 0.00591715976331
36 0.0118343195266
988 0.0177514792899
1298 0.0236686390533
1348 0.0295857988166
1622 0.0355029585799
1912 0.0414201183432
2197 0.0532544378698
2197 0.0532544378698
2424 0.0591715976331
2576 0.0650887573964
2592 0.0710059171598
2831 0.0769230769231
2909 0.0828402366864
3006 0.0887573964497
3138 0.094674556213
3157 0.100591715976
3210 0.10650887574
3222 0.112426035503
3290 0.118343195266
3477 0.12426035503
3497 0.130177514793
3514 0.136094674556
3809 0.14201183432
3853 0.147928994083
4100 0.153846153846
4200 0.159763313609
4230 0.165680473373
4236 0.171597633136
4271 0.177514792899
4318 0.183431952663
4396 0.189349112426
4461 0.195266272189
4554 0.201183431953
4592 0.207100591716
4611 0.213017751479
4716 0.218934911243
4998 0.224852071006
5143 0.230769230769
5193 0.236686390533
5213 0.242603550296
5270 0.248520710059
5314 0.254437869822
5338 0.260355029586
5361 0.266272189349
5368 0.272189349112
5409 0.278106508876
5431 0.284023668639
5446 0.289940828402
5461 0.295857988166
5507 0.301775147929
5550 0.307692307692
5575 0.313609467456
5580 0.319526627219
5607 0.325443786982
5624 0.331360946746
5761 0.337278106509
5787 0.343195266272
5809 0.349112426036
5858 0.355029585799
5863 0.360946745562
5867 0.366863905325
5944 0.372781065089
6070 0.378698224852
6180 0.384615384615
6252 0.390532544379
6254 0.396449704142
6272 0.402366863905
6380 0.408284023669
6456 0.414201183432
6540 0.420118343195
6581 0.426035502959
6598 0.431952662722
6733 0.437869822485
6816 0.443786982249
6826 0.449704142012
6904 0.455621301775
6944 0.461538461538
7199 0.467455621302
7245 0.473372781065
7252 0.485207100592
7252 0.485207100592
7331 0.491124260355
7344 0.497041420118
7385 0.502958579882
7395 0.508875739645
7406 0.514792899408
7566 0.520710059172
7626 0.526627218935
7660 0.532544378698
7670 0.538461538462
7707 0.544378698225
7708 0.550295857988
7713 0.556213017751
7756 0.562130177515
7796 0.568047337278
7818 0.573964497041
7836 0.579881656805
8025 0.585798816568
8048 0.591715976331
8143 0.597633136095
8154 0.603550295858
8179 0.609467455621
8481 0.615384615385
8587 0.621301775148
8643 0.627218934911
8652 0.633136094675
8792 0.639053254438
8947 0.644970414201
9047 0.650887573964
9175 0.656804733728
9249 0.662721893491
9299 0.668639053254
9339 0.674556213018
9430 0.680473372781
9567 0.686390532544
9573 0.692307692308
9829 0.698224852071
9834 0.704142011834
10040 0.710059171598
10126 0.715976331361
10172 0.721893491124
10180 0.727810650888
10370 0.733727810651
10424 0.739644970414
10475 0.745562130178
10565 0.751479289941
10589 0.757396449704
10614 0.763313609467
10701 0.769230769231
10764 0.775147928994
10777 0.781065088757
10919 0.786982248521
10980 0.792899408284
11261 0.798816568047
11739 0.804733727811
11754 0.810650887574
11790 0.816568047337
12264 0.822485207101
12679 0.828402366864
12733 0.834319526627
12736 0.840236686391
12811 0.846153846154
12897 0.852071005917
13108 0.85798816568
13170 0.863905325444
13351 0.869822485207
13510 0.87573964497
13585 0.881656804734
14128 0.887573964497
14443 0.89349112426
15403 0.899408284024
15647 0.905325443787
16057 0.91124260355
16370 0.917159763314
16634 0.923076923077
16735 0.92899408284
17058 0.934911242604
17997 0.940828402367
18251 0.94674556213
18254 0.952662721893
18488 0.958579881657
19011 0.96449704142
20699 0.970414201183
21693 0.976331360947
23420 0.98224852071
25360 0.988165680473
25576 0.994082840237
36425 1.0
