1011 0.003300330033
1380 0.00660066006601
1674 0.00990099009901
2201 0.013201320132
2570 0.016501650165
2893 0.019801980198
3497 0.023102310231
3653 0.026402640264
3878 0.029702970297
3909 0.03300330033
4075 0.036303630363
4260 0.039603960396
4298 0.042904290429
4327 0.046204620462
4372 0.049504950495
4431 0.0528052805281
4453 0.0561056105611
4643 0.0594059405941
4880 0.0627062706271
4979 0.0660066006601
5157 0.0693069306931
5208 0.0726072607261
6002 0.0759075907591
6226 0.0792079207921
6263 0.0825082508251
6367 0.0858085808581
6518 0.0891089108911
6611 0.0924092409241
6634 0.0957095709571
6667 0.0990099009901
6723 0.102310231023
7493 0.105610561056
7944 0.108910891089
8245 0.112211221122
8386 0.115511551155
8627 0.118811881188
8688 0.125412541254
8688 0.125412541254
8692 0.128712871287
8889 0.13201320132
8923 0.135313531353
9161 0.138613861386
9267 0.141914191419
9314 0.145214521452
9504 0.148514851485
9506 0.151815181518
9806 0.155115511551
9809 0.158415841584
9874 0.161716171617
9915 0.16501650165
10356 0.168316831683
10372 0.171617161716
10461 0.174917491749
11012 0.178217821782
11211 0.181518151815
11247 0.184818481848
11249 0.188118811881
11363 0.191419141914
11383 0.194719471947
11420 0.19801980198
11428 0.201320132013
11493 0.204620462046
11524 0.207920792079
11782 0.211221122112
11865 0.214521452145
11939 0.217821782178
12008 0.221122112211
12347 0.224422442244
12348 0.227722772277
12360 0.23102310231
12363 0.234323432343
12500 0.237623762376
12597 0.240924092409
12705 0.244224422442
12748 0.247524752475
12758 0.250825082508
12831 0.254125412541
12911 0.257425742574
13052 0.260726072607
13078 0.26402640264
13115 0.267326732673
13341 0.270627062706
13487 0.273927392739
13607 0.277227722772
13680 0.280528052805
13773 0.283828382838
14021 0.287128712871
14365 0.290429042904
14647 0.293729372937
14668 0.29702970297
14694 0.300330033003
14871 0.303630363036
15300 0.306930693069
15376 0.310231023102
15391 0.313531353135
15523 0.316831683168
15587 0.320132013201
15766 0.323432343234
15800 0.326732673267
15973 0.3300330033
16030 0.333333333333
16211 0.336633663366
16292 0.339933993399
16347 0.343234323432
16447 0.346534653465
16641 0.349834983498
16657 0.353135313531
16750 0.356435643564
16884 0.359735973597
16920 0.36303630363
16981 0.366336633663
17281 0.369636963696
17404 0.372937293729
17497 0.376237623762
17511 0.379537953795
17531 0.382838283828
17729 0.386138613861
18087 0.389438943894
18155 0.392739273927
18488 0.39603960396
18527 0.399339933993
18994 0.402640264026
19140 0.405940594059
19268 0.409240924092
19438 0.412541254125
19477 0.415841584158
20112 0.419141914191
20346 0.422442244224
20428 0.425742574257
20493 0.42904290429
20535 0.432343234323
20762 0.435643564356
20884 0.438943894389
20890 0.442244224422
20989 0.445544554455
21023 0.448844884488
21109 0.452145214521
21479 0.455445544554
21549 0.458745874587
21606 0.46204620462
21646 0.465346534653
21677 0.468646864686
22118 0.471947194719
22174 0.475247524752
22554 0.478547854785
22624 0.481848184818
22819 0.485148514851
22824 0.488448844884
23089 0.491749174917
23168 0.49504950495
23188 0.498349834983
23257 0.501650165017
23351 0.50495049505
23386 0.508250825083
23664 0.511551155116
23859 0.514851485149
23956 0.518151815182
24085 0.521452145215
24274 0.524752475248
24287 0.528052805281
24410 0.531353135314
24411 0.534653465347
25193 0.53795379538
25222 0.541254125413
25238 0.544554455446
25478 0.547854785479
25597 0.551155115512
25615 0.554455445545
25790 0.557755775578
25826 0.561056105611
26107 0.564356435644
26249 0.567656765677
26440 0.57095709571
26464 0.574257425743
26473 0.577557755776
26598 0.580858085809
26789 0.584158415842
26975 0.587458745875
27029 0.590759075908
27356 0.594059405941
27682 0.597359735974
27709 0.600660066007
28181 0.60396039604
28347 0.607260726073
28635 0.610561056106
28837 0.613861386139
28874 0.617161716172
28929 0.620462046205
29064 0.623762376238
29101 0.627062706271
29221 0.630363036304
29242 0.633663366337
29327 0.63696369637
29473 0.640264026403
29490 0.643564356436
29553 0.646864686469
30027 0.650165016502
30499 0.653465346535
30513 0.656765676568
30538 0.660066006601
30629 0.663366336634
30869 0.666666666667
31150 0.6699669967
31430 0.673267326733
31689 0.676567656766
32138 0.679867986799
32224 0.683168316832
32483 0.686468646865
32737 0.689768976898
33127 0.693069306931
33172 0.696369636964
33213 0.699669966997
33233 0.70297029703
33637 0.706270627063
33875 0.709570957096
34031 0.712871287129
34162 0.716171617162
34437 0.719471947195
34473 0.722772277228
34728 0.726072607261
34767 0.729372937294
34913 0.732673267327
34940 0.73597359736
34964 0.739273927393
34977 0.742574257426
35892 0.745874587459
36308 0.749174917492
36387 0.752475247525
36536 0.755775577558
37156 0.759075907591
37236 0.762376237624
37435 0.765676567657
37525 0.76897689769
38039 0.772277227723
38057 0.775577557756
38818 0.778877887789
38868 0.782178217822
39091 0.785478547855
39975 0.788778877888
40134 0.792079207921
40232 0.795379537954
40359 0.798679867987
40573 0.80198019802
40809 0.805280528053
40813 0.808580858086
40818 0.811881188119
40903 0.815181518152
41480 0.818481848185
41922 0.821782178218
42829 0.825082508251
43532 0.828382838284
43733 0.831683168317
43913 0.83498349835
44309 0.838283828383
45024 0.841584158416
45128 0.844884488449
45243 0.848184818482
45830 0.851485148515
46147 0.854785478548
46342 0.858085808581
47004 0.861386138614
47698 0.864686468647
48888 0.86798679868
48891 0.871287128713
50899 0.874587458746
51004 0.877887788779
51069 0.881188118812
51302 0.884488448845
53681 0.887788778878
53900 0.891089108911
54924 0.894389438944
55021 0.897689768977
57221 0.90099009901
57440 0.904290429043
57457 0.907590759076
57883 0.910891089109
58223 0.914191419142
59948 0.917491749175
60794 0.920792079208
61760 0.924092409241
64941 0.927392739274
73366 0.930693069307
77329 0.93399339934
78595 0.937293729373
78785 0.940594059406
87862 0.943894389439
95050 0.947194719472
96826 0.950495049505
98626 0.953795379538
99526 0.957095709571
102796 0.960396039604
103551 0.963696369637
106098 0.96699669967
106992 0.970297029703
107673 0.973597359736
107824 0.976897689769
114063 0.980198019802
115814 0.983498349835
116410 0.986798679868
121277 0.990099009901
123588 0.993399339934
181687 0.996699669967
238069 1.0
