35 0.00202839756592
529 0.00405679513185
626 0.00608519269777
765 0.00811359026369
884 0.0101419878296
909 0.0121703853955
992 0.0162271805274
992 0.0162271805274
1161 0.0182555780933
1342 0.0202839756592
1382 0.0223123732252
1410 0.0243407707911
1442 0.026369168357
1444 0.0283975659229
1458 0.0304259634888
1493 0.0324543610548
1496 0.0344827586207
1540 0.0365111561866
1589 0.0385395537525
1643 0.0405679513185
1660 0.0425963488844
1663 0.0446247464503
1698 0.0466531440162
1751 0.0486815415822
1763 0.0507099391481
1824 0.052738336714
1837 0.0547667342799
1904 0.0567951318458
1915 0.0588235294118
1919 0.0608519269777
1938 0.0628803245436
2016 0.0649087221095
2023 0.0669371196755
2029 0.0689655172414
2038 0.0709939148073
2047 0.0730223123732
2126 0.0750507099391
2128 0.0770791075051
2233 0.079107505071
2247 0.0811359026369
2271 0.0831643002028
2304 0.0851926977688
2331 0.0872210953347
2339 0.0892494929006
2342 0.0912778904665
2365 0.0933062880325
2382 0.0953346855984
2401 0.0973630831643
2433 0.0993914807302
2455 0.101419878296
2472 0.103448275862
2486 0.105476673428
2507 0.107505070994
2521 0.10953346856
2558 0.111561866126
2565 0.113590263692
2597 0.115618661258
2602 0.117647058824
2635 0.119675456389
2660 0.121703853955
2663 0.123732251521
2676 0.125760649087
2690 0.127789046653
2698 0.129817444219
2701 0.131845841785
2703 0.133874239351
2715 0.135902636917
2718 0.137931034483
2731 0.139959432049
2732 0.141987829615
2744 0.144016227181
2759 0.146044624746
2769 0.148073022312
2784 0.152129817444
2784 0.152129817444
2786 0.15415821501
2794 0.156186612576
2806 0.158215010142
2810 0.160243407708
2830 0.162271805274
2839 0.16430020284
2853 0.166328600406
2859 0.168356997972
2861 0.172413793103
2861 0.172413793103
2872 0.174442190669
2897 0.176470588235
2900 0.178498985801
2922 0.180527383367
2977 0.182555780933
2978 0.184584178499
3019 0.186612576065
3023 0.188640973631
3027 0.190669371197
3035 0.192697768763
3036 0.194726166329
3042 0.196754563895
3046 0.19878296146
3057 0.200811359026
3068 0.202839756592
3073 0.206896551724
3073 0.206896551724
3086 0.20892494929
3100 0.210953346856
3104 0.212981744422
3112 0.215010141988
3149 0.217038539554
3155 0.21906693712
3166 0.221095334686
3167 0.223123732252
3184 0.225152129817
3194 0.229208924949
3194 0.229208924949
3197 0.231237322515
3205 0.233265720081
3240 0.235294117647
3242 0.237322515213
3250 0.239350912779
3255 0.241379310345
3259 0.243407707911
3278 0.245436105477
3287 0.247464503043
3312 0.249492900609
3325 0.251521298174
3342 0.25354969574
3354 0.255578093306
3361 0.257606490872
3380 0.259634888438
3387 0.261663286004
3391 0.26369168357
3413 0.265720081136
3420 0.267748478702
3434 0.269776876268
3441 0.271805273834
3449 0.2738336714
3457 0.275862068966
3473 0.277890466531
3516 0.279918864097
3520 0.281947261663
3524 0.283975659229
3531 0.286004056795
3534 0.288032454361
3572 0.290060851927
3583 0.292089249493
3601 0.294117647059
3612 0.296146044625
3633 0.298174442191
3634 0.300202839757
3644 0.302231237323
3649 0.304259634888
3672 0.306288032454
3679 0.30831643002
3684 0.310344827586
3687 0.312373225152
3701 0.314401622718
3704 0.316430020284
3709 0.31845841785
3714 0.320486815416
3720 0.322515212982
3726 0.324543610548
3731 0.326572008114
3732 0.32860040568
3751 0.330628803245
3754 0.334685598377
3754 0.334685598377
3769 0.336713995943
3775 0.338742393509
3794 0.340770791075
3795 0.342799188641
3802 0.344827586207
3823 0.346855983773
3824 0.350912778905
3824 0.350912778905
3852 0.352941176471
3874 0.354969574037
3886 0.356997971602
3888 0.359026369168
3897 0.361054766734
3900 0.3630831643
3909 0.365111561866
3977 0.367139959432
3989 0.369168356998
4002 0.371196754564
4014 0.37322515213
4038 0.375253549696
4069 0.377281947262
4072 0.379310344828
4074 0.381338742394
4077 0.383367139959
4082 0.385395537525
4086 0.387423935091
4101 0.389452332657
4105 0.391480730223
4108 0.393509127789
4120 0.395537525355
4128 0.397565922921
4135 0.399594320487
4159 0.401622718053
4161 0.403651115619
4171 0.405679513185
4218 0.407707910751
4221 0.409736308316
4224 0.411764705882
4226 0.413793103448
4234 0.415821501014
4238 0.41784989858
4244 0.419878296146
4245 0.421906693712
4263 0.423935091278
4272 0.425963488844
4294 0.42799188641
4308 0.430020283976
4320 0.432048681542
4322 0.434077079108
4338 0.436105476673
4378 0.438133874239
4405 0.440162271805
4410 0.442190669371
4417 0.444219066937
4425 0.446247464503
4438 0.448275862069
4445 0.450304259635
4465 0.452332657201
4469 0.454361054767
4484 0.456389452333
4497 0.458417849899
4512 0.460446247465
4514 0.46247464503
4584 0.464503042596
4585 0.466531440162
4612 0.468559837728
4627 0.470588235294
4634 0.47261663286
4659 0.474645030426
4669 0.478701825558
4669 0.478701825558
4693 0.480730223124
4716 0.48275862069
4719 0.484787018256
4720 0.486815415822
4723 0.488843813387
4725 0.490872210953
4730 0.492900608519
4739 0.494929006085
4745 0.496957403651
4803 0.498985801217
4820 0.501014198783
4844 0.503042596349
4848 0.505070993915
4851 0.507099391481
4854 0.509127789047
4857 0.511156186613
4887 0.513184584178
4890 0.515212981744
4902 0.51724137931
4918 0.519269776876
4951 0.521298174442
4958 0.523326572008
4962 0.525354969574
4964 0.52738336714
4972 0.529411764706
4986 0.531440162272
5000 0.533468559838
5028 0.535496957404
5037 0.53752535497
5053 0.539553752535
5069 0.541582150101
5094 0.543610547667
5104 0.545638945233
5114 0.547667342799
5124 0.549695740365
5160 0.551724137931
5164 0.553752535497
5177 0.555780933063
5221 0.557809330629
5247 0.559837728195
5278 0.561866125761
5280 0.563894523327
5331 0.565922920892
5384 0.567951318458
5393 0.569979716024
5395 0.57200811359
5400 0.574036511156
5410 0.576064908722
5416 0.578093306288
5434 0.580121703854
5445 0.58215010142
5447 0.584178498986
5499 0.586206896552
5515 0.588235294118
5541 0.590263691684
5552 0.592292089249
5565 0.594320486815
5566 0.596348884381
5582 0.598377281947
5590 0.600405679513
5595 0.604462474645
5595 0.604462474645
5620 0.606490872211
5650 0.608519269777
5657 0.610547667343
5663 0.612576064909
5665 0.614604462475
5684 0.616632860041
5687 0.618661257606
5694 0.620689655172
5701 0.622718052738
5741 0.624746450304
5742 0.628803245436
5742 0.628803245436
5752 0.630831643002
5761 0.632860040568
5776 0.634888438134
5803 0.6369168357
5828 0.638945233266
5832 0.640973630832
5840 0.643002028398
5842 0.645030425963
5844 0.647058823529
5871 0.649087221095
5890 0.651115618661
5905 0.653144016227
5915 0.655172413793
5999 0.657200811359
6009 0.659229208925
6016 0.661257606491
6033 0.663286004057
6044 0.665314401623
6045 0.667342799189
6049 0.669371196755
6051 0.67139959432
6083 0.673427991886
6093 0.675456389452
6133 0.677484787018
6139 0.679513184584
6160 0.68154158215
6166 0.683569979716
6197 0.685598377282
6198 0.687626774848
6200 0.689655172414
6201 0.69168356998
6231 0.693711967546
6247 0.695740365112
6265 0.697768762677
6282 0.699797160243
6293 0.701825557809
6356 0.703853955375
6390 0.705882352941
6403 0.707910750507
6404 0.709939148073
6415 0.711967545639
6433 0.713995943205
6464 0.716024340771
6478 0.718052738337
6482 0.720081135903
6557 0.724137931034
6557 0.724137931034
6563 0.7261663286
6576 0.728194726166
6606 0.730223123732
6630 0.732251521298
6636 0.734279918864
6638 0.73630831643
6701 0.738336713996
6714 0.740365111562
6753 0.742393509128
6757 0.744421906694
6772 0.74645030426
6795 0.748478701826
6824 0.750507099391
6832 0.752535496957
6836 0.754563894523
6839 0.756592292089
6868 0.758620689655
6880 0.760649087221
6924 0.762677484787
7016 0.764705882353
7046 0.766734279919
7062 0.768762677485
7084 0.770791075051
7095 0.772819472617
7100 0.774847870183
7106 0.776876267748
7143 0.778904665314
7229 0.78093306288
7239 0.782961460446
7251 0.784989858012
7407 0.787018255578
7431 0.789046653144
7512 0.79107505071
7523 0.795131845842
7523 0.795131845842
7580 0.797160243408
7631 0.799188640974
7638 0.80121703854
7688 0.803245436105
7725 0.805273833671
7746 0.807302231237
7852 0.809330628803
7873 0.813387423935
7873 0.813387423935
7943 0.815415821501
8013 0.817444219067
8083 0.819472616633
8139 0.821501014199
8167 0.823529411765
8205 0.825557809331
8247 0.827586206897
8257 0.829614604462
8270 0.831643002028
8291 0.833671399594
8303 0.83569979716
8337 0.837728194726
8434 0.839756592292
8456 0.841784989858
8536 0.843813387424
8540 0.84584178499
8550 0.847870182556
8661 0.849898580122
8710 0.851926977688
8720 0.853955375254
8814 0.855983772819
8894 0.858012170385
8914 0.860040567951
8977 0.862068965517
9080 0.864097363083
9109 0.866125760649
9149 0.868154158215
9159 0.870182555781
9190 0.872210953347
9236 0.874239350913
9243 0.876267748479
9314 0.878296146045
9369 0.880324543611
9488 0.882352941176
9549 0.884381338742
9556 0.886409736308
9625 0.888438133874
9830 0.89046653144
9886 0.892494929006
9902 0.894523326572
9926 0.896551724138
9929 0.898580121704
9933 0.90060851927
9967 0.902636916836
9975 0.904665314402
10129 0.906693711968
10156 0.908722109533
10165 0.910750507099
10200 0.912778904665
10299 0.914807302231
10359 0.916835699797
10475 0.918864097363
10674 0.920892494929
10815 0.922920892495
10942 0.924949290061
11083 0.926977687627
11122 0.929006085193
11243 0.931034482759
11256 0.933062880325
11292 0.93509127789
11393 0.937119675456
11507 0.939148073022
11566 0.941176470588
11667 0.943204868154
11757 0.94523326572
11813 0.947261663286
12250 0.949290060852
12441 0.951318458418
12454 0.953346855984
12477 0.95537525355
12518 0.957403651116
12590 0.959432048682
12792 0.961460446247
13035 0.963488843813
13038 0.965517241379
13929 0.967545638945
13966 0.969574036511
14273 0.971602434077
14451 0.973630831643
14560 0.975659229209
14718 0.977687626775
14906 0.979716024341
15164 0.981744421907
15756 0.983772819473
15968 0.985801217039
16135 0.987829614604
16357 0.98985801217
17321 0.991886409736
18279 0.993914807302
19591 0.995943204868
21175 0.997971602434
41255 1.0
