35 0.00540540540541
879 0.0108108108108
1177 0.0162162162162
1181 0.0216216216216
1432 0.027027027027
1686 0.0324324324324
1730 0.0378378378378
1733 0.0432432432432
1978 0.0486486486486
2487 0.0540540540541
2584 0.0594594594595
2602 0.0648648648649
2612 0.0702702702703
2620 0.0756756756757
2635 0.0810810810811
2708 0.0864864864865
2760 0.0918918918919
2824 0.0972972972973
2826 0.102702702703
2838 0.108108108108
2854 0.113513513514
2856 0.118918918919
2871 0.124324324324
3036 0.12972972973
3038 0.135135135135
3108 0.140540540541
3433 0.145945945946
3438 0.151351351351
3703 0.156756756757
3711 0.162162162162
3746 0.167567567568
3753 0.172972972973
3782 0.178378378378
3787 0.183783783784
3969 0.189189189189
4030 0.194594594595
4082 0.2
4108 0.205405405405
4162 0.210810810811
4189 0.216216216216
4216 0.221621621622
4256 0.227027027027
4303 0.232432432432
4328 0.237837837838
4344 0.243243243243
4363 0.248648648649
4421 0.254054054054
4462 0.259459459459
4525 0.264864864865
4587 0.27027027027
4656 0.275675675676
4679 0.281081081081
4804 0.286486486486
4824 0.291891891892
4857 0.297297297297
4867 0.302702702703
4881 0.308108108108
4888 0.313513513514
4911 0.318918918919
4951 0.324324324324
4978 0.32972972973
4980 0.335135135135
5055 0.340540540541
5072 0.345945945946
5084 0.351351351351
5095 0.356756756757
5100 0.362162162162
5155 0.367567567568
5160 0.372972972973
5171 0.378378378378
5187 0.383783783784
5189 0.389189189189
5200 0.394594594595
5211 0.4
5212 0.410810810811
5212 0.410810810811
5245 0.416216216216
5258 0.421621621622
5281 0.427027027027
5423 0.432432432432
5454 0.437837837838
5455 0.443243243243
5467 0.448648648649
5471 0.454054054054
5478 0.459459459459
5600 0.464864864865
5612 0.47027027027
5665 0.475675675676
5741 0.481081081081
5744 0.486486486486
5808 0.491891891892
5831 0.497297297297
5869 0.502702702703
5881 0.508108108108
5910 0.513513513514
5913 0.518918918919
5915 0.524324324324
5954 0.52972972973
5990 0.535135135135
6015 0.540540540541
6024 0.545945945946
6044 0.551351351351
6086 0.556756756757
6150 0.562162162162
6154 0.567567567568
6199 0.572972972973
6262 0.578378378378
6339 0.583783783784
6360 0.589189189189
6519 0.6
6519 0.6
6542 0.605405405405
6567 0.610810810811
6576 0.616216216216
6653 0.621621621622
6700 0.627027027027
6713 0.632432432432
6768 0.637837837838
6769 0.643243243243
6905 0.648648648649
6908 0.654054054054
6923 0.659459459459
6927 0.664864864865
6947 0.67027027027
6990 0.675675675676
7075 0.681081081081
7077 0.686486486486
7085 0.691891891892
7139 0.697297297297
7179 0.702702702703
7231 0.708108108108
7271 0.713513513514
7374 0.718918918919
7417 0.724324324324
7452 0.72972972973
7518 0.735135135135
7519 0.740540540541
7521 0.745945945946
7527 0.751351351351
7551 0.756756756757
7603 0.762162162162
7653 0.767567567568
7827 0.772972972973
7875 0.778378378378
7899 0.783783783784
7910 0.789189189189
8010 0.794594594595
8109 0.8
8148 0.805405405405
8161 0.810810810811
8165 0.816216216216
8217 0.821621621622
8334 0.827027027027
8359 0.832432432432
8406 0.837837837838
8416 0.843243243243
8418 0.848648648649
8462 0.854054054054
8477 0.859459459459
8513 0.864864864865
8648 0.87027027027
8735 0.875675675676
8784 0.881081081081
8810 0.886486486486
8815 0.891891891892
8925 0.897297297297
8934 0.902702702703
9118 0.908108108108
9179 0.913513513514
9784 0.918918918919
10449 0.924324324324
10689 0.92972972973
10760 0.935135135135
11131 0.940540540541
12070 0.945945945946
12308 0.951351351351
13520 0.956756756757
13867 0.962162162162
14448 0.967567567568
15912 0.972972972973
16625 0.978378378378
16939 0.983783783784
18488 0.989189189189
20606 0.994594594595
23566 1.0
