1289 0.00632911392405
1317 0.0126582278481
1933 0.0189873417722
2194 0.0253164556962
2205 0.0316455696203
2253 0.0379746835443
2278 0.0443037974684
2821 0.0506329113924
2967 0.0569620253165
2976 0.0632911392405
3139 0.0696202531646
3161 0.0759493670886
3168 0.0822784810127
3197 0.0886075949367
3201 0.0949367088608
3240 0.101265822785
3318 0.107594936709
3459 0.113924050633
3501 0.120253164557
3697 0.126582278481
3908 0.132911392405
4140 0.139240506329
4200 0.145569620253
4238 0.151898734177
4285 0.158227848101
4438 0.164556962025
4450 0.170886075949
4490 0.177215189873
4496 0.183544303797
4509 0.189873417722
4730 0.196202531646
4798 0.20253164557
4931 0.208860759494
4963 0.215189873418
5042 0.221518987342
5081 0.227848101266
5233 0.23417721519
5281 0.240506329114
5327 0.246835443038
5357 0.253164556962
5372 0.259493670886
5391 0.26582278481
5394 0.272151898734
5422 0.278481012658
5446 0.284810126582
5458 0.291139240506
5468 0.29746835443
5586 0.303797468354
5590 0.310126582278
5601 0.316455696203
5623 0.322784810127
5651 0.329113924051
5652 0.335443037975
5673 0.341772151899
5716 0.348101265823
5805 0.354430379747
5826 0.367088607595
5826 0.367088607595
5871 0.373417721519
5878 0.379746835443
5906 0.386075949367
5932 0.392405063291
5971 0.398734177215
6021 0.405063291139
6086 0.411392405063
6126 0.417721518987
6188 0.424050632911
6273 0.430379746835
6278 0.436708860759
6316 0.443037974684
6361 0.449367088608
6450 0.455696202532
6461 0.462025316456
6637 0.46835443038
6653 0.474683544304
6688 0.481012658228
6699 0.487341772152
6714 0.493670886076
6721 0.5
6791 0.506329113924
6795 0.512658227848
6803 0.518987341772
6834 0.525316455696
6896 0.53164556962
6993 0.537974683544
7012 0.544303797468
7082 0.550632911392
7085 0.556962025316
7086 0.563291139241
7184 0.569620253165
7236 0.575949367089
7282 0.582278481013
7345 0.588607594937
7383 0.594936708861
7513 0.601265822785
7546 0.607594936709
7646 0.613924050633
7745 0.620253164557
7750 0.626582278481
7834 0.632911392405
7851 0.639240506329
7884 0.645569620253
8052 0.651898734177
8112 0.658227848101
8206 0.664556962025
8217 0.670886075949
8265 0.677215189873
8478 0.683544303797
8498 0.689873417722
8514 0.696202531646
8582 0.70253164557
8586 0.708860759494
8618 0.715189873418
8784 0.721518987342
8858 0.727848101266
8925 0.73417721519
8932 0.740506329114
8941 0.746835443038
8964 0.753164556962
9340 0.76582278481
9340 0.76582278481
9397 0.772151898734
9402 0.778481012658
9469 0.784810126582
9503 0.791139240506
9523 0.79746835443
9557 0.803797468354
9816 0.810126582278
9836 0.816455696203
9931 0.822784810127
9985 0.829113924051
10038 0.835443037975
10064 0.841772151899
10292 0.848101265823
10519 0.854430379747
11164 0.860759493671
11244 0.867088607595
12037 0.879746835443
12037 0.879746835443
12082 0.886075949367
12114 0.892405063291
12238 0.898734177215
12320 0.905063291139
12729 0.911392405063
12942 0.917721518987
13033 0.924050632911
13112 0.930379746835
13279 0.936708860759
13782 0.943037974684
13925 0.949367088608
15125 0.955696202532
15642 0.962025316456
16238 0.96835443038
17191 0.974683544304
18899 0.981012658228
20398 0.987341772152
21059 0.993670886076
23552 1.0
