29 0.00403225806452
906 0.00806451612903
1226 0.0120967741935
1278 0.0161290322581
1467 0.0201612903226
1481 0.0241935483871
1848 0.0282258064516
2000 0.0322580645161
2432 0.0362903225806
2695 0.0403225806452
2803 0.0443548387097
2994 0.0483870967742
3007 0.0524193548387
3011 0.0564516129032
3148 0.0604838709677
3215 0.0645161290323
3405 0.0685483870968
3458 0.0725806451613
3718 0.0766129032258
4010 0.0806451612903
4075 0.0846774193548
4308 0.0887096774194
4325 0.0927419354839
4377 0.0967741935484
4442 0.100806451613
4457 0.104838709677
4658 0.108870967742
4801 0.112903225806
4914 0.116935483871
5082 0.120967741935
5099 0.125
5126 0.129032258065
5250 0.133064516129
5257 0.137096774194
5277 0.141129032258
5340 0.145161290323
5364 0.149193548387
5512 0.153225806452
5593 0.157258064516
5632 0.161290322581
5709 0.165322580645
5721 0.16935483871
5990 0.173387096774
6080 0.177419354839
6221 0.181451612903
6224 0.185483870968
6236 0.189516129032
6242 0.193548387097
6247 0.197580645161
6313 0.201612903226
6341 0.20564516129
6420 0.209677419355
6497 0.213709677419
6528 0.217741935484
6558 0.221774193548
6605 0.225806451613
6668 0.229838709677
6691 0.233870967742
6779 0.237903225806
6974 0.241935483871
7053 0.245967741935
7057 0.25
7097 0.254032258065
7152 0.258064516129
7262 0.262096774194
7269 0.266129032258
7282 0.270161290323
7305 0.274193548387
7384 0.278225806452
7468 0.282258064516
7529 0.286290322581
7546 0.290322580645
7628 0.29435483871
7631 0.298387096774
7639 0.302419354839
7721 0.306451612903
7837 0.310483870968
7893 0.314516129032
7895 0.318548387097
7958 0.322580645161
7984 0.326612903226
8124 0.33064516129
8151 0.334677419355
8177 0.338709677419
8187 0.342741935484
8286 0.346774193548
8292 0.350806451613
8346 0.354838709677
8407 0.358870967742
8436 0.362903225806
8458 0.366935483871
8611 0.370967741935
8648 0.375
8719 0.379032258065
8756 0.383064516129
8857 0.387096774194
8905 0.391129032258
9055 0.395161290323
9092 0.399193548387
9343 0.403225806452
9379 0.407258064516
9506 0.411290322581
9579 0.415322580645
9590 0.41935483871
9706 0.423387096774
9798 0.427419354839
9842 0.431451612903
9853 0.435483870968
9948 0.439516129032
9988 0.443548387097
9995 0.447580645161
10090 0.451612903226
10158 0.45564516129
10229 0.459677419355
10422 0.463709677419
10472 0.467741935484
10488 0.471774193548
10514 0.475806451613
10622 0.479838709677
10634 0.483870967742
10710 0.487903225806
10735 0.491935483871
10737 0.495967741935
10770 0.5
10804 0.504032258065
10808 0.508064516129
10836 0.512096774194
10887 0.516129032258
11533 0.520161290323
11728 0.524193548387
11755 0.528225806452
11789 0.532258064516
11838 0.536290322581
11912 0.540322580645
11958 0.54435483871
12161 0.548387096774
12165 0.552419354839
12310 0.556451612903
12545 0.560483870968
12579 0.564516129032
12650 0.568548387097
12756 0.572580645161
12778 0.576612903226
12791 0.58064516129
12844 0.584677419355
13031 0.588709677419
13050 0.592741935484
13171 0.596774193548
13205 0.600806451613
13249 0.604838709677
13283 0.608870967742
13432 0.612903225806
13435 0.616935483871
13604 0.620967741935
13654 0.625
13686 0.629032258065
13704 0.633064516129
13721 0.637096774194
13726 0.641129032258
13755 0.645161290323
13762 0.649193548387
13883 0.653225806452
13903 0.657258064516
13961 0.661290322581
14023 0.665322580645
14045 0.66935483871
14110 0.673387096774
14351 0.677419354839
14439 0.681451612903
14600 0.685483870968
14629 0.689516129032
14724 0.693548387097
14970 0.697580645161
14972 0.701612903226
15051 0.70564516129
15229 0.709677419355
15494 0.713709677419
15541 0.717741935484
15988 0.721774193548
16176 0.725806451613
16217 0.729838709677
16666 0.733870967742
16704 0.737903225806
16807 0.741935483871
16903 0.745967741935
16930 0.75
17087 0.754032258065
17107 0.758064516129
17144 0.762096774194
17216 0.766129032258
17414 0.770161290323
17479 0.774193548387
17857 0.778225806452
17971 0.782258064516
18070 0.786290322581
18124 0.790322580645
18222 0.79435483871
18320 0.798387096774
18323 0.802419354839
18492 0.806451612903
18625 0.810483870968
18763 0.814516129032
18871 0.818548387097
18968 0.822580645161
19142 0.826612903226
19225 0.83064516129
19275 0.834677419355
19831 0.838709677419
19849 0.842741935484
19998 0.846774193548
20062 0.850806451613
20121 0.854838709677
20194 0.858870967742
20345 0.862903225806
21067 0.866935483871
21107 0.870967741935
21398 0.875
21441 0.879032258065
21537 0.883064516129
22210 0.887096774194
22236 0.891129032258
22537 0.895161290323
23535 0.899193548387
23868 0.903225806452
23936 0.907258064516
23960 0.911290322581
25342 0.915322580645
25599 0.91935483871
25688 0.923387096774
26024 0.927419354839
27025 0.931451612903
27214 0.935483870968
28401 0.939516129032
29749 0.943548387097
30639 0.947580645161
31440 0.951612903226
36239 0.95564516129
36774 0.959677419355
38105 0.963709677419
39068 0.967741935484
40819 0.971774193548
43364 0.975806451613
43500 0.979838709677
44261 0.983870967742
45897 0.987903225806
50905 0.991935483871
53069 0.995967741935
86081 1.0
