33 0.0020325203252
405 0.00406504065041
570 0.00609756097561
1778 0.00813008130081
1989 0.010162601626
2268 0.0121951219512
2384 0.0142276422764
2640 0.0162601626016
2740 0.0182926829268
3061 0.020325203252
3677 0.0223577235772
3754 0.0243902439024
3945 0.0264227642276
3989 0.0284552845528
4110 0.030487804878
4658 0.0325203252033
4767 0.0345528455285
4983 0.0365853658537
5722 0.0386178861789
5888 0.0406504065041
5937 0.0426829268293
6124 0.0447154471545
6244 0.0467479674797
6590 0.0487804878049
6812 0.0508130081301
6873 0.0528455284553
7025 0.0548780487805
7591 0.0569105691057
7753 0.0589430894309
7788 0.0609756097561
7849 0.0630081300813
8623 0.0650406504065
8804 0.0670731707317
9026 0.0691056910569
9408 0.0711382113821
9433 0.0731707317073
9616 0.0752032520325
9913 0.0772357723577
10092 0.0792682926829
10517 0.0813008130081
10768 0.0833333333333
11101 0.0853658536585
11114 0.0873983739837
11153 0.0894308943089
11242 0.0914634146341
11393 0.0934959349593
11835 0.0955284552846
11972 0.0975609756098
12252 0.099593495935
12514 0.10162601626
12944 0.103658536585
13003 0.105691056911
13004 0.107723577236
13051 0.109756097561
13159 0.111788617886
13214 0.113821138211
13311 0.115853658537
13599 0.117886178862
13783 0.119918699187
14031 0.121951219512
14092 0.123983739837
14105 0.126016260163
15098 0.128048780488
15370 0.130081300813
15520 0.132113821138
15801 0.134146341463
16203 0.136178861789
16503 0.138211382114
16614 0.140243902439
16807 0.142276422764
16876 0.144308943089
17957 0.146341463415
18106 0.14837398374
18394 0.150406504065
18788 0.15243902439
18859 0.154471544715
18924 0.156504065041
18933 0.158536585366
19044 0.160569105691
19274 0.162601626016
19962 0.164634146341
20313 0.166666666667
20611 0.168699186992
20622 0.170731707317
20684 0.172764227642
20685 0.174796747967
20958 0.176829268293
21526 0.178861788618
21560 0.180894308943
21794 0.182926829268
21915 0.184959349593
22081 0.186991869919
22427 0.189024390244
22511 0.191056910569
22608 0.193089430894
22823 0.19512195122
22826 0.197154471545
22877 0.19918699187
23002 0.201219512195
23906 0.20325203252
24148 0.205284552846
24321 0.207317073171
24413 0.209349593496
24785 0.211382113821
25305 0.213414634146
25366 0.215447154472
25479 0.217479674797
25530 0.219512195122
25568 0.221544715447
25609 0.223577235772
25812 0.225609756098
26422 0.227642276423
26471 0.229674796748
26517 0.231707317073
26713 0.233739837398
26730 0.235772357724
26791 0.237804878049
26826 0.239837398374
27188 0.241869918699
28073 0.243902439024
28316 0.24593495935
29038 0.247967479675
29060 0.25
29163 0.252032520325
29209 0.25406504065
29725 0.256097560976
29770 0.258130081301
30010 0.260162601626
30296 0.262195121951
30490 0.264227642276
30645 0.266260162602
30730 0.268292682927
31056 0.270325203252
31201 0.272357723577
31262 0.274390243902
31518 0.276422764228
31746 0.278455284553
31752 0.280487804878
31766 0.282520325203
31895 0.284552845528
31924 0.286585365854
32010 0.288617886179
32328 0.290650406504
32425 0.292682926829
32663 0.294715447154
32801 0.29674796748
33104 0.298780487805
33242 0.30081300813
33648 0.302845528455
33751 0.30487804878
33890 0.306910569106
33960 0.308943089431
34832 0.310975609756
35132 0.313008130081
35191 0.315040650407
35259 0.317073170732
35344 0.319105691057
36152 0.321138211382
36187 0.323170731707
36197 0.325203252033
36290 0.327235772358
36382 0.329268292683
36428 0.331300813008
36535 0.333333333333
36631 0.335365853659
36673 0.337398373984
36709 0.339430894309
36802 0.341463414634
37313 0.343495934959
37482 0.345528455285
37557 0.34756097561
38427 0.349593495935
38796 0.35162601626
38842 0.353658536585
39124 0.355691056911
39227 0.357723577236
39250 0.359756097561
39340 0.361788617886
40427 0.363821138211
40474 0.365853658537
40506 0.367886178862
40529 0.369918699187
40782 0.371951219512
40845 0.373983739837
40942 0.376016260163
41105 0.378048780488
41141 0.380081300813
41217 0.382113821138
41342 0.384146341463
41864 0.386178861789
41889 0.388211382114
41946 0.390243902439
42380 0.392276422764
42498 0.394308943089
42572 0.396341463415
42613 0.39837398374
42928 0.400406504065
43103 0.40243902439
43183 0.404471544715
43285 0.406504065041
43387 0.408536585366
43876 0.410569105691
44634 0.412601626016
44749 0.414634146341
45373 0.416666666667
45389 0.418699186992
45421 0.420731707317
45493 0.422764227642
45649 0.424796747967
45685 0.426829268293
45900 0.428861788618
45925 0.430894308943
46171 0.432926829268
46438 0.434959349593
46842 0.436991869919
46951 0.439024390244
47247 0.441056910569
48040 0.443089430894
48798 0.44512195122
48905 0.447154471545
49036 0.44918699187
49474 0.451219512195
49535 0.45325203252
49660 0.455284552846
49694 0.457317073171
49746 0.459349593496
50175 0.461382113821
50185 0.463414634146
50288 0.465447154472
50309 0.467479674797
50326 0.469512195122
50372 0.471544715447
50927 0.473577235772
50980 0.475609756098
50989 0.477642276423
51103 0.479674796748
51395 0.481707317073
51434 0.483739837398
51797 0.485772357724
51994 0.487804878049
52096 0.489837398374
52601 0.491869918699
52849 0.493902439024
52929 0.49593495935
53091 0.497967479675
53138 0.5
53559 0.502032520325
53762 0.50406504065
54094 0.506097560976
54198 0.508130081301
54843 0.510162601626
54869 0.512195121951
54971 0.514227642276
55425 0.516260162602
55431 0.518292682927
55578 0.520325203252
55638 0.522357723577
55971 0.524390243902
56347 0.526422764228
56400 0.528455284553
56727 0.530487804878
56852 0.532520325203
57049 0.534552845528
57110 0.536585365854
57687 0.538617886179
57704 0.540650406504
57913 0.542682926829
57918 0.544715447154
58374 0.54674796748
58615 0.548780487805
58642 0.55081300813
58861 0.552845528455
59068 0.55487804878
59351 0.556910569106
59355 0.558943089431
60098 0.560975609756
60184 0.563008130081
60202 0.565040650407
60294 0.567073170732
60976 0.569105691057
61385 0.571138211382
61807 0.573170731707
62342 0.575203252033
62433 0.577235772358
62786 0.579268292683
62883 0.581300813008
63139 0.583333333333
63160 0.585365853659
63372 0.587398373984
63942 0.589430894309
64120 0.591463414634
64192 0.593495934959
64354 0.595528455285
64580 0.59756097561
64796 0.599593495935
64845 0.60162601626
64946 0.603658536585
64950 0.605691056911
65457 0.607723577236
65897 0.609756097561
65970 0.611788617886
66043 0.613821138211
66471 0.615853658537
66588 0.617886178862
66918 0.619918699187
67248 0.621951219512
67595 0.623983739837
67845 0.626016260163
68061 0.628048780488
68154 0.630081300813
68376 0.632113821138
68558 0.634146341463
68759 0.636178861789
69004 0.638211382114
69181 0.640243902439
69312 0.642276422764
69314 0.644308943089
69545 0.646341463415
69795 0.64837398374
70582 0.650406504065
70682 0.65243902439
70738 0.654471544715
70794 0.656504065041
71324 0.658536585366
71941 0.660569105691
72379 0.662601626016
72684 0.664634146341
73088 0.666666666667
73111 0.668699186992
73318 0.670731707317
73835 0.672764227642
74862 0.674796747967
75512 0.676829268293
75514 0.678861788618
75643 0.680894308943
76050 0.682926829268
76596 0.684959349593
76967 0.686991869919
77019 0.689024390244
77335 0.691056910569
77852 0.693089430894
78073 0.69512195122
78206 0.697154471545
78216 0.69918699187
78241 0.701219512195
79548 0.70325203252
80161 0.705284552846
80343 0.707317073171
81679 0.709349593496
81710 0.711382113821
81950 0.713414634146
82392 0.715447154472
82570 0.717479674797
82934 0.719512195122
83051 0.721544715447
83177 0.723577235772
83233 0.725609756098
84056 0.727642276423
84773 0.729674796748
84966 0.731707317073
85045 0.733739837398
85752 0.735772357724
86017 0.737804878049
86082 0.739837398374
86696 0.741869918699
86867 0.743902439024
86875 0.74593495935
87088 0.747967479675
87468 0.75
87607 0.752032520325
87613 0.75406504065
87804 0.756097560976
87930 0.758130081301
88188 0.760162601626
88262 0.762195121951
89336 0.764227642276
89494 0.766260162602
89515 0.768292682927
90090 0.770325203252
91008 0.772357723577
91373 0.774390243902
91840 0.776422764228
92295 0.778455284553
92329 0.780487804878
92791 0.782520325203
93413 0.784552845528
94392 0.786585365854
94864 0.788617886179
95062 0.790650406504
95904 0.792682926829
96300 0.794715447154
96505 0.79674796748
96624 0.798780487805
96810 0.80081300813
97183 0.802845528455
98124 0.80487804878
98357 0.806910569106
98581 0.808943089431
100471 0.810975609756
100837 0.813008130081
101020 0.815040650407
101135 0.817073170732
101548 0.819105691057
102183 0.821138211382
102754 0.823170731707
103794 0.825203252033
104080 0.827235772358
104714 0.829268292683
104927 0.831300813008
104955 0.833333333333
105377 0.835365853659
105579 0.837398373984
105993 0.839430894309
106074 0.841463414634
106115 0.843495934959
106812 0.845528455285
107144 0.84756097561
107718 0.849593495935
108197 0.85162601626
108973 0.853658536585
109444 0.855691056911
109485 0.857723577236
110291 0.859756097561
110909 0.861788617886
111589 0.863821138211
111816 0.865853658537
112027 0.867886178862
112472 0.869918699187
112541 0.871951219512
112899 0.873983739837
113245 0.876016260163
113919 0.878048780488
115027 0.880081300813
116187 0.882113821138
116549 0.884146341463
116901 0.886178861789
117302 0.888211382114
117477 0.890243902439
118014 0.892276422764
122860 0.894308943089
123068 0.896341463415
123993 0.89837398374
124762 0.900406504065
125234 0.90243902439
127506 0.904471544715
127626 0.906504065041
130642 0.908536585366
131095 0.910569105691
136207 0.912601626016
136956 0.914634146341
140835 0.916666666667
143902 0.918699186992
146403 0.920731707317
146490 0.922764227642
147458 0.924796747967
151831 0.926829268293
153733 0.928861788618
154066 0.930894308943
154392 0.932926829268
154452 0.934959349593
156145 0.936991869919
156682 0.939024390244
159013 0.941056910569
162273 0.943089430894
162631 0.94512195122
162746 0.947154471545
162834 0.94918699187
163058 0.951219512195
163458 0.95325203252
163851 0.955284552846
173196 0.957317073171
174415 0.959349593496
176344 0.961382113821
183682 0.963414634146
184272 0.965447154472
191153 0.967479674797
191483 0.969512195122
197227 0.971544715447
198780 0.973577235772
206919 0.975609756098
218149 0.977642276423
218293 0.979674796748
222970 0.981707317073
233826 0.983739837398
256425 0.985772357724
261820 0.987804878049
267114 0.989837398374
274814 0.991869918699
290794 0.993902439024
319460 0.99593495935
326505 0.997967479675
1165192 1.0
