919 0.00467289719626
1163 0.00934579439252
1227 0.0140186915888
1467 0.018691588785
1694 0.0233644859813
1744 0.0280373831776
1875 0.0327102803738
1988 0.0373831775701
2024 0.0420560747664
2030 0.0467289719626
2308 0.0514018691589
2575 0.0560747663551
2635 0.0607476635514
2636 0.0654205607477
2652 0.0700934579439
2718 0.0747663551402
2852 0.0794392523364
2860 0.0841121495327
2874 0.088785046729
2878 0.0934579439252
2884 0.0981308411215
2887 0.102803738318
2921 0.107476635514
2934 0.11214953271
3077 0.116822429907
3101 0.121495327103
3169 0.126168224299
3170 0.130841121495
3417 0.135514018692
3449 0.140186915888
3823 0.144859813084
3825 0.14953271028
3838 0.154205607477
3869 0.158878504673
3876 0.163551401869
3883 0.168224299065
3927 0.172897196262
3932 0.177570093458
3953 0.182242990654
3976 0.18691588785
3996 0.191588785047
4004 0.196261682243
4137 0.200934579439
4205 0.205607476636
4208 0.210280373832
4253 0.214953271028
4350 0.219626168224
4472 0.224299065421
4517 0.228971962617
4569 0.233644859813
4614 0.238317757009
4623 0.242990654206
4717 0.247663551402
4773 0.252336448598
4805 0.257009345794
4820 0.261682242991
4833 0.266355140187
4876 0.271028037383
4905 0.275700934579
4917 0.280373831776
4919 0.285046728972
5044 0.289719626168
5059 0.294392523364
5060 0.299065420561
5128 0.303738317757
5164 0.308411214953
5178 0.31308411215
5184 0.317757009346
5243 0.322429906542
5274 0.327102803738
5300 0.331775700935
5314 0.336448598131
5316 0.341121495327
5325 0.345794392523
5331 0.355140186916
5331 0.355140186916
5372 0.359813084112
5381 0.364485981308
5401 0.369158878505
5414 0.373831775701
5442 0.378504672897
5472 0.383177570093
5500 0.38785046729
5556 0.397196261682
5556 0.397196261682
5618 0.401869158879
5633 0.406542056075
5643 0.411214953271
5650 0.415887850467
5698 0.420560747664
5770 0.42523364486
5786 0.429906542056
5822 0.434579439252
5824 0.439252336449
5855 0.443925233645
5938 0.448598130841
5996 0.453271028037
6000 0.457943925234
6001 0.46261682243
6046 0.467289719626
6065 0.471962616822
6086 0.476635514019
6109 0.481308411215
6180 0.485981308411
6253 0.490654205607
6343 0.495327102804
6346 0.5
6554 0.504672897196
6559 0.509345794393
6601 0.514018691589
6634 0.518691588785
6638 0.523364485981
6768 0.528037383178
6796 0.532710280374
6814 0.53738317757
6815 0.542056074766
6921 0.546728971963
6980 0.551401869159
6988 0.556074766355
7095 0.560747663551
7098 0.565420560748
7197 0.570093457944
7222 0.57476635514
7249 0.579439252336
7269 0.584112149533
7439 0.588785046729
7534 0.593457943925
7715 0.598130841121
7785 0.602803738318
7978 0.607476635514
8013 0.61214953271
8028 0.616822429907
8074 0.621495327103
8085 0.626168224299
8112 0.630841121495
8181 0.635514018692
8359 0.640186915888
8373 0.644859813084
8401 0.64953271028
8410 0.654205607477
8440 0.658878504673
8455 0.663551401869
8467 0.668224299065
8494 0.672897196262
8580 0.677570093458
8628 0.682242990654
8689 0.68691588785
8713 0.691588785047
8735 0.696261682243
8844 0.700934579439
8847 0.705607476636
8857 0.710280373832
8918 0.714953271028
9011 0.719626168224
9068 0.724299065421
9143 0.728971962617
9159 0.733644859813
9235 0.738317757009
9243 0.742990654206
9270 0.747663551402
9274 0.752336448598
9324 0.757009345794
9458 0.761682242991
9497 0.766355140187
9513 0.771028037383
9659 0.775700934579
9721 0.780373831776
9791 0.785046728972
9874 0.789719626168
9886 0.794392523364
9962 0.799065420561
10053 0.803738317757
10149 0.808411214953
10359 0.81308411215
10374 0.817757009346
10469 0.822429906542
10815 0.827102803738
10852 0.831775700935
10974 0.836448598131
11422 0.841121495327
11430 0.845794392523
11479 0.85046728972
11564 0.855140186916
11649 0.859813084112
11769 0.864485981308
11793 0.869158878505
11869 0.878504672897
11869 0.878504672897
11900 0.883177570093
12085 0.88785046729
12300 0.892523364486
12307 0.897196261682
12364 0.901869158879
12474 0.906542056075
12701 0.911214953271
12795 0.915887850467
12962 0.920560747664
13075 0.92523364486
14203 0.929906542056
14765 0.934579439252
14831 0.939252336449
14976 0.943925233645
15065 0.948598130841
15174 0.953271028037
15383 0.957943925234
15602 0.96261682243
15798 0.967289719626
15856 0.971962616822
15866 0.976635514019
16474 0.981308411215
17145 0.985981308411
18397 0.990654205607
23421 0.995327102804
28246 1.0
