991 0.00662251655629
1284 0.0132450331126
1311 0.0198675496689
1617 0.0264900662252
1904 0.0331125827815
1906 0.0397350993377
2206 0.046357615894
2246 0.0529801324503
2379 0.0596026490066
2807 0.0662251655629
2914 0.0728476821192
2977 0.0794701986755
2985 0.0860927152318
2988 0.0927152317881
3127 0.0993377483444
3145 0.105960264901
3157 0.112582781457
3169 0.119205298013
3177 0.12582781457
3440 0.132450331126
3456 0.139072847682
3779 0.145695364238
3806 0.152317880795
3835 0.158940397351
3850 0.165562913907
4099 0.172185430464
4138 0.17880794702
4143 0.185430463576
4208 0.192052980132
4321 0.198675496689
4416 0.205298013245
4418 0.211920529801
4501 0.218543046358
4749 0.225165562914
4768 0.23178807947
4778 0.238410596026
4779 0.245033112583
4855 0.251655629139
4918 0.258278145695
4977 0.264900662252
5045 0.271523178808
5113 0.278145695364
5178 0.284768211921
5181 0.291390728477
5265 0.298013245033
5325 0.304635761589
5368 0.311258278146
5381 0.317880794702
5414 0.324503311258
5424 0.331125827815
5471 0.337748344371
5482 0.344370860927
5503 0.350993377483
5506 0.35761589404
5575 0.364238410596
5700 0.370860927152
5717 0.377483443709
5722 0.384105960265
5765 0.390728476821
5768 0.397350993377
5780 0.403973509934
5793 0.41059602649
5830 0.417218543046
5842 0.423841059603
5947 0.430463576159
6051 0.437086092715
6078 0.443708609272
6116 0.450331125828
6131 0.456953642384
6134 0.46357615894
6227 0.470198675497
6247 0.476821192053
6343 0.483443708609
6355 0.490066225166
6411 0.496688741722
6425 0.503311258278
6550 0.509933774834
6626 0.516556291391
6737 0.523178807947
6768 0.529801324503
6819 0.53642384106
6892 0.543046357616
7003 0.549668874172
7052 0.556291390728
7071 0.562913907285
7178 0.569536423841
7352 0.576158940397
7402 0.582781456954
7490 0.58940397351
7546 0.596026490066
7730 0.602649006623
7784 0.609271523179
7865 0.615894039735
7974 0.622516556291
8042 0.629139072848
8053 0.635761589404
8162 0.64238410596
8282 0.649006622517
8284 0.655629139073
8287 0.662251655629
8355 0.668874172185
8460 0.675496688742
8602 0.682119205298
8631 0.688741721854
8686 0.695364238411
8739 0.701986754967
8757 0.708609271523
8768 0.715231788079
8829 0.721854304636
8924 0.728476821192
8948 0.735099337748
9006 0.741721854305
9039 0.748344370861
9047 0.754966887417
9114 0.761589403974
9164 0.76821192053
9233 0.774834437086
9261 0.781456953642
9273 0.788079470199
9321 0.794701986755
9355 0.801324503311
9388 0.807947019868
9597 0.814569536424
9756 0.82119205298
9780 0.827814569536
9976 0.834437086093
10116 0.841059602649
10135 0.847682119205
10146 0.854304635762
10200 0.860927152318
10212 0.867549668874
10641 0.87417218543
10751 0.880794701987
10830 0.887417218543
10837 0.894039735099
11141 0.900662251656
11200 0.907284768212
11376 0.913907284768
11393 0.920529801325
11501 0.927152317881
11551 0.933774834437
11976 0.940397350993
12057 0.94701986755
12150 0.953642384106
13371 0.960264900662
13748 0.966887417219
14054 0.973509933775
15449 0.980132450331
17069 0.986754966887
17528 0.993377483444
23185 1.0
