28 0.0020202020202
577 0.0040404040404
687 0.00606060606061
752 0.00808080808081
891 0.010101010101
1030 0.0121212121212
1076 0.0141414141414
1153 0.0161616161616
1340 0.0181818181818
1364 0.020202020202
1613 0.0222222222222
1665 0.0242424242424
1666 0.0262626262626
1700 0.0282828282828
1722 0.030303030303
1744 0.0323232323232
1815 0.0343434343434
1838 0.0363636363636
1876 0.0383838383838
1895 0.040404040404
2036 0.0424242424242
2139 0.0444444444444
2269 0.0464646464646
2273 0.0484848484848
2314 0.0505050505051
2320 0.0525252525253
2343 0.0545454545455
2412 0.0565656565657
2449 0.0585858585859
2469 0.0606060606061
2489 0.0626262626263
2498 0.0646464646465
2518 0.0666666666667
2519 0.0686868686869
2541 0.0707070707071
2618 0.0727272727273
2641 0.0747474747475
2669 0.0767676767677
2670 0.0787878787879
2738 0.0808080808081
2743 0.0828282828283
2841 0.0848484848485
2882 0.0868686868687
2900 0.0888888888889
2912 0.0909090909091
2937 0.0929292929293
2963 0.0949494949495
2979 0.0969696969697
3004 0.0989898989899
3011 0.10101010101
3019 0.10303030303
3093 0.105050505051
3160 0.107070707071
3187 0.109090909091
3192 0.111111111111
3217 0.113131313131
3228 0.115151515152
3248 0.117171717172
3253 0.119191919192
3254 0.121212121212
3265 0.123232323232
3266 0.125252525253
3290 0.127272727273
3317 0.129292929293
3335 0.131313131313
3336 0.133333333333
3390 0.135353535354
3401 0.137373737374
3416 0.139393939394
3418 0.141414141414
3455 0.143434343434
3477 0.145454545455
3480 0.147474747475
3503 0.149494949495
3544 0.151515151515
3584 0.153535353535
3592 0.155555555556
3621 0.157575757576
3638 0.159595959596
3642 0.161616161616
3669 0.163636363636
3686 0.165656565657
3700 0.167676767677
3755 0.169696969697
3765 0.171717171717
3805 0.173737373737
3840 0.175757575758
3854 0.177777777778
3871 0.179797979798
3897 0.181818181818
3901 0.183838383838
3904 0.185858585859
3912 0.187878787879
3928 0.189898989899
3930 0.193939393939
3930 0.193939393939
3945 0.19595959596
3955 0.19797979798
3962 0.2
3968 0.20202020202
3976 0.20404040404
3984 0.206060606061
3986 0.208080808081
3991 0.210101010101
4023 0.212121212121
4057 0.216161616162
4057 0.216161616162
4077 0.218181818182
4128 0.224242424242
4128 0.224242424242
4128 0.224242424242
4144 0.226262626263
4152 0.228282828283
4160 0.230303030303
4187 0.232323232323
4204 0.234343434343
4206 0.236363636364
4211 0.238383838384
4258 0.240404040404
4259 0.242424242424
4267 0.244444444444
4273 0.248484848485
4273 0.248484848485
4319 0.250505050505
4324 0.252525252525
4334 0.254545454545
4352 0.256565656566
4389 0.258585858586
4423 0.260606060606
4432 0.262626262626
4449 0.264646464646
4456 0.266666666667
4458 0.268686868687
4477 0.270707070707
4482 0.272727272727
4516 0.274747474747
4527 0.276767676768
4546 0.278787878788
4563 0.280808080808
4567 0.282828282828
4579 0.284848484848
4603 0.286868686869
4604 0.288888888889
4636 0.290909090909
4647 0.292929292929
4682 0.294949494949
4739 0.29696969697
4765 0.29898989899
4792 0.30101010101
4797 0.30303030303
4799 0.305050505051
4821 0.307070707071
4841 0.309090909091
4862 0.311111111111
4864 0.313131313131
4894 0.315151515152
4899 0.317171717172
4900 0.319191919192
4950 0.321212121212
4957 0.323232323232
4971 0.325252525253
5015 0.327272727273
5033 0.329292929293
5043 0.331313131313
5045 0.333333333333
5077 0.335353535354
5079 0.337373737374
5112 0.339393939394
5128 0.341414141414
5144 0.343434343434
5152 0.345454545455
5155 0.347474747475
5192 0.349494949495
5202 0.351515151515
5216 0.353535353535
5233 0.355555555556
5249 0.357575757576
5349 0.359595959596
5361 0.361616161616
5367 0.363636363636
5373 0.365656565657
5388 0.367676767677
5389 0.369696969697
5402 0.371717171717
5450 0.373737373737
5469 0.375757575758
5473 0.377777777778
5492 0.379797979798
5496 0.381818181818
5530 0.383838383838
5531 0.385858585859
5533 0.387878787879
5536 0.389898989899
5538 0.391919191919
5550 0.393939393939
5558 0.39595959596
5564 0.39797979798
5567 0.4
5591 0.40202020202
5605 0.40404040404
5607 0.406060606061
5617 0.408080808081
5621 0.412121212121
5621 0.412121212121
5633 0.414141414141
5671 0.416161616162
5672 0.418181818182
5696 0.420202020202
5706 0.422222222222
5758 0.424242424242
5759 0.426262626263
5806 0.428282828283
5814 0.430303030303
5833 0.432323232323
5851 0.434343434343
5879 0.436363636364
5889 0.438383838384
5907 0.440404040404
5927 0.442424242424
5948 0.444444444444
5964 0.446464646465
5968 0.448484848485
5971 0.450505050505
5991 0.452525252525
5992 0.454545454545
6006 0.456565656566
6007 0.458585858586
6076 0.460606060606
6092 0.462626262626
6093 0.464646464646
6135 0.466666666667
6147 0.468686868687
6154 0.470707070707
6169 0.472727272727
6210 0.474747474747
6212 0.478787878788
6212 0.478787878788
6217 0.480808080808
6220 0.482828282828
6345 0.484848484848
6385 0.486868686869
6387 0.488888888889
6424 0.490909090909
6438 0.492929292929
6441 0.494949494949
6443 0.49696969697
6464 0.49898989899
6471 0.50101010101
6488 0.50303030303
6492 0.505050505051
6513 0.507070707071
6519 0.509090909091
6527 0.511111111111
6554 0.513131313131
6611 0.515151515152
6615 0.517171717172
6652 0.519191919192
6672 0.521212121212
6677 0.523232323232
6694 0.525252525253
6737 0.527272727273
6821 0.529292929293
6838 0.531313131313
6854 0.533333333333
6857 0.535353535354
6900 0.537373737374
6934 0.539393939394
6939 0.541414141414
6952 0.543434343434
7006 0.545454545455
7011 0.547474747475
7029 0.549494949495
7059 0.551515151515
7105 0.553535353535
7107 0.555555555556
7108 0.557575757576
7111 0.559595959596
7127 0.561616161616
7146 0.563636363636
7156 0.565656565657
7157 0.567676767677
7159 0.569696969697
7237 0.571717171717
7278 0.573737373737
7285 0.575757575758
7287 0.579797979798
7287 0.579797979798
7310 0.581818181818
7325 0.583838383838
7328 0.585858585859
7343 0.587878787879
7347 0.589898989899
7369 0.591919191919
7379 0.593939393939
7394 0.59595959596
7428 0.59797979798
7494 0.6
7500 0.60202020202
7538 0.60404040404
7551 0.606060606061
7629 0.608080808081
7648 0.610101010101
7670 0.612121212121
7681 0.614141414141
7702 0.616161616162
7705 0.618181818182
7712 0.620202020202
7733 0.622222222222
7734 0.624242424242
7736 0.626262626263
7751 0.628282828283
7753 0.630303030303
7782 0.632323232323
7784 0.634343434343
7822 0.636363636364
7856 0.638383838384
7860 0.640404040404
7874 0.642424242424
7929 0.644444444444
7938 0.646464646465
7959 0.648484848485
7975 0.650505050505
8017 0.652525252525
8039 0.654545454545
8053 0.656565656566
8178 0.658585858586
8179 0.660606060606
8203 0.664646464646
8203 0.664646464646
8216 0.666666666667
8236 0.668686868687
8241 0.670707070707
8285 0.672727272727
8301 0.674747474747
8308 0.676767676768
8333 0.678787878788
8344 0.680808080808
8347 0.682828282828
8383 0.684848484848
8411 0.686868686869
8418 0.688888888889
8430 0.690909090909
8465 0.692929292929
8467 0.694949494949
8500 0.69696969697
8544 0.69898989899
8545 0.70101010101
8564 0.70303030303
8594 0.705050505051
8635 0.707070707071
8706 0.709090909091
8711 0.711111111111
8714 0.713131313131
8718 0.715151515152
8725 0.717171717172
8890 0.719191919192
8892 0.721212121212
8894 0.723232323232
8945 0.725252525253
8964 0.727272727273
9078 0.729292929293
9083 0.731313131313
9093 0.733333333333
9110 0.735353535354
9126 0.737373737374
9145 0.739393939394
9195 0.741414141414
9203 0.743434343434
9259 0.745454545455
9266 0.747474747475
9315 0.749494949495
9338 0.751515151515
9342 0.753535353535
9414 0.755555555556
9435 0.757575757576
9492 0.759595959596
9493 0.761616161616
9514 0.763636363636
9581 0.765656565657
9588 0.767676767677
9691 0.769696969697
9736 0.771717171717
9757 0.773737373737
9765 0.775757575758
9768 0.777777777778
9805 0.779797979798
9853 0.781818181818
9856 0.783838383838
9934 0.785858585859
9935 0.787878787879
9986 0.789898989899
10007 0.791919191919
10052 0.793939393939
10064 0.79595959596
10100 0.79797979798
10149 0.8
10172 0.80202020202
10192 0.80404040404
10211 0.806060606061
10237 0.808080808081
10304 0.810101010101
10349 0.812121212121
10475 0.814141414141
10524 0.816161616162
10566 0.818181818182
10793 0.820202020202
10907 0.822222222222
10983 0.824242424242
11055 0.826262626263
11179 0.828282828283
11263 0.830303030303
11367 0.832323232323
11380 0.834343434343
11386 0.836363636364
11415 0.838383838384
11425 0.840404040404
11470 0.842424242424
11487 0.844444444444
11607 0.846464646465
11625 0.848484848485
11640 0.850505050505
11757 0.852525252525
11821 0.854545454545
11855 0.856565656566
11879 0.858585858586
11948 0.860606060606
11955 0.862626262626
11959 0.864646464646
12004 0.866666666667
12025 0.868686868687
12031 0.870707070707
12109 0.872727272727
12177 0.874747474747
12214 0.876767676768
12234 0.878787878788
12346 0.880808080808
12458 0.882828282828
12491 0.884848484848
12615 0.886868686869
12756 0.888888888889
12788 0.890909090909
12826 0.892929292929
12933 0.894949494949
12958 0.89696969697
12987 0.89898989899
13246 0.90101010101
13378 0.90303030303
13456 0.905050505051
13608 0.907070707071
13698 0.909090909091
13709 0.911111111111
13789 0.913131313131
13834 0.915151515152
13915 0.917171717172
14236 0.919191919192
14569 0.921212121212
14611 0.923232323232
14672 0.925252525253
14887 0.927272727273
14964 0.929292929293
15036 0.931313131313
15201 0.933333333333
15729 0.935353535354
15878 0.937373737374
15941 0.939393939394
16062 0.941414141414
16083 0.943434343434
16608 0.945454545455
16871 0.947474747475
16947 0.949494949495
17024 0.951515151515
17371 0.953535353535
17728 0.955555555556
17933 0.957575757576
18075 0.959595959596
18226 0.961616161616
18286 0.963636363636
18313 0.965656565657
18495 0.967676767677
18875 0.969696969697
19020 0.971717171717
19201 0.973737373737
19519 0.975757575758
19948 0.977777777778
21437 0.979797979798
21850 0.981818181818
22717 0.983838383838
23328 0.985858585859
23660 0.987878787879
24935 0.989898989899
27223 0.991919191919
28899 0.993939393939
30651 0.99595959596
33302 0.99797979798
36060 1.0
