29 0.00531914893617
1162 0.0106382978723
1206 0.0159574468085
1459 0.0212765957447
1721 0.0265957446809
1743 0.031914893617
1805 0.0372340425532
1981 0.0425531914894
2100 0.0478723404255
2245 0.0531914893617
2560 0.0585106382979
2629 0.063829787234
2630 0.0691489361702
2641 0.0744680851064
2740 0.0797872340426
2835 0.0851063829787
2848 0.0904255319149
2850 0.0957446808511
2857 0.101063829787
2869 0.106382978723
2871 0.11170212766
2880 0.117021276596
2886 0.122340425532
3003 0.127659574468
3322 0.132978723404
3429 0.13829787234
3563 0.143617021277
3691 0.148936170213
3725 0.154255319149
3753 0.159574468085
3760 0.164893617021
3771 0.170212765957
3803 0.175531914894
3929 0.18085106383
4008 0.186170212766
4035 0.191489361702
4043 0.196808510638
4068 0.202127659574
4109 0.207446808511
4217 0.212765957447
4220 0.218085106383
4248 0.223404255319
4299 0.228723404255
4369 0.234042553191
4402 0.239361702128
4457 0.244680851064
4474 0.25
4530 0.255319148936
4635 0.260638297872
4645 0.265957446809
4653 0.271276595745
4698 0.276595744681
4766 0.281914893617
4776 0.287234042553
4799 0.292553191489
4815 0.297872340426
4843 0.303191489362
4848 0.308510638298
4872 0.313829787234
4875 0.31914893617
4878 0.324468085106
4881 0.329787234043
4891 0.335106382979
4894 0.340425531915
4924 0.345744680851
4927 0.351063829787
4938 0.356382978723
4999 0.36170212766
5023 0.367021276596
5027 0.377659574468
5027 0.377659574468
5086 0.382978723404
5153 0.38829787234
5158 0.393617021277
5170 0.398936170213
5189 0.404255319149
5199 0.409574468085
5222 0.420212765957
5222 0.420212765957
5236 0.425531914894
5254 0.43085106383
5320 0.436170212766
5397 0.441489361702
5404 0.446808510638
5424 0.452127659574
5464 0.457446808511
5482 0.462765957447
5492 0.468085106383
5497 0.473404255319
5503 0.478723404255
5523 0.484042553191
5559 0.489361702128
5681 0.494680851064
5714 0.5
5718 0.505319148936
5814 0.510638297872
5825 0.515957446809
5897 0.521276595745
5962 0.526595744681
5976 0.531914893617
6030 0.537234042553
6046 0.542553191489
6088 0.547872340426
6110 0.553191489362
6139 0.558510638298
6200 0.563829787234
6217 0.56914893617
6314 0.574468085106
6337 0.579787234043
6451 0.585106382979
6459 0.590425531915
6589 0.601063829787
6589 0.601063829787
6625 0.606382978723
6651 0.61170212766
6760 0.617021276596
6795 0.622340425532
6833 0.627659574468
6904 0.632978723404
6949 0.63829787234
7000 0.643617021277
7018 0.648936170213
7088 0.654255319149
7185 0.659574468085
7213 0.664893617021
7215 0.670212765957
7234 0.675531914894
7356 0.68085106383
7371 0.686170212766
7399 0.691489361702
7439 0.696808510638
7482 0.702127659574
7593 0.707446808511
7597 0.712765957447
7632 0.718085106383
7686 0.723404255319
7832 0.728723404255
7880 0.734042553191
7935 0.739361702128
8044 0.744680851064
8105 0.75
8201 0.755319148936
8222 0.760638297872
8234 0.765957446809
8281 0.771276595745
8292 0.776595744681
8298 0.787234042553
8298 0.787234042553
8334 0.792553191489
8480 0.797872340426
8494 0.803191489362
8530 0.808510638298
8626 0.813829787234
8652 0.81914893617
8818 0.824468085106
8826 0.829787234043
8886 0.835106382979
8974 0.840425531915
9005 0.845744680851
9408 0.851063829787
9723 0.856382978723
9866 0.86170212766
9899 0.867021276596
10041 0.872340425532
10072 0.877659574468
10076 0.882978723404
10191 0.88829787234
10350 0.893617021277
10367 0.898936170213
10381 0.904255319149
10537 0.909574468085
10930 0.914893617021
10947 0.920212765957
11158 0.925531914894
11274 0.93085106383
11427 0.936170212766
11559 0.941489361702
11739 0.946808510638
11940 0.952127659574
11969 0.957446808511
12428 0.962765957447
12794 0.968085106383
12929 0.973404255319
13017 0.978723404255
14218 0.984042553191
15181 0.989361702128
15456 0.994680851064
20920 1.0
