29 0.00202839756592
469 0.00405679513185
592 0.00608519269777
748 0.00811359026369
856 0.0101419878296
890 0.0121703853955
953 0.0141987829615
989 0.0162271805274
1136 0.0182555780933
1322 0.0202839756592
1350 0.0223123732252
1371 0.0243407707911
1372 0.026369168357
1384 0.0283975659229
1386 0.0304259634888
1397 0.0344827586207
1397 0.0344827586207
1422 0.0365111561866
1432 0.0385395537525
1444 0.0405679513185
1521 0.0425963488844
1527 0.0446247464503
1588 0.0466531440162
1630 0.0486815415822
1663 0.0507099391481
1670 0.052738336714
1704 0.0547667342799
1715 0.0567951318458
1795 0.0588235294118
1818 0.0608519269777
1833 0.0628803245436
1847 0.0649087221095
1877 0.0669371196755
1962 0.0689655172414
1976 0.0709939148073
1985 0.0730223123732
1998 0.0750507099391
1999 0.0770791075051
2029 0.079107505071
2059 0.0811359026369
2075 0.0831643002028
2107 0.0851926977688
2116 0.0872210953347
2140 0.0892494929006
2155 0.0912778904665
2171 0.0933062880325
2216 0.0953346855984
2225 0.0973630831643
2230 0.0993914807302
2279 0.101419878296
2286 0.103448275862
2301 0.105476673428
2304 0.107505070994
2336 0.10953346856
2344 0.111561866126
2348 0.113590263692
2354 0.115618661258
2361 0.117647058824
2380 0.119675456389
2382 0.121703853955
2392 0.123732251521
2408 0.125760649087
2414 0.127789046653
2423 0.129817444219
2427 0.131845841785
2434 0.133874239351
2456 0.135902636917
2469 0.137931034483
2472 0.139959432049
2482 0.141987829615
2505 0.144016227181
2510 0.146044624746
2520 0.148073022312
2527 0.150101419878
2538 0.152129817444
2546 0.15415821501
2567 0.156186612576
2576 0.158215010142
2586 0.160243407708
2587 0.162271805274
2591 0.16430020284
2596 0.166328600406
2606 0.170385395538
2606 0.170385395538
2608 0.174442190669
2608 0.174442190669
2609 0.176470588235
2616 0.178498985801
2619 0.180527383367
2622 0.182555780933
2625 0.184584178499
2650 0.186612576065
2652 0.188640973631
2663 0.190669371197
2664 0.192697768763
2678 0.194726166329
2687 0.196754563895
2692 0.19878296146
2693 0.200811359026
2694 0.202839756592
2697 0.206896551724
2697 0.206896551724
2712 0.210953346856
2712 0.210953346856
2730 0.212981744422
2731 0.215010141988
2741 0.217038539554
2743 0.21906693712
2749 0.221095334686
2761 0.225152129817
2761 0.225152129817
2776 0.227180527383
2781 0.229208924949
2792 0.231237322515
2803 0.233265720081
2804 0.235294117647
2805 0.237322515213
2806 0.239350912779
2829 0.241379310345
2837 0.243407707911
2841 0.245436105477
2853 0.247464503043
2855 0.249492900609
2870 0.251521298174
2877 0.25354969574
2882 0.255578093306
2895 0.257606490872
2898 0.259634888438
2901 0.261663286004
2929 0.26369168357
2934 0.267748478702
2934 0.267748478702
2942 0.269776876268
2943 0.271805273834
2973 0.2738336714
2985 0.275862068966
3015 0.277890466531
3024 0.279918864097
3027 0.281947261663
3031 0.283975659229
3065 0.286004056795
3068 0.288032454361
3102 0.290060851927
3136 0.292089249493
3141 0.294117647059
3147 0.296146044625
3153 0.298174442191
3157 0.300202839757
3172 0.302231237323
3177 0.304259634888
3191 0.306288032454
3202 0.30831643002
3216 0.310344827586
3247 0.312373225152
3254 0.314401622718
3273 0.31845841785
3273 0.31845841785
3275 0.320486815416
3297 0.322515212982
3312 0.324543610548
3318 0.326572008114
3324 0.32860040568
3332 0.330628803245
3340 0.332657200811
3342 0.334685598377
3347 0.336713995943
3362 0.338742393509
3370 0.340770791075
3379 0.342799188641
3393 0.346855983773
3393 0.346855983773
3405 0.348884381339
3407 0.350912778905
3408 0.352941176471
3425 0.354969574037
3427 0.356997971602
3428 0.359026369168
3438 0.361054766734
3466 0.3630831643
3483 0.365111561866
3513 0.367139959432
3528 0.369168356998
3529 0.371196754564
3538 0.37322515213
3539 0.375253549696
3553 0.377281947262
3560 0.379310344828
3562 0.381338742394
3568 0.383367139959
3591 0.385395537525
3592 0.387423935091
3597 0.389452332657
3601 0.391480730223
3606 0.393509127789
3608 0.395537525355
3611 0.397565922921
3612 0.399594320487
3624 0.401622718053
3654 0.403651115619
3668 0.405679513185
3684 0.407707910751
3686 0.409736308316
3702 0.411764705882
3704 0.413793103448
3729 0.415821501014
3731 0.41784989858
3743 0.419878296146
3769 0.421906693712
3770 0.423935091278
3772 0.425963488844
3775 0.42799188641
3792 0.430020283976
3807 0.432048681542
3841 0.434077079108
3845 0.436105476673
3848 0.438133874239
3871 0.440162271805
3882 0.444219066937
3882 0.444219066937
3915 0.446247464503
3922 0.448275862069
3935 0.450304259635
3993 0.452332657201
4003 0.454361054767
4005 0.456389452333
4006 0.458417849899
4010 0.460446247465
4015 0.46247464503
4041 0.464503042596
4043 0.466531440162
4054 0.468559837728
4058 0.470588235294
4077 0.47261663286
4082 0.474645030426
4095 0.476673427992
4107 0.478701825558
4110 0.480730223124
4121 0.48275862069
4137 0.484787018256
4154 0.486815415822
4160 0.488843813387
4163 0.490872210953
4165 0.492900608519
4178 0.494929006085
4180 0.496957403651
4216 0.498985801217
4217 0.501014198783
4239 0.503042596349
4241 0.505070993915
4267 0.507099391481
4272 0.509127789047
4283 0.511156186613
4293 0.513184584178
4295 0.515212981744
4300 0.51724137931
4313 0.519269776876
4316 0.521298174442
4323 0.523326572008
4331 0.525354969574
4332 0.52738336714
4335 0.529411764706
4344 0.531440162272
4349 0.533468559838
4414 0.535496957404
4422 0.53752535497
4432 0.539553752535
4434 0.541582150101
4437 0.543610547667
4441 0.545638945233
4445 0.547667342799
4457 0.549695740365
4474 0.553752535497
4474 0.553752535497
4507 0.555780933063
4511 0.557809330629
4519 0.559837728195
4521 0.561866125761
4523 0.563894523327
4525 0.565922920892
4566 0.567951318458
4572 0.569979716024
4602 0.57200811359
4615 0.574036511156
4626 0.576064908722
4627 0.578093306288
4654 0.580121703854
4670 0.58215010142
4683 0.584178498986
4686 0.586206896552
4698 0.588235294118
4706 0.590263691684
4709 0.592292089249
4711 0.594320486815
4722 0.596348884381
4723 0.598377281947
4733 0.600405679513
4756 0.602434077079
4764 0.604462474645
4788 0.606490872211
4822 0.608519269777
4846 0.610547667343
4865 0.612576064909
4877 0.614604462475
4887 0.616632860041
4889 0.618661257606
4953 0.620689655172
4962 0.622718052738
4985 0.624746450304
5005 0.62677484787
5018 0.628803245436
5019 0.630831643002
5086 0.632860040568
5090 0.634888438134
5091 0.6369168357
5092 0.638945233266
5095 0.640973630832
5102 0.643002028398
5106 0.645030425963
5107 0.647058823529
5124 0.649087221095
5134 0.651115618661
5158 0.653144016227
5165 0.655172413793
5188 0.657200811359
5203 0.659229208925
5215 0.661257606491
5250 0.663286004057
5279 0.665314401623
5282 0.667342799189
5286 0.669371196755
5321 0.67139959432
5339 0.673427991886
5366 0.675456389452
5369 0.677484787018
5389 0.679513184584
5398 0.68154158215
5409 0.683569979716
5435 0.685598377282
5439 0.687626774848
5457 0.689655172414
5485 0.69168356998
5489 0.693711967546
5521 0.695740365112
5524 0.697768762677
5590 0.699797160243
5599 0.701825557809
5604 0.703853955375
5605 0.705882352941
5624 0.707910750507
5648 0.709939148073
5659 0.711967545639
5673 0.713995943205
5676 0.716024340771
5688 0.718052738337
5697 0.720081135903
5742 0.722109533469
5748 0.724137931034
5760 0.7261663286
5774 0.728194726166
5776 0.730223123732
5785 0.732251521298
5808 0.734279918864
5812 0.73630831643
5817 0.738336713996
5822 0.740365111562
5833 0.742393509128
5944 0.744421906694
5991 0.74645030426
6021 0.748478701826
6028 0.750507099391
6034 0.752535496957
6040 0.754563894523
6075 0.756592292089
6162 0.758620689655
6179 0.760649087221
6189 0.762677484787
6192 0.764705882353
6200 0.766734279919
6218 0.768762677485
6232 0.770791075051
6292 0.772819472617
6317 0.774847870183
6336 0.776876267748
6378 0.778904665314
6382 0.78093306288
6411 0.782961460446
6431 0.784989858012
6444 0.789046653144
6444 0.789046653144
6457 0.79107505071
6491 0.793103448276
6493 0.795131845842
6523 0.797160243408
6612 0.80121703854
6612 0.80121703854
6614 0.803245436105
6653 0.805273833671
6764 0.807302231237
6808 0.809330628803
6832 0.811359026369
6874 0.813387423935
6956 0.815415821501
7077 0.817444219067
7078 0.819472616633
7123 0.821501014199
7234 0.823529411765
7242 0.825557809331
7362 0.827586206897
7397 0.829614604462
7415 0.831643002028
7426 0.833671399594
7476 0.83569979716
7485 0.837728194726
7488 0.839756592292
7499 0.841784989858
7529 0.843813387424
7531 0.84584178499
7596 0.847870182556
7636 0.849898580122
7660 0.851926977688
7670 0.853955375254
7671 0.855983772819
7725 0.858012170385
7739 0.860040567951
7832 0.862068965517
7837 0.864097363083
7843 0.866125760649
7848 0.868154158215
7898 0.870182555781
7907 0.872210953347
7938 0.874239350913
7963 0.876267748479
7981 0.878296146045
8041 0.880324543611
8048 0.882352941176
8121 0.884381338742
8126 0.886409736308
8127 0.888438133874
8160 0.89046653144
8212 0.892494929006
8233 0.894523326572
8279 0.896551724138
8331 0.898580121704
8395 0.90060851927
8482 0.902636916836
8521 0.904665314402
8593 0.906693711968
8595 0.908722109533
8618 0.910750507099
8730 0.912778904665
8827 0.914807302231
8860 0.916835699797
8906 0.918864097363
9063 0.920892494929
9164 0.922920892495
9176 0.924949290061
9181 0.926977687627
9388 0.929006085193
9420 0.931034482759
9458 0.933062880325
9544 0.93509127789
9545 0.937119675456
9580 0.939148073022
9626 0.941176470588
9637 0.943204868154
9736 0.94523326572
9788 0.947261663286
9898 0.949290060852
9971 0.951318458418
10238 0.953346855984
10297 0.95537525355
10306 0.957403651116
10335 0.959432048682
10384 0.961460446247
10523 0.963488843813
10557 0.965517241379
10656 0.967545638945
10823 0.969574036511
10865 0.971602434077
10909 0.973630831643
11042 0.975659229209
11251 0.977687626775
11559 0.979716024341
11884 0.981744421907
11902 0.983772819473
11923 0.985801217039
12152 0.987829614604
12730 0.98985801217
12850 0.991886409736
13362 0.993914807302
13682 0.995943204868
14535 0.997971602434
34583 1.0
