31 0.00393700787402
708 0.00787401574803
931 0.011811023622
965 0.0157480314961
1141 0.0196850393701
1375 0.0236220472441
1577 0.0275590551181
1579 0.0314960629921
1605 0.0354330708661
1632 0.0393700787402
1781 0.0433070866142
2007 0.0472440944882
2014 0.0511811023622
2016 0.0551181102362
2069 0.0590551181102
2094 0.0669291338583
2094 0.0669291338583
2231 0.0748031496063
2231 0.0748031496063
2245 0.0787401574803
2298 0.0826771653543
2449 0.0866141732283
2456 0.0905511811024
2481 0.0944881889764
2505 0.0984251968504
2597 0.102362204724
2600 0.106299212598
2699 0.110236220472
2777 0.114173228346
2790 0.11811023622
2792 0.122047244094
2878 0.125984251969
2920 0.129921259843
2944 0.133858267717
2976 0.137795275591
2980 0.141732283465
3042 0.145669291339
3067 0.149606299213
3086 0.153543307087
3097 0.157480314961
3210 0.161417322835
3223 0.165354330709
3230 0.169291338583
3263 0.173228346457
3265 0.177165354331
3373 0.181102362205
3421 0.185039370079
3435 0.188976377953
3443 0.192913385827
3465 0.196850393701
3470 0.200787401575
3482 0.204724409449
3495 0.208661417323
3534 0.212598425197
3539 0.216535433071
3591 0.220472440945
3593 0.224409448819
3631 0.228346456693
3665 0.232283464567
3674 0.236220472441
3691 0.240157480315
3707 0.244094488189
3716 0.248031496063
3727 0.251968503937
3761 0.255905511811
3770 0.259842519685
3771 0.263779527559
3816 0.267716535433
3817 0.271653543307
3828 0.275590551181
3834 0.279527559055
3869 0.283464566929
3882 0.287401574803
3898 0.291338582677
3899 0.295275590551
3930 0.299212598425
3931 0.303149606299
3939 0.307086614173
3945 0.311023622047
3951 0.314960629921
4035 0.322834645669
4035 0.322834645669
4037 0.326771653543
4052 0.330708661417
4064 0.334645669291
4091 0.338582677165
4094 0.342519685039
4107 0.346456692913
4126 0.350393700787
4154 0.354330708661
4157 0.358267716535
4175 0.362204724409
4184 0.366141732283
4205 0.370078740157
4213 0.374015748031
4230 0.377952755906
4233 0.38188976378
4313 0.385826771654
4315 0.389763779528
4318 0.393700787402
4349 0.397637795276
4365 0.40157480315
4382 0.405511811024
4430 0.409448818898
4438 0.413385826772
4448 0.417322834646
4472 0.42125984252
4521 0.425196850394
4522 0.429133858268
4526 0.433070866142
4535 0.437007874016
4588 0.44094488189
4589 0.444881889764
4625 0.448818897638
4630 0.452755905512
4646 0.456692913386
4651 0.46062992126
4712 0.464566929134
4727 0.468503937008
4782 0.472440944882
4792 0.476377952756
4811 0.48031496063
4841 0.488188976378
4841 0.488188976378
4854 0.492125984252
4862 0.496062992126
4921 0.5
4964 0.503937007874
4976 0.507874015748
4982 0.515748031496
4982 0.515748031496
4984 0.51968503937
4995 0.523622047244
5012 0.527559055118
5041 0.531496062992
5055 0.535433070866
5056 0.53937007874
5060 0.543307086614
5136 0.547244094488
5153 0.551181102362
5158 0.555118110236
5177 0.55905511811
5276 0.562992125984
5336 0.566929133858
5379 0.570866141732
5397 0.574803149606
5399 0.57874015748
5473 0.582677165354
5516 0.586614173228
5555 0.590551181102
5567 0.594488188976
5576 0.59842519685
5623 0.602362204724
5683 0.606299212598
5730 0.610236220472
5738 0.614173228346
5741 0.61811023622
5751 0.622047244094
5769 0.625984251969
5785 0.629921259843
5792 0.633858267717
5808 0.637795275591
5845 0.641732283465
5862 0.645669291339
5927 0.649606299213
6003 0.653543307087
6028 0.657480314961
6055 0.661417322835
6070 0.665354330709
6104 0.669291338583
6107 0.673228346457
6123 0.677165354331
6158 0.681102362205
6339 0.685039370079
6349 0.688976377953
6393 0.692913385827
6403 0.696850393701
6416 0.700787401575
6427 0.708661417323
6427 0.708661417323
6455 0.712598425197
6460 0.716535433071
6468 0.720472440945
6505 0.724409448819
6508 0.728346456693
6518 0.732283464567
6527 0.736220472441
6587 0.740157480315
6625 0.744094488189
6637 0.748031496063
6640 0.751968503937
6687 0.755905511811
6713 0.759842519685
6717 0.763779527559
6742 0.767716535433
6798 0.771653543307
6848 0.775590551181
6992 0.779527559055
6997 0.783464566929
7022 0.787401574803
7053 0.791338582677
7055 0.795275590551
7064 0.799212598425
7108 0.803149606299
7196 0.807086614173
7279 0.811023622047
7311 0.814960629921
7367 0.818897637795
7411 0.822834645669
7453 0.826771653543
7630 0.830708661417
7734 0.834645669291
7832 0.838582677165
7854 0.842519685039
8005 0.846456692913
8008 0.850393700787
8072 0.854330708661
8120 0.858267716535
8253 0.862204724409
8343 0.866141732283
8379 0.870078740157
8450 0.874015748031
8516 0.877952755906
8518 0.88188976378
8807 0.885826771654
8836 0.889763779528
8898 0.893700787402
9162 0.897637795276
9165 0.90157480315
9371 0.905511811024
9607 0.909448818898
9635 0.913385826772
9726 0.917322834646
9799 0.92125984252
9885 0.925196850394
10115 0.929133858268
10477 0.933070866142
10758 0.937007874016
10883 0.94094488189
11019 0.944881889764
11211 0.948818897638
11252 0.952755905512
11303 0.956692913386
11383 0.96062992126
11631 0.964566929134
12770 0.968503937008
12772 0.972440944882
13728 0.976377952756
13773 0.98031496063
15439 0.984251968504
16246 0.988188976378
16579 0.992125984252
16695 0.996062992126
16863 1.0
