655 0.0020964360587
814 0.0041928721174
1023 0.0062893081761
1197 0.0083857442348
1200 0.0104821802935
1275 0.0125786163522
1382 0.0146750524109
1416 0.0167714884696
1469 0.0188679245283
1630 0.020964360587
1706 0.0230607966457
2105 0.0251572327044
2215 0.0272536687631
2260 0.0293501048218
2262 0.0314465408805
2348 0.0335429769392
2462 0.0356394129979
2467 0.0377358490566
2600 0.0398322851153
2768 0.041928721174
2824 0.0440251572327
2844 0.0461215932914
2909 0.0482180293501
3159 0.0503144654088
3200 0.0524109014675
3213 0.0545073375262
3295 0.0566037735849
3307 0.0587002096436
3348 0.0607966457023
3353 0.062893081761
3368 0.0649895178197
3489 0.0670859538784
3751 0.0691823899371
3755 0.0712788259958
3853 0.0733752620545
4078 0.0754716981132
4148 0.0775681341719
4167 0.0796645702306
4231 0.0817610062893
4285 0.083857442348
4309 0.0859538784067
4310 0.0880503144654
4385 0.0901467505241
4426 0.0922431865828
4501 0.0943396226415
4535 0.0964360587002
4573 0.0985324947589
4966 0.100628930818
4999 0.102725366876
5003 0.104821802935
5022 0.106918238994
5024 0.109014675052
5031 0.111111111111
5066 0.11320754717
5126 0.115303983229
5137 0.117400419287
5151 0.119496855346
5165 0.121593291405
5172 0.123689727463
5198 0.125786163522
5204 0.127882599581
5215 0.129979035639
5244 0.132075471698
5286 0.134171907757
5289 0.136268343816
5372 0.138364779874
5477 0.140461215933
5483 0.142557651992
5495 0.14465408805
5517 0.146750524109
5534 0.148846960168
5540 0.150943396226
5549 0.153039832285
5654 0.155136268344
5713 0.157232704403
5742 0.159329140461
5769 0.16142557652
5841 0.163522012579
5899 0.165618448637
5926 0.167714884696
5929 0.169811320755
5932 0.171907756813
5960 0.174004192872
5967 0.176100628931
6005 0.17819706499
6038 0.180293501048
6125 0.182389937107
6165 0.184486373166
6254 0.186582809224
6276 0.188679245283
6330 0.190775681342
6361 0.1928721174
6390 0.194968553459
6478 0.197064989518
6688 0.199161425577
6703 0.201257861635
6709 0.203354297694
6758 0.207547169811
6758 0.207547169811
6804 0.20964360587
6825 0.211740041929
6870 0.213836477987
6908 0.215932914046
6920 0.218029350105
6953 0.220125786164
6998 0.222222222222
7013 0.224318658281
7037 0.22641509434
7083 0.228511530398
7084 0.230607966457
7100 0.232704402516
7143 0.234800838574
7205 0.236897274633
7237 0.238993710692
7274 0.241090146751
7305 0.243186582809
7451 0.245283018868
7471 0.247379454927
7619 0.249475890985
7641 0.251572327044
7691 0.253668763103
7774 0.255765199161
7796 0.25786163522
7824 0.259958071279
7837 0.262054507338
7889 0.264150943396
7955 0.266247379455
7985 0.268343815514
7986 0.270440251572
8038 0.272536687631
8186 0.27463312369
8266 0.276729559748
8326 0.278825995807
8331 0.280922431866
8365 0.283018867925
8421 0.285115303983
8423 0.287211740042
8438 0.289308176101
8496 0.291404612159
8522 0.293501048218
8596 0.295597484277
8633 0.297693920335
8696 0.301886792453
8696 0.301886792453
8720 0.303983228512
8726 0.30607966457
8732 0.308176100629
8804 0.310272536688
8904 0.312368972746
8999 0.314465408805
9020 0.316561844864
9028 0.318658280922
9050 0.320754716981
9068 0.32285115304
9126 0.324947589099
9216 0.327044025157
9218 0.329140461216
9235 0.331236897275
9256 0.333333333333
9304 0.335429769392
9328 0.337526205451
9331 0.339622641509
9333 0.341719077568
9356 0.343815513627
9363 0.345911949686
9414 0.348008385744
9418 0.350104821803
9429 0.35429769392
9429 0.35429769392
9535 0.356394129979
9547 0.358490566038
9576 0.360587002096
9591 0.362683438155
9593 0.364779874214
9633 0.366876310273
9645 0.368972746331
9666 0.37106918239
9705 0.373165618449
9714 0.375262054507
9886 0.377358490566
9921 0.379454926625
9943 0.381551362683
10077 0.383647798742
10140 0.385744234801
10151 0.38784067086
10187 0.389937106918
10230 0.392033542977
10258 0.394129979036
10273 0.396226415094
10350 0.398322851153
10362 0.400419287212
10368 0.40251572327
10487 0.404612159329
10506 0.406708595388
10538 0.408805031447
10587 0.410901467505
10607 0.412997903564
10642 0.415094339623
10750 0.417190775681
10766 0.41928721174
10863 0.421383647799
10875 0.423480083857
10892 0.425576519916
10903 0.427672955975
10951 0.429769392034
11138 0.431865828092
11144 0.433962264151
11178 0.43605870021
11198 0.438155136268
11322 0.440251572327
11370 0.442348008386
11528 0.444444444444
11558 0.446540880503
11560 0.448637316562
11582 0.450733752621
11628 0.452830188679
11715 0.454926624738
11783 0.457023060797
11791 0.459119496855
11818 0.461215932914
11831 0.463312368973
11837 0.465408805031
11844 0.46750524109
11860 0.469601677149
11875 0.471698113208
11888 0.473794549266
11954 0.475890985325
11989 0.477987421384
12013 0.480083857442
12037 0.482180293501
12038 0.48427672956
12070 0.486373165618
12086 0.488469601677
12098 0.490566037736
12122 0.492662473795
12130 0.494758909853
12138 0.496855345912
12213 0.498951781971
12225 0.501048218029
12277 0.503144654088
12280 0.505241090147
12295 0.507337526205
12302 0.509433962264
12350 0.511530398323
12354 0.513626834382
12382 0.51572327044
12524 0.517819706499
12537 0.519916142558
12609 0.522012578616
12686 0.524109014675
12738 0.526205450734
12769 0.528301886792
12777 0.530398322851
12800 0.53249475891
12814 0.534591194969
12858 0.536687631027
12904 0.538784067086
12912 0.540880503145
12969 0.542976939203
12978 0.545073375262
13193 0.547169811321
13238 0.549266247379
13245 0.551362683438
13312 0.553459119497
13326 0.555555555556
13328 0.557651991614
13363 0.559748427673
13464 0.561844863732
13472 0.56394129979
13568 0.566037735849
13641 0.568134171908
14035 0.570230607966
14044 0.572327044025
14057 0.574423480084
14111 0.576519916143
14222 0.578616352201
14292 0.58071278826
14300 0.582809224319
14439 0.584905660377
14469 0.587002096436
14547 0.589098532495
14605 0.591194968553
14657 0.593291404612
14685 0.595387840671
14714 0.59748427673
14741 0.599580712788
14742 0.601677148847
15000 0.603773584906
15170 0.605870020964
15256 0.607966457023
15328 0.610062893082
15408 0.61215932914
15447 0.614255765199
15533 0.616352201258
15659 0.618448637317
15846 0.620545073375
15854 0.622641509434
15993 0.624737945493
16110 0.626834381551
16131 0.62893081761
16160 0.631027253669
16255 0.633123689727
16307 0.635220125786
16331 0.637316561845
16414 0.639412997904
16544 0.641509433962
16619 0.643605870021
16620 0.64570230608
16688 0.647798742138
16694 0.649895178197
16737 0.651991614256
16780 0.654088050314
16814 0.656184486373
16820 0.658280922432
16901 0.660377358491
16922 0.662473794549
17029 0.664570230608
17032 0.666666666667
17188 0.668763102725
17203 0.670859538784
17257 0.672955974843
17277 0.675052410901
17331 0.67714884696
17474 0.679245283019
17490 0.681341719078
17643 0.683438155136
17673 0.685534591195
17691 0.687631027254
17799 0.689727463312
17919 0.691823899371
17958 0.69392033543
18029 0.696016771488
18038 0.698113207547
18279 0.700209643606
18321 0.702306079665
18464 0.704402515723
18605 0.706498951782
18645 0.708595387841
18680 0.710691823899
18761 0.712788259958
18875 0.714884696017
18913 0.716981132075
18943 0.719077568134
19004 0.721174004193
19005 0.723270440252
19020 0.72536687631
19024 0.727463312369
19045 0.729559748428
19065 0.731656184486
19160 0.733752620545
19188 0.735849056604
19273 0.737945492662
19326 0.740041928721
19329 0.74213836478
19418 0.744234800839
19488 0.746331236897
19675 0.748427672956
19679 0.750524109015
19738 0.752620545073
19869 0.754716981132
19880 0.756813417191
19903 0.758909853249
19981 0.761006289308
20105 0.763102725367
20163 0.765199161426
20168 0.767295597484
20202 0.769392033543
20402 0.771488469602
20505 0.77358490566
20543 0.775681341719
20636 0.777777777778
20679 0.779874213836
20738 0.781970649895
20797 0.784067085954
20843 0.786163522013
20927 0.788259958071
20999 0.79035639413
21046 0.792452830189
21206 0.794549266247
21276 0.796645702306
21308 0.798742138365
21355 0.800838574423
21422 0.802935010482
21559 0.805031446541
21579 0.8071278826
21604 0.809224318658
21764 0.811320754717
21829 0.813417190776
21849 0.815513626834
21895 0.817610062893
21923 0.819706498952
21937 0.82180293501
22133 0.823899371069
22134 0.825995807128
22224 0.828092243187
22345 0.830188679245
22452 0.832285115304
22530 0.834381551363
22659 0.836477987421
22747 0.83857442348
22912 0.840670859539
23083 0.842767295597
23136 0.844863731656
23149 0.846960167715
23289 0.849056603774
23430 0.851153039832
23485 0.853249475891
23561 0.85534591195
23950 0.857442348008
24033 0.859538784067
24165 0.861635220126
24228 0.863731656184
24293 0.865828092243
24601 0.870020964361
24601 0.870020964361
24605 0.872117400419
24740 0.874213836478
24798 0.876310272537
25057 0.878406708595
25180 0.880503144654
25185 0.882599580713
25198 0.884696016771
25445 0.88679245283
25682 0.888888888889
25785 0.890985324948
25786 0.893081761006
26857 0.895178197065
26999 0.897274633124
27100 0.899371069182
27600 0.901467505241
28925 0.9035639413
28959 0.905660377358
29032 0.907756813417
29067 0.909853249476
29092 0.911949685535
29376 0.914046121593
29465 0.916142557652
30592 0.918238993711
31549 0.920335429769
31710 0.922431865828
31834 0.924528301887
32247 0.926624737945
32364 0.928721174004
34232 0.930817610063
35160 0.932914046122
35425 0.93501048218
35754 0.937106918239
35781 0.939203354298
36126 0.941299790356
36368 0.943396226415
37069 0.945492662474
37911 0.947589098532
39362 0.949685534591
39369 0.95178197065
39571 0.953878406709
40164 0.955974842767
41195 0.958071278826
41860 0.960167714885
42697 0.962264150943
43121 0.964360587002
43698 0.966457023061
44788 0.968553459119
45495 0.970649895178
45600 0.972746331237
46533 0.974842767296
46599 0.976939203354
47012 0.979035639413
47793 0.981132075472
48392 0.98322851153
48427 0.985324947589
52705 0.987421383648
52745 0.989517819706
58046 0.991614255765
58495 0.993710691824
62336 0.995807127883
79933 0.997903563941
84406 1.0
