27 0.00613496932515
991 0.0122699386503
1305 0.0184049079755
1311 0.0245398773006
1600 0.0306748466258
1910 0.0368098159509
1911 0.0429447852761
2188 0.0490797546012
2216 0.0552147239264
2266 0.0613496932515
2523 0.0674846625767
2831 0.0736196319018
2846 0.079754601227
2860 0.0858895705521
2902 0.0920245398773
2931 0.0981595092025
3131 0.104294478528
3144 0.110429447853
3147 0.116564417178
3195 0.122699386503
3251 0.128834355828
3334 0.134969325153
3429 0.141104294479
3441 0.147239263804
3719 0.153374233129
3801 0.159509202454
3834 0.165644171779
4049 0.171779141104
4052 0.177914110429
4074 0.184049079755
4080 0.19018404908
4109 0.196319018405
4386 0.20245398773
4415 0.208588957055
4423 0.21472392638
4495 0.220858895706
4534 0.226993865031
4543 0.233128834356
4648 0.239263803681
4792 0.245398773006
4979 0.251533742331
5020 0.257668711656
5054 0.263803680982
5067 0.269938650307
5121 0.276073619632
5137 0.282208588957
5159 0.288343558282
5264 0.294478527607
5298 0.300613496933
5308 0.306748466258
5309 0.312883435583
5322 0.319018404908
5330 0.325153374233
5334 0.331288343558
5353 0.337423312883
5356 0.343558282209
5362 0.349693251534
5364 0.368098159509
5364 0.368098159509
5364 0.368098159509
5444 0.374233128834
5465 0.38036809816
5494 0.386503067485
5530 0.39263803681
5586 0.398773006135
5606 0.40490797546
5614 0.411042944785
5655 0.41717791411
5658 0.423312883436
5684 0.429447852761
5699 0.435582822086
5731 0.441717791411
5735 0.447852760736
5742 0.453987730061
5759 0.460122699387
5879 0.466257668712
5916 0.472392638037
5945 0.478527607362
5964 0.484662576687
5985 0.490797546012
6041 0.496932515337
6106 0.503067484663
6177 0.509202453988
6289 0.515337423313
6333 0.521472392638
6387 0.527607361963
6519 0.533742331288
6520 0.539877300613
6560 0.546012269939
6579 0.552147239264
6584 0.558282208589
6684 0.564417177914
6854 0.570552147239
6860 0.576687116564
6881 0.58282208589
7035 0.588957055215
7067 0.59509202454
7116 0.601226993865
7197 0.60736196319
7253 0.613496932515
7385 0.61963190184
7466 0.625766871166
7557 0.631901840491
7593 0.638036809816
7609 0.644171779141
7623 0.650306748466
7635 0.656441717791
7698 0.662576687117
7751 0.668711656442
7801 0.674846625767
7860 0.680981595092
7872 0.687116564417
7902 0.693251533742
7920 0.699386503067
8058 0.705521472393
8074 0.711656441718
8094 0.717791411043
8095 0.723926380368
8134 0.730061349693
8254 0.736196319018
8402 0.742331288344
8472 0.748466257669
8595 0.754601226994
8601 0.760736196319
8759 0.766871165644
8761 0.773006134969
8871 0.779141104294
8890 0.78527607362
8960 0.791411042945
8978 0.79754601227
9045 0.803680981595
9086 0.80981595092
9125 0.815950920245
9221 0.822085889571
9273 0.828220858896
9309 0.834355828221
9618 0.840490797546
9630 0.846625766871
9730 0.852760736196
9743 0.858895705521
9797 0.865030674847
9856 0.871165644172
10117 0.877300613497
10259 0.883435582822
10414 0.889570552147
10421 0.895705521472
10723 0.901840490798
11207 0.907975460123
11581 0.914110429448
11739 0.920245398773
11770 0.926380368098
11815 0.932515337423
11823 0.938650306748
12135 0.944785276074
12168 0.950920245399
12851 0.957055214724
13128 0.963190184049
13287 0.969325153374
13968 0.975460122699
14986 0.981595092025
15702 0.98773006135
20569 0.993865030675
22831 1.0
