31 0.00219298245614
640 0.00438596491228
800 0.00657894736842
816 0.00877192982456
1019 0.0109649122807
1181 0.0131578947368
1202 0.015350877193
1347 0.0175438596491
1379 0.0197368421053
1581 0.0219298245614
1594 0.0241228070175
1740 0.0263157894737
1807 0.0285087719298
1813 0.030701754386
1855 0.0328947368421
1856 0.0350877192982
1877 0.0372807017544
1952 0.0394736842105
1956 0.0416666666667
1966 0.0438596491228
1976 0.0460526315789
1987 0.0482456140351
2019 0.0504385964912
2123 0.0526315789474
2124 0.0548245614035
2131 0.0570175438596
2269 0.0592105263158
2310 0.0614035087719
2330 0.0635964912281
2408 0.0657894736842
2423 0.0679824561404
2436 0.0701754385965
2459 0.0723684210526
2543 0.0745614035088
2570 0.0767543859649
2573 0.0789473684211
2576 0.0811403508772
2580 0.0833333333333
2602 0.0855263157895
2637 0.0877192982456
2739 0.0899122807018
2741 0.0921052631579
2806 0.094298245614
2807 0.0964912280702
2838 0.0986842105263
2880 0.100877192982
2896 0.103070175439
2934 0.105263157895
2962 0.107456140351
2988 0.109649122807
2994 0.111842105263
3003 0.114035087719
3021 0.116228070175
3037 0.118421052632
3047 0.120614035088
3077 0.122807017544
3083 0.125
3085 0.127192982456
3101 0.129385964912
3114 0.131578947368
3162 0.133771929825
3166 0.135964912281
3218 0.138157894737
3232 0.140350877193
3244 0.142543859649
3259 0.144736842105
3266 0.146929824561
3281 0.149122807018
3305 0.151315789474
3317 0.15350877193
3327 0.155701754386
3334 0.157894736842
3337 0.160087719298
3338 0.162280701754
3342 0.164473684211
3344 0.166666666667
3362 0.168859649123
3371 0.171052631579
3393 0.173245614035
3395 0.175438596491
3400 0.177631578947
3412 0.179824561404
3417 0.18201754386
3419 0.184210526316
3422 0.186403508772
3440 0.188596491228
3445 0.190789473684
3451 0.19298245614
3460 0.195175438596
3464 0.197368421053
3474 0.199561403509
3476 0.203947368421
3476 0.203947368421
3478 0.206140350877
3491 0.208333333333
3501 0.212719298246
3501 0.212719298246
3505 0.214912280702
3526 0.217105263158
3528 0.219298245614
3542 0.22149122807
3552 0.223684210526
3556 0.225877192982
3582 0.228070175439
3595 0.230263157895
3607 0.232456140351
3614 0.234649122807
3617 0.236842105263
3621 0.239035087719
3626 0.241228070175
3632 0.243421052632
3650 0.245614035088
3654 0.247807017544
3659 0.25
3669 0.252192982456
3703 0.256578947368
3703 0.256578947368
3725 0.258771929825
3752 0.260964912281
3757 0.263157894737
3777 0.265350877193
3805 0.267543859649
3820 0.269736842105
3822 0.271929824561
3829 0.274122807018
3830 0.276315789474
3867 0.27850877193
3909 0.280701754386
3912 0.282894736842
3917 0.285087719298
3925 0.287280701754
3943 0.289473684211
3967 0.291666666667
3977 0.293859649123
3984 0.298245614035
3984 0.298245614035
3987 0.300438596491
4011 0.302631578947
4036 0.304824561404
4044 0.30701754386
4080 0.309210526316
4082 0.311403508772
4085 0.313596491228
4099 0.315789473684
4110 0.31798245614
4116 0.320175438596
4144 0.322368421053
4168 0.324561403509
4174 0.326754385965
4184 0.328947368421
4219 0.331140350877
4247 0.333333333333
4259 0.335526315789
4307 0.337719298246
4308 0.339912280702
4315 0.342105263158
4330 0.344298245614
4347 0.34649122807
4348 0.348684210526
4353 0.350877192982
4360 0.353070175439
4388 0.355263157895
4392 0.357456140351
4396 0.359649122807
4398 0.361842105263
4405 0.364035087719
4407 0.366228070175
4429 0.368421052632
4442 0.370614035088
4496 0.372807017544
4504 0.375
4516 0.377192982456
4523 0.379385964912
4531 0.381578947368
4541 0.383771929825
4551 0.385964912281
4570 0.388157894737
4615 0.390350877193
4622 0.392543859649
4628 0.394736842105
4638 0.396929824561
4640 0.399122807018
4641 0.401315789474
4643 0.40350877193
4652 0.407894736842
4652 0.407894736842
4655 0.410087719298
4676 0.412280701754
4711 0.414473684211
4713 0.416666666667
4752 0.421052631579
4752 0.421052631579
4755 0.423245614035
4761 0.425438596491
4765 0.427631578947
4781 0.429824561404
4793 0.43201754386
4832 0.434210526316
4834 0.436403508772
4840 0.440789473684
4840 0.440789473684
4847 0.44298245614
4854 0.445175438596
4868 0.447368421053
4892 0.449561403509
4900 0.451754385965
4907 0.456140350877
4907 0.456140350877
4929 0.458333333333
4946 0.460526315789
4953 0.462719298246
4967 0.464912280702
4998 0.467105263158
5014 0.469298245614
5041 0.47149122807
5066 0.473684210526
5074 0.475877192982
5103 0.478070175439
5104 0.480263157895
5127 0.482456140351
5150 0.484649122807
5155 0.486842105263
5175 0.489035087719
5188 0.491228070175
5194 0.495614035088
5194 0.495614035088
5212 0.497807017544
5216 0.5
5227 0.502192982456
5229 0.504385964912
5239 0.506578947368
5245 0.508771929825
5257 0.510964912281
5266 0.513157894737
5331 0.515350877193
5358 0.517543859649
5361 0.519736842105
5374 0.521929824561
5384 0.524122807018
5394 0.526315789474
5397 0.52850877193
5415 0.530701754386
5439 0.532894736842
5454 0.535087719298
5459 0.537280701754
5472 0.539473684211
5477 0.541666666667
5481 0.543859649123
5497 0.546052631579
5498 0.548245614035
5518 0.550438596491
5522 0.552631578947
5542 0.554824561404
5553 0.55701754386
5573 0.559210526316
5612 0.561403508772
5622 0.565789473684
5622 0.565789473684
5623 0.56798245614
5625 0.570175438596
5633 0.572368421053
5641 0.574561403509
5683 0.578947368421
5683 0.578947368421
5699 0.581140350877
5708 0.583333333333
5721 0.585526315789
5722 0.587719298246
5724 0.589912280702
5756 0.592105263158
5765 0.594298245614
5779 0.59649122807
5783 0.600877192982
5783 0.600877192982
5801 0.603070175439
5802 0.605263157895
5805 0.607456140351
5848 0.609649122807
5849 0.611842105263
5911 0.614035087719
5918 0.616228070175
5925 0.618421052632
5947 0.620614035088
5960 0.622807017544
5970 0.625
5984 0.627192982456
5986 0.629385964912
5995 0.631578947368
6010 0.633771929825
6026 0.635964912281
6061 0.638157894737
6076 0.640350877193
6083 0.642543859649
6107 0.644736842105
6171 0.646929824561
6179 0.649122807018
6190 0.651315789474
6203 0.65350877193
6227 0.655701754386
6298 0.657894736842
6332 0.660087719298
6352 0.662280701754
6361 0.664473684211
6376 0.666666666667
6381 0.668859649123
6422 0.671052631579
6492 0.673245614035
6514 0.675438596491
6538 0.677631578947
6568 0.679824561404
6572 0.68201754386
6597 0.684210526316
6634 0.686403508772
6648 0.688596491228
6677 0.690789473684
6681 0.69298245614
6694 0.695175438596
6709 0.697368421053
6747 0.699561403509
6751 0.701754385965
6759 0.703947368421
6765 0.706140350877
6790 0.708333333333
6916 0.710526315789
6919 0.712719298246
6941 0.714912280702
6960 0.717105263158
6990 0.719298245614
7032 0.723684210526
7032 0.723684210526
7036 0.725877192982
7048 0.728070175439
7057 0.730263157895
7079 0.732456140351
7090 0.734649122807
7094 0.736842105263
7111 0.739035087719
7112 0.741228070175
7138 0.743421052632
7147 0.745614035088
7189 0.747807017544
7191 0.75
7235 0.752192982456
7238 0.754385964912
7267 0.756578947368
7284 0.758771929825
7309 0.760964912281
7424 0.763157894737
7431 0.765350877193
7461 0.767543859649
7495 0.769736842105
7551 0.771929824561
7556 0.774122807018
7579 0.776315789474
7645 0.77850877193
7646 0.780701754386
7665 0.782894736842
7685 0.785087719298
7688 0.787280701754
7691 0.789473684211
7695 0.791666666667
7702 0.793859649123
7709 0.796052631579
7726 0.798245614035
7744 0.800438596491
7785 0.802631578947
7852 0.804824561404
7854 0.80701754386
7942 0.809210526316
7955 0.811403508772
7967 0.813596491228
7979 0.815789473684
7982 0.81798245614
8001 0.820175438596
8024 0.822368421053
8087 0.824561403509
8091 0.826754385965
8200 0.828947368421
8224 0.831140350877
8280 0.833333333333
8345 0.835526315789
8376 0.837719298246
8390 0.839912280702
8474 0.842105263158
8478 0.844298245614
8584 0.84649122807
8634 0.848684210526
8695 0.850877192982
8709 0.853070175439
8745 0.855263157895
8817 0.857456140351
8833 0.859649122807
8869 0.861842105263
8999 0.864035087719
9177 0.866228070175
9192 0.868421052632
9245 0.870614035088
9251 0.872807017544
9269 0.875
9384 0.877192982456
9503 0.879385964912
9531 0.881578947368
9554 0.883771929825
9564 0.885964912281
9582 0.888157894737
9737 0.890350877193
9762 0.892543859649
9776 0.894736842105
9788 0.896929824561
9795 0.899122807018
9859 0.901315789474
9921 0.90350877193
9965 0.905701754386
9975 0.907894736842
10029 0.910087719298
10081 0.912280701754
10092 0.914473684211
10131 0.916666666667
10231 0.918859649123
10422 0.921052631579
10483 0.923245614035
10512 0.925438596491
10575 0.927631578947
10654 0.929824561404
10869 0.93201754386
10983 0.934210526316
11011 0.936403508772
11096 0.938596491228
11281 0.940789473684
11315 0.94298245614
11338 0.945175438596
11404 0.947368421053
11693 0.949561403509
11732 0.951754385965
11795 0.953947368421
11814 0.956140350877
11922 0.958333333333
12157 0.960526315789
12424 0.962719298246
12440 0.964912280702
12677 0.967105263158
12910 0.969298245614
13126 0.97149122807
13517 0.973684210526
13785 0.975877192982
13974 0.978070175439
14419 0.980263157895
14481 0.982456140351
14482 0.984649122807
14484 0.986842105263
14578 0.989035087719
14636 0.991228070175
14781 0.993421052632
16158 0.995614035088
16390 0.997807017544
33520 1.0
