30 0.00202429149798
361 0.00404858299595
368 0.00607287449393
448 0.0080971659919
505 0.0101214574899
506 0.0121457489879
559 0.0141700404858
583 0.0161943319838
653 0.0182186234818
745 0.0202429149798
749 0.0222672064777
778 0.0242914979757
785 0.0263157894737
787 0.0283400809717
792 0.0303643724696
842 0.0323886639676
844 0.0344129554656
846 0.0364372469636
852 0.0384615384615
865 0.0404858299595
870 0.0425101214575
908 0.0445344129555
914 0.0465587044534
934 0.0485829959514
950 0.0506072874494
967 0.0526315789474
982 0.0546558704453
992 0.0566801619433
1026 0.0587044534413
1040 0.0607287449393
1047 0.0627530364372
1068 0.0647773279352
1077 0.0668016194332
1109 0.0688259109312
1110 0.0708502024291
1136 0.0728744939271
1139 0.0748987854251
1167 0.0769230769231
1208 0.0789473684211
1220 0.080971659919
1221 0.082995951417
1230 0.085020242915
1234 0.087044534413
1236 0.0890688259109
1249 0.0910931174089
1260 0.0931174089069
1267 0.0951417004049
1277 0.0971659919028
1286 0.0991902834008
1290 0.101214574899
1302 0.103238866397
1304 0.105263157895
1310 0.107287449393
1325 0.109311740891
1340 0.111336032389
1362 0.113360323887
1367 0.115384615385
1373 0.117408906883
1375 0.121457489879
1375 0.121457489879
1377 0.123481781377
1393 0.125506072874
1395 0.127530364372
1398 0.12955465587
1403 0.131578947368
1405 0.133603238866
1406 0.135627530364
1414 0.137651821862
1425 0.141700404858
1425 0.141700404858
1437 0.143724696356
1439 0.145748987854
1440 0.147773279352
1475 0.14979757085
1481 0.151821862348
1482 0.153846153846
1485 0.155870445344
1498 0.157894736842
1499 0.161943319838
1499 0.161943319838
1503 0.163967611336
1511 0.165991902834
1520 0.168016194332
1523 0.17004048583
1545 0.172064777328
1547 0.174089068826
1553 0.176113360324
1556 0.178137651822
1559 0.18016194332
1572 0.182186234818
1576 0.184210526316
1588 0.186234817814
1592 0.188259109312
1599 0.19028340081
1604 0.192307692308
1607 0.194331983806
1608 0.196356275304
1615 0.198380566802
1616 0.2004048583
1624 0.202429149798
1626 0.204453441296
1627 0.206477732794
1630 0.208502024291
1634 0.210526315789
1645 0.212550607287
1647 0.214574898785
1664 0.216599190283
1673 0.218623481781
1675 0.220647773279
1682 0.222672064777
1685 0.226720647773
1685 0.226720647773
1687 0.228744939271
1700 0.230769230769
1701 0.232793522267
1705 0.234817813765
1707 0.236842105263
1713 0.238866396761
1719 0.240890688259
1724 0.242914979757
1729 0.244939271255
1731 0.246963562753
1738 0.248987854251
1739 0.251012145749
1764 0.253036437247
1773 0.255060728745
1778 0.257085020243
1779 0.259109311741
1783 0.261133603239
1785 0.263157894737
1787 0.265182186235
1788 0.267206477733
1789 0.269230769231
1799 0.271255060729
1803 0.273279352227
1805 0.275303643725
1815 0.277327935223
1819 0.279352226721
1828 0.283400809717
1828 0.283400809717
1829 0.285425101215
1835 0.287449392713
1839 0.289473684211
1848 0.291497975709
1849 0.293522267206
1851 0.295546558704
1852 0.297570850202
1872 0.301619433198
1872 0.301619433198
1881 0.303643724696
1888 0.305668016194
1899 0.307692307692
1904 0.30971659919
1921 0.311740890688
1927 0.313765182186
1928 0.315789473684
1938 0.317813765182
1946 0.31983805668
1955 0.321862348178
1959 0.323886639676
1963 0.327935222672
1963 0.327935222672
1971 0.32995951417
1996 0.331983805668
2003 0.334008097166
2006 0.336032388664
2027 0.338056680162
2032 0.34008097166
2033 0.342105263158
2036 0.344129554656
2048 0.346153846154
2052 0.348178137652
2059 0.35020242915
2060 0.352226720648
2067 0.354251012146
2072 0.356275303644
2077 0.36032388664
2077 0.36032388664
2081 0.362348178138
2088 0.364372469636
2092 0.366396761134
2094 0.368421052632
2112 0.37044534413
2124 0.372469635628
2136 0.374493927126
2139 0.376518218623
2140 0.380566801619
2140 0.380566801619
2145 0.382591093117
2157 0.384615384615
2159 0.386639676113
2162 0.388663967611
2174 0.390688259109
2175 0.392712550607
2177 0.394736842105
2178 0.396761133603
2189 0.398785425101
2206 0.400809716599
2211 0.402834008097
2213 0.404858299595
2214 0.406882591093
2215 0.408906882591
2227 0.410931174089
2231 0.414979757085
2231 0.414979757085
2240 0.417004048583
2247 0.419028340081
2250 0.421052631579
2251 0.423076923077
2252 0.427125506073
2252 0.427125506073
2258 0.429149797571
2263 0.431174089069
2264 0.433198380567
2275 0.435222672065
2276 0.437246963563
2282 0.439271255061
2290 0.441295546559
2295 0.443319838057
2298 0.445344129555
2299 0.447368421053
2302 0.449392712551
2305 0.451417004049
2312 0.453441295547
2319 0.455465587045
2325 0.457489878543
2333 0.461538461538
2333 0.461538461538
2337 0.463562753036
2352 0.465587044534
2355 0.467611336032
2365 0.46963562753
2374 0.471659919028
2393 0.473684210526
2407 0.475708502024
2412 0.477732793522
2419 0.47975708502
2420 0.483805668016
2420 0.483805668016
2421 0.485829959514
2427 0.487854251012
2429 0.48987854251
2437 0.491902834008
2441 0.493927125506
2447 0.495951417004
2454 0.497975708502
2471 0.5
2478 0.502024291498
2483 0.504048582996
2484 0.506072874494
2498 0.508097165992
2500 0.51012145749
2504 0.512145748988
2518 0.514170040486
2523 0.516194331984
2536 0.518218623482
2538 0.52024291498
2543 0.522267206478
2550 0.524291497976
2557 0.526315789474
2568 0.528340080972
2570 0.53036437247
2600 0.532388663968
2613 0.534412955466
2617 0.536437246964
2626 0.538461538462
2632 0.54048582996
2647 0.542510121457
2650 0.544534412955
2663 0.546558704453
2705 0.548582995951
2707 0.550607287449
2721 0.554655870445
2721 0.554655870445
2741 0.556680161943
2774 0.558704453441
2789 0.560728744939
2798 0.562753036437
2801 0.564777327935
2806 0.566801619433
2811 0.568825910931
2812 0.570850202429
2817 0.574898785425
2817 0.574898785425
2823 0.576923076923
2853 0.578947368421
2860 0.580971659919
2864 0.585020242915
2864 0.585020242915
2869 0.587044534413
2877 0.591093117409
2877 0.591093117409
2883 0.593117408907
2898 0.595141700405
2907 0.597165991903
2908 0.599190283401
2909 0.601214574899
2918 0.603238866397
2936 0.605263157895
2950 0.607287449393
2956 0.609311740891
2971 0.611336032389
2990 0.613360323887
2998 0.617408906883
2998 0.617408906883
3019 0.619433198381
3022 0.621457489879
3032 0.623481781377
3050 0.625506072874
3054 0.627530364372
3057 0.62955465587
3094 0.631578947368
3105 0.633603238866
3119 0.635627530364
3123 0.637651821862
3140 0.63967611336
3143 0.641700404858
3168 0.643724696356
3170 0.645748987854
3189 0.647773279352
3191 0.64979757085
3202 0.651821862348
3213 0.653846153846
3219 0.655870445344
3235 0.657894736842
3249 0.65991902834
3251 0.661943319838
3259 0.663967611336
3269 0.665991902834
3270 0.668016194332
3307 0.67004048583
3314 0.672064777328
3317 0.674089068826
3326 0.676113360324
3329 0.678137651822
3336 0.68016194332
3342 0.682186234818
3346 0.684210526316
3355 0.686234817814
3363 0.688259109312
3365 0.69028340081
3385 0.692307692308
3420 0.694331983806
3423 0.696356275304
3431 0.698380566802
3448 0.7004048583
3478 0.702429149798
3481 0.704453441296
3484 0.706477732794
3486 0.708502024291
3509 0.710526315789
3511 0.712550607287
3536 0.714574898785
3558 0.716599190283
3561 0.718623481781
3578 0.720647773279
3588 0.722672064777
3620 0.724696356275
3629 0.726720647773
3661 0.730769230769
3661 0.730769230769
3683 0.732793522267
3694 0.734817813765
3719 0.736842105263
3735 0.738866396761
3754 0.740890688259
3784 0.742914979757
3797 0.744939271255
3802 0.746963562753
3813 0.748987854251
3816 0.751012145749
3823 0.753036437247
3845 0.755060728745
3846 0.757085020243
3859 0.759109311741
3886 0.761133603239
3892 0.763157894737
3967 0.765182186235
3986 0.767206477733
4014 0.769230769231
4017 0.771255060729
4024 0.773279352227
4026 0.775303643725
4032 0.777327935223
4078 0.779352226721
4079 0.781376518219
4082 0.783400809717
4097 0.785425101215
4120 0.787449392713
4126 0.789473684211
4177 0.791497975709
4182 0.793522267206
4193 0.795546558704
4228 0.797570850202
4303 0.7995951417
4310 0.801619433198
4312 0.803643724696
4329 0.805668016194
4340 0.807692307692
4346 0.80971659919
4367 0.811740890688
4379 0.813765182186
4401 0.815789473684
4403 0.817813765182
4429 0.81983805668
4450 0.821862348178
4455 0.823886639676
4466 0.825910931174
4476 0.827935222672
4523 0.82995951417
4529 0.831983805668
4556 0.834008097166
4564 0.836032388664
4566 0.838056680162
4606 0.84008097166
4609 0.842105263158
4611 0.844129554656
4622 0.846153846154
4625 0.848178137652
4654 0.85020242915
4657 0.854251012146
4657 0.854251012146
4689 0.856275303644
4722 0.858299595142
4738 0.86032388664
4763 0.862348178138
4772 0.864372469636
4793 0.866396761134
4835 0.868421052632
4837 0.87044534413
4839 0.872469635628
4843 0.874493927126
4920 0.876518218623
4950 0.878542510121
4954 0.880566801619
4986 0.882591093117
4994 0.884615384615
4995 0.886639676113
5024 0.888663967611
5033 0.890688259109
5034 0.892712550607
5036 0.894736842105
5199 0.896761133603
5217 0.898785425101
5227 0.900809716599
5246 0.902834008097
5248 0.904858299595
5266 0.906882591093
5279 0.908906882591
5372 0.910931174089
5408 0.912955465587
5410 0.914979757085
5432 0.917004048583
5443 0.919028340081
5481 0.921052631579
5483 0.923076923077
5525 0.925101214575
5648 0.927125506073
5673 0.929149797571
5685 0.931174089069
5745 0.933198380567
5775 0.935222672065
5798 0.937246963563
5803 0.939271255061
5872 0.941295546559
5929 0.943319838057
5968 0.945344129555
6003 0.947368421053
6100 0.949392712551
6424 0.951417004049
6458 0.953441295547
6467 0.955465587045
6474 0.957489878543
6524 0.95951417004
6538 0.961538461538
6546 0.963562753036
6557 0.965587044534
6741 0.967611336032
6758 0.96963562753
6929 0.971659919028
7089 0.973684210526
7195 0.975708502024
7266 0.977732793522
7433 0.97975708502
7498 0.981781376518
7508 0.983805668016
7676 0.985829959514
8186 0.987854251012
8214 0.98987854251
8576 0.991902834008
8622 0.993927125506
9051 0.995951417004
10846 0.997975708502
38789 1.0
