32 0.00202429149798
287 0.00404858299595
412 0.00607287449393
831 0.0080971659919
1135 0.0101214574899
1155 0.0121457489879
1371 0.0141700404858
1598 0.0161943319838
1628 0.0182186234818
1694 0.0202429149798
1760 0.0222672064777
1816 0.0242914979757
1884 0.0263157894737
2142 0.0283400809717
2210 0.0303643724696
2233 0.0323886639676
2244 0.0344129554656
2312 0.0364372469636
2468 0.0384615384615
2562 0.0404858299595
2592 0.0425101214575
2715 0.0445344129555
2935 0.0465587044534
2970 0.0485829959514
3193 0.0506072874494
3367 0.0526315789474
3608 0.0546558704453
3668 0.0566801619433
3838 0.0587044534413
3932 0.0607287449393
3996 0.0627530364372
4086 0.0647773279352
4157 0.0668016194332
4458 0.0688259109312
4517 0.0708502024291
4524 0.0728744939271
4703 0.0748987854251
4751 0.0769230769231
4947 0.0789473684211
5353 0.080971659919
5372 0.082995951417
5384 0.085020242915
5591 0.087044534413
5613 0.0890688259109
5684 0.0910931174089
5691 0.0931174089069
5830 0.0951417004049
5911 0.0971659919028
5945 0.0991902834008
5953 0.101214574899
6016 0.103238866397
6062 0.105263157895
6105 0.107287449393
6177 0.109311740891
6236 0.111336032389
6244 0.113360323887
6263 0.115384615385
6333 0.117408906883
6373 0.119433198381
6454 0.121457489879
6619 0.123481781377
6626 0.125506072874
6753 0.127530364372
6771 0.12955465587
6831 0.131578947368
6878 0.133603238866
6935 0.135627530364
7013 0.137651821862
7018 0.13967611336
7152 0.141700404858
7217 0.143724696356
7253 0.145748987854
7281 0.147773279352
7478 0.14979757085
7506 0.151821862348
7512 0.153846153846
7572 0.155870445344
7679 0.157894736842
7680 0.15991902834
7701 0.161943319838
7739 0.163967611336
7922 0.165991902834
7944 0.168016194332
7956 0.17004048583
8070 0.172064777328
8254 0.174089068826
8585 0.176113360324
8599 0.178137651822
8671 0.18016194332
8735 0.182186234818
8751 0.184210526316
8840 0.186234817814
8891 0.188259109312
8991 0.19028340081
8997 0.192307692308
9092 0.194331983806
9105 0.196356275304
9147 0.198380566802
9203 0.2004048583
9217 0.202429149798
9237 0.204453441296
9312 0.206477732794
9494 0.208502024291
9569 0.210526315789
9628 0.212550607287
9785 0.214574898785
9906 0.216599190283
9928 0.218623481781
9945 0.220647773279
10218 0.222672064777
10245 0.224696356275
10304 0.226720647773
10418 0.228744939271
10490 0.230769230769
10508 0.232793522267
10614 0.234817813765
10660 0.236842105263
10677 0.238866396761
10727 0.240890688259
10751 0.242914979757
10962 0.244939271255
11139 0.246963562753
11270 0.248987854251
11296 0.251012145749
11414 0.253036437247
11589 0.255060728745
11618 0.257085020243
11647 0.259109311741
11719 0.261133603239
11752 0.263157894737
11849 0.265182186235
11905 0.267206477733
11978 0.269230769231
12015 0.271255060729
12132 0.273279352227
12437 0.275303643725
12445 0.277327935223
12487 0.279352226721
12958 0.281376518219
12967 0.283400809717
13146 0.285425101215
13181 0.287449392713
13209 0.289473684211
13216 0.291497975709
13295 0.293522267206
13302 0.295546558704
13359 0.297570850202
13452 0.2995951417
13497 0.301619433198
13625 0.303643724696
13677 0.305668016194
13688 0.307692307692
13758 0.30971659919
13779 0.311740890688
13934 0.313765182186
14149 0.315789473684
14286 0.317813765182
14495 0.31983805668
14564 0.321862348178
14602 0.323886639676
14624 0.325910931174
14637 0.327935222672
14691 0.32995951417
14778 0.331983805668
14994 0.334008097166
15044 0.336032388664
15067 0.338056680162
15082 0.34008097166
15116 0.342105263158
15244 0.344129554656
15484 0.346153846154
15495 0.348178137652
15923 0.35020242915
15936 0.352226720648
15963 0.354251012146
15975 0.356275303644
16366 0.358299595142
16385 0.36032388664
16415 0.362348178138
16523 0.364372469636
16533 0.366396761134
16649 0.368421052632
16680 0.37044534413
16736 0.372469635628
16831 0.374493927126
16834 0.376518218623
16959 0.378542510121
16966 0.380566801619
17028 0.382591093117
17127 0.384615384615
17144 0.386639676113
17153 0.388663967611
17171 0.390688259109
17239 0.392712550607
17403 0.394736842105
17431 0.396761133603
17483 0.398785425101
17526 0.400809716599
17539 0.402834008097
17600 0.404858299595
17631 0.406882591093
17733 0.408906882591
17928 0.410931174089
17951 0.412955465587
18121 0.414979757085
18233 0.417004048583
18415 0.419028340081
18455 0.421052631579
18675 0.423076923077
18681 0.425101214575
18690 0.427125506073
18766 0.429149797571
18930 0.431174089069
19055 0.433198380567
19121 0.435222672065
19154 0.437246963563
19156 0.439271255061
19195 0.441295546559
19205 0.443319838057
19387 0.445344129555
19416 0.447368421053
19551 0.449392712551
19600 0.451417004049
19704 0.453441295547
19785 0.455465587045
19833 0.457489878543
19889 0.45951417004
20175 0.461538461538
20185 0.463562753036
20283 0.465587044534
20359 0.467611336032
20368 0.46963562753
20403 0.471659919028
20724 0.473684210526
20743 0.475708502024
20758 0.477732793522
20863 0.47975708502
20882 0.481781376518
20942 0.483805668016
21353 0.485829959514
21367 0.48987854251
21367 0.48987854251
21399 0.491902834008
21400 0.493927125506
21453 0.495951417004
21480 0.497975708502
21598 0.5
21915 0.502024291498
21950 0.504048582996
21966 0.506072874494
22032 0.508097165992
22123 0.51012145749
22188 0.512145748988
22204 0.514170040486
22309 0.516194331984
22388 0.518218623482
22482 0.52024291498
22590 0.522267206478
22659 0.524291497976
22722 0.526315789474
22776 0.528340080972
22880 0.53036437247
22948 0.532388663968
23006 0.534412955466
23096 0.536437246964
23158 0.538461538462
23245 0.54048582996
23289 0.542510121457
23299 0.544534412955
23325 0.546558704453
23362 0.548582995951
23769 0.550607287449
23830 0.552631578947
23897 0.554655870445
23908 0.556680161943
23975 0.558704453441
24010 0.560728744939
24049 0.562753036437
24202 0.564777327935
24228 0.566801619433
24235 0.568825910931
24412 0.570850202429
24621 0.572874493927
24691 0.574898785425
24793 0.576923076923
24940 0.578947368421
25002 0.580971659919
25130 0.582995951417
25308 0.585020242915
25753 0.587044534413
25835 0.589068825911
25862 0.591093117409
25909 0.593117408907
26055 0.595141700405
26141 0.597165991903
26155 0.599190283401
26253 0.601214574899
26404 0.603238866397
26406 0.605263157895
26409 0.607287449393
26651 0.609311740891
26897 0.611336032389
26917 0.613360323887
27083 0.615384615385
27134 0.617408906883
27355 0.619433198381
27470 0.621457489879
27523 0.625506072874
27523 0.625506072874
27535 0.627530364372
27709 0.62955465587
27881 0.631578947368
27901 0.633603238866
27908 0.635627530364
28314 0.637651821862
28320 0.63967611336
28489 0.641700404858
28503 0.643724696356
28785 0.645748987854
28941 0.647773279352
29094 0.64979757085
29115 0.651821862348
29242 0.653846153846
29281 0.655870445344
29310 0.657894736842
29314 0.65991902834
29344 0.661943319838
29372 0.663967611336
30165 0.665991902834
30356 0.668016194332
30467 0.67004048583
30497 0.672064777328
30508 0.674089068826
30513 0.676113360324
30663 0.678137651822
30841 0.68016194332
30951 0.682186234818
30977 0.684210526316
31024 0.686234817814
31104 0.688259109312
31279 0.69028340081
31680 0.692307692308
32016 0.694331983806
32503 0.696356275304
32536 0.698380566802
32675 0.7004048583
32989 0.702429149798
32992 0.704453441296
32994 0.706477732794
33134 0.708502024291
33161 0.710526315789
33619 0.712550607287
33794 0.714574898785
33937 0.716599190283
33987 0.718623481781
34093 0.720647773279
34232 0.722672064777
34397 0.724696356275
34481 0.726720647773
34589 0.728744939271
34592 0.730769230769
35025 0.732793522267
35145 0.734817813765
35269 0.738866396761
35269 0.738866396761
35326 0.740890688259
35402 0.742914979757
35463 0.744939271255
35507 0.746963562753
35862 0.748987854251
35908 0.751012145749
36466 0.753036437247
36476 0.755060728745
36488 0.757085020243
36804 0.759109311741
37312 0.761133603239
37589 0.763157894737
37944 0.765182186235
38118 0.767206477733
38187 0.769230769231
38211 0.771255060729
38290 0.773279352227
38663 0.775303643725
39034 0.777327935223
39051 0.779352226721
39169 0.781376518219
39231 0.783400809717
39575 0.785425101215
39635 0.787449392713
39923 0.789473684211
39950 0.791497975709
40090 0.793522267206
40961 0.795546558704
41030 0.797570850202
41100 0.7995951417
42004 0.801619433198
42570 0.803643724696
42953 0.805668016194
43781 0.807692307692
43862 0.80971659919
43885 0.811740890688
43919 0.813765182186
44594 0.815789473684
44867 0.817813765182
44868 0.81983805668
45028 0.821862348178
45669 0.823886639676
45965 0.825910931174
46046 0.827935222672
46211 0.82995951417
46773 0.831983805668
46779 0.834008097166
46783 0.836032388664
48399 0.838056680162
48426 0.84008097166
49422 0.842105263158
50259 0.844129554656
50577 0.846153846154
50922 0.848178137652
51832 0.85020242915
53891 0.852226720648
54100 0.854251012146
54114 0.856275303644
54976 0.858299595142
55224 0.86032388664
55253 0.862348178138
55350 0.864372469636
55356 0.866396761134
55372 0.868421052632
56483 0.87044534413
57303 0.872469635628
57634 0.874493927126
58196 0.876518218623
58419 0.878542510121
58599 0.880566801619
58973 0.882591093117
59356 0.884615384615
59359 0.886639676113
59754 0.888663967611
61188 0.890688259109
61890 0.892712550607
62101 0.894736842105
62785 0.896761133603
62889 0.898785425101
62896 0.900809716599
63428 0.902834008097
63509 0.904858299595
63999 0.906882591093
64707 0.908906882591
65122 0.910931174089
68220 0.912955465587
68447 0.914979757085
69195 0.917004048583
69237 0.919028340081
70249 0.921052631579
70482 0.923076923077
70905 0.925101214575
71132 0.927125506073
71531 0.929149797571
71757 0.931174089069
73796 0.933198380567
74680 0.935222672065
76381 0.937246963563
78854 0.939271255061
79838 0.941295546559
80325 0.943319838057
81109 0.945344129555
81269 0.947368421053
82739 0.949392712551
83555 0.951417004049
85434 0.953441295547
85637 0.955465587045
85954 0.957489878543
86448 0.95951417004
89403 0.961538461538
90142 0.963562753036
90638 0.965587044534
94887 0.967611336032
103863 0.96963562753
104342 0.971659919028
108902 0.973684210526
109720 0.975708502024
128044 0.977732793522
130290 0.97975708502
134296 0.981781376518
134383 0.983805668016
134605 0.985829959514
135568 0.987854251012
142544 0.98987854251
165061 0.991902834008
167407 0.993927125506
188850 0.995951417004
191940 0.997975708502
198205 1.0
