825 0.00520833333333
1053 0.0104166666667
1071 0.015625
1282 0.0208333333333
1384 0.0260416666667
1551 0.03125
1556 0.0364583333333
1770 0.0416666666667
1783 0.0520833333333
1783 0.0520833333333
1785 0.0572916666667
2061 0.0625
2300 0.0677083333333
2324 0.0729166666667
2327 0.078125
2330 0.0833333333333
2390 0.0885416666667
2417 0.09375
2520 0.0989583333333
2528 0.104166666667
2541 0.109375
2584 0.114583333333
2741 0.119791666667
2771 0.125
2785 0.130208333333
2798 0.135416666667
2944 0.140625
3061 0.145833333333
3124 0.151041666667
3125 0.15625
3326 0.161458333333
3336 0.166666666667
3352 0.171875
3364 0.177083333333
3367 0.182291666667
3586 0.1875
3589 0.192708333333
3599 0.197916666667
3639 0.203125
3705 0.208333333333
3759 0.213541666667
3774 0.21875
3801 0.223958333333
3860 0.229166666667
3882 0.234375
3905 0.239583333333
3983 0.244791666667
4029 0.25
4040 0.255208333333
4042 0.260416666667
4045 0.265625
4051 0.270833333333
4131 0.276041666667
4187 0.28125
4226 0.286458333333
4243 0.291666666667
4250 0.296875
4273 0.302083333333
4315 0.307291666667
4339 0.317708333333
4339 0.317708333333
4341 0.322916666667
4343 0.328125
4351 0.333333333333
4354 0.338541666667
4369 0.34375
4424 0.348958333333
4458 0.354166666667
4479 0.359375
4496 0.364583333333
4518 0.369791666667
4571 0.375
4580 0.380208333333
4608 0.385416666667
4615 0.390625
4631 0.395833333333
4644 0.401041666667
4677 0.40625
4690 0.416666666667
4690 0.416666666667
4762 0.421875
4791 0.427083333333
4793 0.432291666667
4809 0.4375
4816 0.442708333333
4843 0.447916666667
4856 0.453125
4866 0.458333333333
4886 0.463541666667
4905 0.46875
4944 0.473958333333
4958 0.479166666667
5025 0.484375
5059 0.489583333333
5118 0.494791666667
5145 0.5
5175 0.505208333333
5284 0.510416666667
5296 0.515625
5316 0.520833333333
5320 0.526041666667
5353 0.53125
5364 0.536458333333
5372 0.541666666667
5403 0.546875
5405 0.552083333333
5410 0.557291666667
5443 0.5625
5453 0.567708333333
5454 0.572916666667
5510 0.578125
5523 0.583333333333
5570 0.588541666667
5616 0.59375
5770 0.598958333333
5779 0.604166666667
5789 0.609375
5797 0.614583333333
5856 0.619791666667
5861 0.625
5895 0.630208333333
6018 0.635416666667
6044 0.640625
6146 0.645833333333
6202 0.651041666667
6211 0.65625
6316 0.661458333333
6359 0.666666666667
6364 0.671875
6368 0.677083333333
6478 0.682291666667
6519 0.6875
6539 0.692708333333
6600 0.697916666667
6627 0.703125
6701 0.708333333333
6809 0.713541666667
6952 0.71875
6954 0.723958333333
7043 0.729166666667
7099 0.734375
7238 0.739583333333
7281 0.744791666667
7292 0.75
7301 0.755208333333
7307 0.760416666667
7312 0.765625
7321 0.770833333333
7331 0.776041666667
7338 0.78125
7386 0.786458333333
7471 0.791666666667
7531 0.796875
7655 0.802083333333
7683 0.807291666667
7711 0.8125
7796 0.817708333333
7809 0.822916666667
7848 0.828125
7940 0.833333333333
7992 0.838541666667
8187 0.84375
8298 0.848958333333
8415 0.854166666667
8419 0.859375
8461 0.864583333333
8520 0.869791666667
8525 0.875
8586 0.880208333333
8716 0.885416666667
8722 0.890625
8862 0.895833333333
8889 0.901041666667
8942 0.90625
9104 0.911458333333
9322 0.916666666667
9348 0.921875
9352 0.927083333333
9415 0.932291666667
9544 0.9375
10400 0.942708333333
10939 0.947916666667
10986 0.953125
11120 0.958333333333
11849 0.963541666667
12248 0.96875
12386 0.973958333333
12484 0.979166666667
12627 0.984375
16807 0.989583333333
18458 0.994791666667
19531 1.0
