814 0.00395256916996
1063 0.00790513833992
1192 0.0118577075099
1638 0.0158102766798
1819 0.0197628458498
2090 0.0237154150198
2116 0.0276679841897
2703 0.0316205533597
2709 0.0355731225296
2810 0.0395256916996
2866 0.0434782608696
2875 0.0474308300395
2876 0.0513833992095
2914 0.0553359683794
2978 0.0592885375494
3026 0.0632411067194
3521 0.0671936758893
3560 0.0711462450593
3565 0.0750988142292
3581 0.0790513833992
3683 0.0830039525692
4005 0.0869565217391
4075 0.0909090909091
4094 0.0948616600791
4252 0.098814229249
4337 0.102766798419
4370 0.106719367589
4444 0.110671936759
4559 0.114624505929
4616 0.118577075099
4853 0.122529644269
4925 0.126482213439
4938 0.130434782609
4941 0.134387351779
4944 0.138339920949
5022 0.142292490119
5140 0.146245059289
5207 0.150197628458
5328 0.154150197628
5355 0.158102766798
5494 0.162055335968
5502 0.166007905138
5553 0.169960474308
5664 0.173913043478
5752 0.177865612648
5795 0.181818181818
6023 0.185770750988
6033 0.189723320158
6073 0.193675889328
6192 0.197628458498
6265 0.201581027668
6302 0.205533596838
6304 0.209486166008
6312 0.213438735178
6376 0.217391304348
6461 0.221343873518
6488 0.225296442688
6584 0.229249011858
6638 0.233201581028
6679 0.237154150198
6687 0.241106719368
6802 0.245059288538
6856 0.249011857708
6861 0.252964426877
6871 0.256916996047
6911 0.260869565217
6938 0.264822134387
7075 0.268774703557
7094 0.272727272727
7206 0.276679841897
7217 0.280632411067
7251 0.284584980237
7276 0.288537549407
7300 0.292490118577
7327 0.296442687747
7430 0.300395256917
7440 0.304347826087
7508 0.308300395257
7673 0.312252964427
7674 0.316205533597
7708 0.320158102767
7722 0.324110671937
7834 0.328063241107
7881 0.332015810277
7891 0.335968379447
7892 0.339920948617
7929 0.343873517787
7974 0.347826086957
8009 0.351778656126
8105 0.355731225296
8239 0.359683794466
8281 0.363636363636
8415 0.367588932806
8568 0.371541501976
8576 0.375494071146
8608 0.379446640316
8849 0.383399209486
8978 0.387351778656
9103 0.391304347826
9132 0.395256916996
9187 0.399209486166
9264 0.403162055336
9272 0.407114624506
9288 0.411067193676
9377 0.415019762846
9505 0.418972332016
9567 0.422924901186
9601 0.426877470356
9664 0.430830039526
9748 0.434782608696
9815 0.438735177866
9834 0.442687747036
9848 0.446640316206
9910 0.450592885375
9960 0.454545454545
9965 0.458498023715
9974 0.462450592885
10072 0.466403162055
10315 0.470355731225
10432 0.474308300395
10456 0.478260869565
10546 0.482213438735
10560 0.486166007905
10640 0.490118577075
10654 0.494071146245
10656 0.498023715415
10778 0.501976284585
10813 0.505928853755
10891 0.509881422925
11005 0.513833992095
11029 0.517786561265
11103 0.521739130435
11110 0.525691699605
11232 0.529644268775
11265 0.533596837945
11302 0.537549407115
11439 0.541501976285
11478 0.545454545455
11559 0.549407114625
11641 0.553359683794
11681 0.557312252964
11779 0.561264822134
11858 0.565217391304
11888 0.569169960474
12094 0.573122529644
12155 0.581027667984
12155 0.581027667984
12218 0.584980237154
12228 0.588932806324
12294 0.592885375494
12313 0.596837944664
12325 0.600790513834
12411 0.604743083004
12444 0.608695652174
12475 0.612648221344
12535 0.616600790514
12611 0.620553359684
12643 0.624505928854
12657 0.628458498024
12694 0.632411067194
12781 0.636363636364
12907 0.640316205534
12976 0.644268774704
12998 0.648221343874
13093 0.652173913043
13205 0.656126482213
13218 0.660079051383
13674 0.664031620553
13686 0.667984189723
13730 0.671936758893
13842 0.675889328063
13848 0.679841897233
13959 0.683794466403
14055 0.687747035573
14085 0.691699604743
14275 0.695652173913
14338 0.699604743083
14345 0.703557312253
14408 0.707509881423
14523 0.711462450593
14547 0.715415019763
14886 0.719367588933
14976 0.723320158103
15253 0.727272727273
15338 0.731225296443
15565 0.735177865613
15698 0.739130434783
15820 0.743083003953
16119 0.747035573123
16205 0.750988142292
16394 0.754940711462
16424 0.758893280632
16435 0.762845849802
16640 0.766798418972
16966 0.770750988142
16987 0.774703557312
17267 0.778656126482
17307 0.782608695652
17525 0.786561264822
17530 0.790513833992
17537 0.794466403162
17539 0.798418972332
17637 0.802371541502
17917 0.806324110672
18523 0.810276679842
18690 0.814229249012
18751 0.818181818182
18763 0.822134387352
18949 0.826086956522
19178 0.830039525692
19387 0.833992094862
19535 0.837944664032
19570 0.841897233202
19654 0.845849802372
20320 0.849802371542
20373 0.853754940711
20715 0.857707509881
20939 0.861660079051
21076 0.865612648221
21189 0.869565217391
21280 0.873517786561
21495 0.877470355731
21678 0.881422924901
22084 0.885375494071
22097 0.889328063241
22581 0.893280632411
22998 0.897233201581
23034 0.901185770751
23114 0.905138339921
23202 0.909090909091
23659 0.913043478261
24024 0.916996047431
24817 0.920948616601
25053 0.924901185771
25245 0.928853754941
27626 0.932806324111
29621 0.936758893281
29843 0.940711462451
36134 0.944664031621
36355 0.948616600791
36743 0.95256916996
37317 0.95652173913
39544 0.9604743083
40943 0.96442687747
41258 0.96837944664
41368 0.97233201581
43041 0.97628458498
43057 0.98023715415
46994 0.98418972332
48463 0.98814229249
58123 0.99209486166
76426 0.99604743083
85593 1.0
