33 0.0020202020202
555 0.0040404040404
695 0.00606060606061
757 0.00808080808081
893 0.010101010101
1034 0.0121212121212
1049 0.0141414141414
1166 0.0161616161616
1357 0.0181818181818
1497 0.020202020202
1603 0.0222222222222
1640 0.0242424242424
1652 0.0262626262626
1670 0.0282828282828
1684 0.030303030303
1698 0.0323232323232
1709 0.0343434343434
1716 0.0363636363636
1732 0.0383838383838
1813 0.040404040404
1824 0.0424242424242
1841 0.0444444444444
1876 0.0464646464646
1958 0.0484848484848
2021 0.0505050505051
2052 0.0525252525253
2081 0.0545454545455
2096 0.0565656565657
2131 0.0585858585859
2192 0.0606060606061
2239 0.0626262626263
2242 0.0646464646465
2257 0.0666666666667
2264 0.0686868686869
2288 0.0707070707071
2312 0.0727272727273
2339 0.0747474747475
2354 0.0767676767677
2367 0.0787878787879
2443 0.0828282828283
2443 0.0828282828283
2463 0.0848484848485
2569 0.0868686868687
2624 0.0888888888889
2654 0.0909090909091
2662 0.0929292929293
2692 0.0949494949495
2694 0.0969696969697
2708 0.0989898989899
2709 0.10101010101
2774 0.10303030303
2791 0.105050505051
2814 0.107070707071
2840 0.109090909091
2850 0.113131313131
2850 0.113131313131
2884 0.115151515152
2893 0.117171717172
2901 0.119191919192
2935 0.121212121212
2946 0.123232323232
2949 0.125252525253
2954 0.127272727273
2958 0.129292929293
2974 0.131313131313
2992 0.133333333333
2996 0.135353535354
3019 0.137373737374
3038 0.139393939394
3062 0.141414141414
3067 0.143434343434
3076 0.145454545455
3087 0.147474747475
3112 0.149494949495
3113 0.151515151515
3115 0.153535353535
3118 0.155555555556
3121 0.157575757576
3125 0.159595959596
3129 0.161616161616
3136 0.163636363636
3140 0.165656565657
3157 0.167676767677
3162 0.169696969697
3164 0.171717171717
3166 0.173737373737
3181 0.175757575758
3182 0.177777777778
3214 0.179797979798
3245 0.181818181818
3266 0.183838383838
3278 0.185858585859
3286 0.187878787879
3290 0.189898989899
3314 0.191919191919
3324 0.193939393939
3337 0.19595959596
3368 0.19797979798
3382 0.2
3385 0.20202020202
3391 0.206060606061
3391 0.206060606061
3401 0.208080808081
3408 0.210101010101
3474 0.212121212121
3481 0.214141414141
3482 0.218181818182
3482 0.218181818182
3503 0.220202020202
3521 0.222222222222
3523 0.224242424242
3532 0.226262626263
3533 0.228282828283
3575 0.230303030303
3583 0.232323232323
3588 0.234343434343
3597 0.236363636364
3605 0.238383838384
3640 0.242424242424
3640 0.242424242424
3650 0.244444444444
3661 0.246464646465
3669 0.248484848485
3692 0.250505050505
3718 0.252525252525
3723 0.254545454545
3731 0.256565656566
3743 0.258585858586
3748 0.260606060606
3813 0.262626262626
3833 0.264646464646
3859 0.266666666667
3862 0.268686868687
3864 0.270707070707
3878 0.272727272727
3880 0.274747474747
3920 0.276767676768
3936 0.278787878788
3948 0.280808080808
3949 0.282828282828
3976 0.286868686869
3976 0.286868686869
3977 0.288888888889
3984 0.290909090909
3987 0.292929292929
3994 0.294949494949
4027 0.29696969697
4028 0.29898989899
4063 0.30101010101
4113 0.30303030303
4119 0.305050505051
4144 0.307070707071
4160 0.309090909091
4188 0.313131313131
4188 0.313131313131
4189 0.315151515152
4196 0.317171717172
4198 0.319191919192
4203 0.321212121212
4208 0.325252525253
4208 0.325252525253
4226 0.327272727273
4231 0.329292929293
4237 0.331313131313
4251 0.333333333333
4261 0.335353535354
4283 0.337373737374
4292 0.339393939394
4300 0.341414141414
4301 0.343434343434
4318 0.345454545455
4322 0.347474747475
4345 0.349494949495
4404 0.351515151515
4408 0.353535353535
4431 0.355555555556
4439 0.357575757576
4441 0.359595959596
4444 0.361616161616
4450 0.363636363636
4478 0.365656565657
4519 0.367676767677
4522 0.369696969697
4530 0.371717171717
4541 0.373737373737
4543 0.375757575758
4556 0.377777777778
4558 0.379797979798
4593 0.381818181818
4595 0.383838383838
4613 0.385858585859
4622 0.387878787879
4650 0.389898989899
4672 0.391919191919
4682 0.393939393939
4687 0.39595959596
4692 0.39797979798
4726 0.4
4738 0.40202020202
4753 0.40404040404
4759 0.406060606061
4781 0.408080808081
4789 0.410101010101
4832 0.414141414141
4832 0.414141414141
4836 0.416161616162
4850 0.418181818182
4854 0.420202020202
4862 0.422222222222
4891 0.424242424242
4892 0.426262626263
4902 0.428282828283
4916 0.430303030303
4930 0.432323232323
4936 0.434343434343
4962 0.436363636364
4971 0.438383838384
4979 0.440404040404
4983 0.442424242424
4991 0.444444444444
5000 0.446464646465
5004 0.448484848485
5015 0.450505050505
5016 0.452525252525
5026 0.454545454545
5040 0.456565656566
5050 0.458585858586
5075 0.460606060606
5083 0.462626262626
5091 0.464646464646
5113 0.466666666667
5146 0.468686868687
5154 0.470707070707
5159 0.472727272727
5164 0.474747474747
5165 0.476767676768
5166 0.478787878788
5167 0.480808080808
5172 0.482828282828
5201 0.484848484848
5207 0.486868686869
5241 0.488888888889
5251 0.490909090909
5290 0.492929292929
5302 0.494949494949
5305 0.49696969697
5306 0.49898989899
5309 0.50101010101
5322 0.50303030303
5351 0.505050505051
5374 0.507070707071
5375 0.509090909091
5388 0.511111111111
5389 0.513131313131
5413 0.515151515152
5429 0.517171717172
5437 0.519191919192
5438 0.521212121212
5447 0.523232323232
5450 0.525252525253
5479 0.527272727273
5480 0.529292929293
5486 0.531313131313
5519 0.533333333333
5526 0.535353535354
5527 0.537373737374
5543 0.539393939394
5558 0.541414141414
5583 0.543434343434
5592 0.545454545455
5639 0.547474747475
5647 0.549494949495
5650 0.551515151515
5654 0.553535353535
5660 0.555555555556
5681 0.557575757576
5686 0.559595959596
5698 0.561616161616
5714 0.563636363636
5715 0.565656565657
5761 0.567676767677
5782 0.569696969697
5834 0.571717171717
5846 0.573737373737
5899 0.575757575758
5901 0.577777777778
6057 0.579797979798
6102 0.581818181818
6140 0.583838383838
6147 0.585858585859
6156 0.587878787879
6179 0.589898989899
6201 0.591919191919
6210 0.593939393939
6229 0.59595959596
6234 0.59797979798
6250 0.60202020202
6250 0.60202020202
6269 0.606060606061
6269 0.606060606061
6274 0.608080808081
6311 0.610101010101
6336 0.612121212121
6348 0.614141414141
6361 0.616161616162
6366 0.618181818182
6368 0.620202020202
6388 0.622222222222
6400 0.624242424242
6428 0.626262626263
6438 0.628282828283
6447 0.630303030303
6450 0.632323232323
6465 0.634343434343
6466 0.636363636364
6474 0.638383838384
6484 0.640404040404
6501 0.642424242424
6505 0.644444444444
6523 0.646464646465
6539 0.648484848485
6574 0.650505050505
6581 0.652525252525
6626 0.654545454545
6743 0.656565656566
6757 0.658585858586
6768 0.660606060606
6798 0.662626262626
6820 0.664646464646
6822 0.666666666667
6824 0.668686868687
6842 0.670707070707
6850 0.672727272727
6878 0.674747474747
6925 0.676767676768
6931 0.678787878788
6936 0.680808080808
6944 0.682828282828
6993 0.684848484848
7021 0.686868686869
7022 0.688888888889
7036 0.690909090909
7118 0.692929292929
7122 0.694949494949
7139 0.69696969697
7145 0.69898989899
7149 0.70101010101
7153 0.70303030303
7154 0.705050505051
7159 0.707070707071
7199 0.709090909091
7262 0.711111111111
7265 0.713131313131
7283 0.715151515152
7317 0.717171717172
7327 0.719191919192
7342 0.721212121212
7354 0.723232323232
7379 0.725252525253
7400 0.727272727273
7419 0.729292929293
7432 0.731313131313
7441 0.733333333333
7455 0.735353535354
7497 0.737373737374
7518 0.739393939394
7523 0.741414141414
7526 0.743434343434
7553 0.745454545455
7557 0.747474747475
7579 0.749494949495
7583 0.751515151515
7610 0.753535353535
7635 0.755555555556
7647 0.757575757576
7665 0.759595959596
7704 0.761616161616
7767 0.763636363636
7833 0.765656565657
7841 0.767676767677
7899 0.769696969697
7900 0.771717171717
7928 0.773737373737
7959 0.775757575758
7964 0.777777777778
7972 0.779797979798
7974 0.781818181818
8045 0.783838383838
8085 0.785858585859
8117 0.787878787879
8231 0.789898989899
8233 0.791919191919
8270 0.793939393939
8276 0.79595959596
8336 0.79797979798
8346 0.8
8381 0.80202020202
8382 0.80404040404
8416 0.806060606061
8461 0.808080808081
8603 0.810101010101
8666 0.812121212121
8713 0.814141414141
8768 0.818181818182
8768 0.818181818182
8775 0.820202020202
8867 0.822222222222
8951 0.824242424242
9000 0.826262626263
9011 0.828282828283
9108 0.830303030303
9115 0.832323232323
9189 0.834343434343
9333 0.836363636364
9419 0.838383838384
9432 0.840404040404
9449 0.842424242424
9609 0.844444444444
9622 0.846464646465
9657 0.848484848485
9721 0.850505050505
9754 0.852525252525
9763 0.856565656566
9763 0.856565656566
9975 0.858585858586
10033 0.860606060606
10071 0.862626262626
10112 0.864646464646
10152 0.866666666667
10156 0.868686868687
10189 0.870707070707
10216 0.872727272727
10271 0.874747474747
10393 0.876767676768
10394 0.878787878788
10430 0.880808080808
10438 0.882828282828
10518 0.884848484848
10538 0.886868686869
10586 0.888888888889
10593 0.890909090909
10644 0.892929292929
10799 0.894949494949
10930 0.89696969697
10936 0.89898989899
10972 0.90101010101
10996 0.90303030303
11000 0.905050505051
11123 0.907070707071
11267 0.909090909091
11415 0.911111111111
11488 0.913131313131
11521 0.915151515152
11538 0.917171717172
11553 0.919191919192
11599 0.921212121212
11623 0.923232323232
11644 0.925252525253
11804 0.927272727273
12041 0.929292929293
12092 0.931313131313
12135 0.933333333333
12159 0.935353535354
12331 0.937373737374
12514 0.939393939394
12603 0.941414141414
12681 0.943434343434
12969 0.945454545455
13011 0.947474747475
13102 0.949494949495
13266 0.951515151515
13280 0.953535353535
13304 0.955555555556
13339 0.957575757576
13353 0.959595959596
13607 0.961616161616
13780 0.963636363636
14096 0.965656565657
14399 0.967676767677
14478 0.969696969697
14494 0.971717171717
14730 0.973737373737
14731 0.975757575758
15020 0.977777777778
15303 0.979797979798
15354 0.981818181818
15437 0.983838383838
16431 0.985858585859
17307 0.987878787879
17863 0.989898989899
17892 0.991919191919
18162 0.993939393939
19912 0.99595959596
23531 0.99797979798
41128 1.0
