28 0.00202429149798
501 0.00404858299595
616 0.00607287449393
768 0.0080971659919
874 0.0101214574899
896 0.0121457489879
961 0.0141700404858
1002 0.0161943319838
1134 0.0182186234818
1303 0.0202429149798
1305 0.0222672064777
1319 0.0242914979757
1325 0.0263157894737
1360 0.0283400809717
1391 0.0303643724696
1394 0.0323886639676
1410 0.0344129554656
1420 0.0364372469636
1435 0.0384615384615
1457 0.0404858299595
1479 0.0425101214575
1532 0.0445344129555
1540 0.0465587044534
1603 0.0485829959514
1632 0.0506072874494
1652 0.0526315789474
1655 0.0546558704453
1661 0.0566801619433
1682 0.0587044534413
1717 0.0607287449393
1810 0.0627530364372
1825 0.0647773279352
1838 0.0668016194332
1844 0.0688259109312
1846 0.0708502024291
1853 0.0728744939271
1977 0.0748987854251
1980 0.0769230769231
2001 0.0789473684211
2010 0.080971659919
2027 0.082995951417
2046 0.085020242915
2090 0.087044534413
2124 0.0890688259109
2151 0.0910931174089
2155 0.0931174089069
2166 0.0951417004049
2171 0.0971659919028
2216 0.0991902834008
2217 0.101214574899
2239 0.103238866397
2261 0.105263157895
2262 0.107287449393
2281 0.109311740891
2285 0.111336032389
2290 0.113360323887
2292 0.115384615385
2319 0.117408906883
2321 0.119433198381
2324 0.121457489879
2331 0.123481781377
2332 0.125506072874
2351 0.12955465587
2351 0.12955465587
2370 0.131578947368
2374 0.133603238866
2384 0.135627530364
2387 0.13967611336
2387 0.13967611336
2394 0.141700404858
2415 0.143724696356
2430 0.145748987854
2433 0.147773279352
2435 0.14979757085
2457 0.151821862348
2480 0.153846153846
2490 0.155870445344
2495 0.157894736842
2500 0.15991902834
2506 0.161943319838
2516 0.163967611336
2520 0.165991902834
2532 0.168016194332
2537 0.17004048583
2543 0.172064777328
2555 0.174089068826
2569 0.176113360324
2571 0.178137651822
2573 0.18016194332
2574 0.184210526316
2574 0.184210526316
2575 0.186234817814
2592 0.188259109312
2593 0.19028340081
2595 0.192307692308
2600 0.194331983806
2606 0.196356275304
2607 0.198380566802
2612 0.2004048583
2613 0.202429149798
2615 0.204453441296
2627 0.206477732794
2635 0.208502024291
2647 0.210526315789
2651 0.212550607287
2654 0.214574898785
2671 0.216599190283
2684 0.218623481781
2686 0.220647773279
2687 0.222672064777
2693 0.224696356275
2705 0.226720647773
2711 0.228744939271
2726 0.230769230769
2736 0.232793522267
2738 0.234817813765
2744 0.236842105263
2751 0.238866396761
2759 0.240890688259
2768 0.242914979757
2769 0.244939271255
2777 0.246963562753
2791 0.248987854251
2804 0.251012145749
2805 0.253036437247
2812 0.255060728745
2817 0.257085020243
2831 0.259109311741
2832 0.261133603239
2852 0.263157894737
2869 0.265182186235
2890 0.267206477733
2899 0.271255060729
2899 0.271255060729
2921 0.273279352227
2925 0.275303643725
2939 0.277327935223
2940 0.279352226721
2943 0.281376518219
2945 0.283400809717
2951 0.285425101215
2953 0.287449392713
2957 0.289473684211
2962 0.291497975709
2984 0.293522267206
2994 0.295546558704
3014 0.297570850202
3017 0.2995951417
3024 0.301619433198
3027 0.303643724696
3037 0.305668016194
3044 0.307692307692
3108 0.30971659919
3113 0.311740890688
3144 0.313765182186
3155 0.317813765182
3155 0.317813765182
3168 0.31983805668
3181 0.321862348178
3183 0.323886639676
3189 0.325910931174
3191 0.327935222672
3196 0.32995951417
3222 0.331983805668
3226 0.334008097166
3233 0.336032388664
3234 0.338056680162
3246 0.342105263158
3246 0.342105263158
3248 0.344129554656
3271 0.346153846154
3274 0.348178137652
3276 0.35020242915
3290 0.352226720648
3304 0.354251012146
3318 0.356275303644
3320 0.358299595142
3321 0.36032388664
3329 0.362348178138
3332 0.364372469636
3352 0.366396761134
3353 0.37044534413
3353 0.37044534413
3359 0.372469635628
3363 0.374493927126
3367 0.376518218623
3391 0.378542510121
3408 0.380566801619
3485 0.382591093117
3490 0.384615384615
3493 0.386639676113
3497 0.388663967611
3500 0.390688259109
3510 0.392712550607
3512 0.394736842105
3534 0.396761133603
3538 0.398785425101
3540 0.400809716599
3547 0.402834008097
3548 0.404858299595
3556 0.406882591093
3558 0.408906882591
3570 0.410931174089
3574 0.412955465587
3580 0.414979757085
3581 0.417004048583
3597 0.419028340081
3603 0.423076923077
3603 0.423076923077
3609 0.425101214575
3628 0.427125506073
3630 0.429149797571
3642 0.431174089069
3663 0.433198380567
3674 0.437246963563
3674 0.437246963563
3676 0.439271255061
3696 0.441295546559
3705 0.443319838057
3722 0.445344129555
3727 0.447368421053
3741 0.449392712551
3747 0.451417004049
3748 0.453441295547
3753 0.455465587045
3759 0.457489878543
3765 0.45951417004
3780 0.461538461538
3790 0.463562753036
3793 0.465587044534
3794 0.467611336032
3806 0.46963562753
3830 0.473684210526
3830 0.473684210526
3834 0.475708502024
3841 0.477732793522
3866 0.47975708502
3882 0.481781376518
3887 0.483805668016
3888 0.485829959514
3899 0.487854251012
3918 0.48987854251
3947 0.491902834008
3955 0.493927125506
3962 0.495951417004
3972 0.497975708502
4010 0.5
4021 0.502024291498
4024 0.504048582996
4025 0.506072874494
4036 0.508097165992
4044 0.51012145749
4061 0.512145748988
4067 0.514170040486
4099 0.518218623482
4099 0.518218623482
4117 0.52024291498
4135 0.522267206478
4141 0.524291497976
4144 0.526315789474
4148 0.528340080972
4174 0.53036437247
4176 0.532388663968
4177 0.534412955466
4189 0.536437246964
4190 0.538461538462
4195 0.54048582996
4200 0.542510121457
4208 0.544534412955
4210 0.546558704453
4218 0.548582995951
4224 0.550607287449
4226 0.552631578947
4272 0.554655870445
4276 0.556680161943
4304 0.558704453441
4332 0.560728744939
4344 0.562753036437
4349 0.564777327935
4360 0.566801619433
4377 0.568825910931
4381 0.570850202429
4402 0.572874493927
4409 0.574898785425
4422 0.578947368421
4422 0.578947368421
4423 0.580971659919
4430 0.582995951417
4432 0.585020242915
4464 0.587044534413
4476 0.589068825911
4481 0.591093117409
4488 0.593117408907
4494 0.595141700405
4519 0.597165991903
4523 0.599190283401
4524 0.601214574899
4539 0.603238866397
4570 0.605263157895
4590 0.607287449393
4613 0.609311740891
4621 0.611336032389
4637 0.613360323887
4640 0.615384615385
4648 0.617408906883
4654 0.619433198381
4689 0.621457489879
4692 0.623481781377
4712 0.625506072874
4721 0.627530364372
4728 0.62955465587
4735 0.631578947368
4742 0.633603238866
4763 0.635627530364
4770 0.637651821862
4803 0.63967611336
4819 0.641700404858
4826 0.643724696356
4842 0.645748987854
4844 0.647773279352
4850 0.64979757085
4862 0.651821862348
4922 0.653846153846
4951 0.655870445344
4964 0.657894736842
5043 0.65991902834
5045 0.661943319838
5052 0.663967611336
5069 0.665991902834
5075 0.67004048583
5075 0.67004048583
5076 0.672064777328
5093 0.674089068826
5126 0.676113360324
5133 0.678137651822
5156 0.68016194332
5166 0.682186234818
5174 0.684210526316
5175 0.688259109312
5175 0.688259109312
5182 0.69028340081
5199 0.692307692308
5209 0.694331983806
5232 0.696356275304
5269 0.698380566802
5293 0.7004048583
5298 0.702429149798
5313 0.704453441296
5349 0.706477732794
5402 0.708502024291
5415 0.710526315789
5440 0.712550607287
5451 0.714574898785
5477 0.716599190283
5520 0.718623481781
5523 0.720647773279
5526 0.722672064777
5533 0.724696356275
5543 0.726720647773
5553 0.728744939271
5599 0.730769230769
5608 0.732793522267
5613 0.734817813765
5629 0.736842105263
5644 0.738866396761
5658 0.740890688259
5663 0.742914979757
5704 0.744939271255
5722 0.746963562753
5745 0.748987854251
5754 0.751012145749
5779 0.753036437247
5793 0.755060728745
5818 0.757085020243
5829 0.759109311741
5840 0.761133603239
5851 0.763157894737
5860 0.765182186235
5881 0.767206477733
5913 0.769230769231
5947 0.771255060729
5988 0.773279352227
6019 0.775303643725
6021 0.777327935223
6067 0.779352226721
6101 0.781376518219
6114 0.783400809717
6123 0.785425101215
6125 0.789473684211
6125 0.789473684211
6161 0.791497975709
6184 0.793522267206
6185 0.795546558704
6190 0.797570850202
6206 0.7995951417
6207 0.801619433198
6214 0.803643724696
6316 0.805668016194
6343 0.807692307692
6353 0.80971659919
6452 0.811740890688
6580 0.813765182186
6588 0.815789473684
6593 0.817813765182
6667 0.81983805668
6742 0.821862348178
6744 0.823886639676
6768 0.825910931174
6777 0.827935222672
6788 0.82995951417
6800 0.831983805668
6966 0.834008097166
6979 0.836032388664
7000 0.838056680162
7040 0.84008097166
7083 0.842105263158
7106 0.844129554656
7128 0.846153846154
7131 0.85020242915
7131 0.85020242915
7142 0.852226720648
7143 0.854251012146
7178 0.856275303644
7256 0.858299595142
7301 0.86032388664
7355 0.862348178138
7382 0.864372469636
7384 0.866396761134
7388 0.868421052632
7416 0.87044534413
7432 0.872469635628
7447 0.874493927126
7477 0.876518218623
7510 0.878542510121
7519 0.880566801619
7540 0.882591093117
7560 0.884615384615
7608 0.886639676113
7697 0.888663967611
7743 0.890688259109
7773 0.892712550607
7776 0.894736842105
7837 0.896761133603
7841 0.898785425101
7850 0.900809716599
7914 0.902834008097
7950 0.904858299595
8098 0.906882591093
8111 0.908906882591
8221 0.910931174089
8251 0.912955465587
8261 0.914979757085
8308 0.917004048583
8382 0.919028340081
8537 0.921052631579
8594 0.923076923077
8776 0.925101214575
8780 0.927125506073
8814 0.929149797571
8834 0.931174089069
9002 0.933198380567
9079 0.935222672065
9135 0.937246963563
9199 0.939271255061
9303 0.941295546559
9354 0.943319838057
9391 0.945344129555
9429 0.947368421053
9488 0.949392712551
9531 0.951417004049
9614 0.953441295547
9865 0.955465587045
10068 0.957489878543
10101 0.95951417004
10124 0.961538461538
10141 0.963562753036
10165 0.965587044534
10219 0.967611336032
10247 0.96963562753
10265 0.971659919028
10636 0.973684210526
10700 0.975708502024
10729 0.977732793522
10768 0.97975708502
10820 0.981781376518
10832 0.983805668016
10961 0.985829959514
11034 0.987854251012
11182 0.98987854251
11252 0.991902834008
11649 0.993927125506
12305 0.995951417004
13973 0.997975708502
37261 1.0
