32 0.0020325203252
566 0.00406504065041
773 0.00609756097561
2108 0.00813008130081
2229 0.010162601626
2585 0.0121951219512
2965 0.0142276422764
3178 0.0162601626016
3569 0.0182926829268
3780 0.020325203252
4157 0.0223577235772
4230 0.0243902439024
4345 0.0264227642276
4444 0.0284552845528
4496 0.030487804878
4612 0.0325203252033
4980 0.0345528455285
5055 0.0365853658537
5667 0.0386178861789
5935 0.0406504065041
5996 0.0426829268293
6249 0.0447154471545
6571 0.0467479674797
7405 0.0487804878049
7435 0.0508130081301
8013 0.0528455284553
8251 0.0548780487805
8302 0.0569105691057
8512 0.0589430894309
8629 0.0609756097561
8760 0.0650406504065
8760 0.0650406504065
8986 0.0670731707317
8990 0.0691056910569
9328 0.0711382113821
9368 0.0731707317073
9660 0.0752032520325
10829 0.0772357723577
10947 0.0792682926829
11108 0.0813008130081
11296 0.0833333333333
11712 0.0853658536585
11713 0.0873983739837
12137 0.0894308943089
12567 0.0914634146341
12869 0.0934959349593
12931 0.0955284552846
12939 0.0975609756098
13198 0.099593495935
13648 0.10162601626
13967 0.103658536585
14221 0.105691056911
14400 0.107723577236
14430 0.109756097561
14770 0.111788617886
15495 0.113821138211
15945 0.115853658537
16345 0.117886178862
16566 0.119918699187
17539 0.121951219512
17720 0.123983739837
18294 0.126016260163
19008 0.128048780488
19138 0.130081300813
19271 0.132113821138
19523 0.134146341463
19543 0.136178861789
19820 0.138211382114
20024 0.140243902439
20198 0.142276422764
20280 0.144308943089
20285 0.146341463415
20845 0.14837398374
20866 0.150406504065
20930 0.15243902439
20965 0.154471544715
21134 0.156504065041
21559 0.158536585366
21773 0.160569105691
22146 0.162601626016
22225 0.164634146341
22522 0.166666666667
22700 0.168699186992
23044 0.170731707317
23331 0.172764227642
23447 0.174796747967
23684 0.176829268293
24309 0.178861788618
24441 0.180894308943
24493 0.182926829268
24743 0.184959349593
24778 0.186991869919
25206 0.189024390244
25220 0.191056910569
25268 0.193089430894
25388 0.19512195122
25483 0.197154471545
25589 0.19918699187
25625 0.201219512195
26105 0.20325203252
26451 0.205284552846
26517 0.207317073171
26523 0.209349593496
26567 0.211382113821
26570 0.213414634146
26702 0.215447154472
26904 0.217479674797
27032 0.219512195122
27054 0.221544715447
27816 0.223577235772
27819 0.225609756098
28049 0.227642276423
28051 0.229674796748
28127 0.231707317073
28238 0.233739837398
28333 0.235772357724
28450 0.237804878049
28656 0.239837398374
29091 0.241869918699
29188 0.243902439024
29327 0.24593495935
29815 0.247967479675
30043 0.25
30066 0.252032520325
30157 0.25406504065
30300 0.256097560976
30677 0.258130081301
31299 0.260162601626
31354 0.262195121951
31425 0.264227642276
31667 0.266260162602
31862 0.268292682927
32379 0.270325203252
32897 0.272357723577
33036 0.274390243902
33063 0.276422764228
33092 0.278455284553
33564 0.280487804878
33612 0.282520325203
33752 0.284552845528
33825 0.286585365854
34172 0.288617886179
34346 0.290650406504
34523 0.292682926829
34618 0.294715447154
34694 0.29674796748
34981 0.298780487805
35160 0.30081300813
35324 0.302845528455
35362 0.30487804878
35925 0.306910569106
36287 0.308943089431
36371 0.310975609756
36414 0.313008130081
36455 0.315040650407
36460 0.317073170732
36541 0.319105691057
36702 0.321138211382
37131 0.323170731707
37335 0.325203252033
37369 0.327235772358
37766 0.329268292683
38344 0.331300813008
39042 0.333333333333
39440 0.335365853659
39736 0.337398373984
40142 0.339430894309
40358 0.341463414634
40656 0.343495934959
40686 0.345528455285
40879 0.34756097561
41256 0.349593495935
41457 0.35162601626
41969 0.353658536585
42247 0.355691056911
42683 0.357723577236
42702 0.359756097561
42839 0.361788617886
42915 0.363821138211
43120 0.365853658537
43158 0.367886178862
43481 0.369918699187
43837 0.371951219512
43921 0.373983739837
44113 0.376016260163
44463 0.378048780488
44647 0.380081300813
45255 0.382113821138
45479 0.384146341463
45748 0.386178861789
45868 0.388211382114
45881 0.390243902439
46245 0.392276422764
46468 0.394308943089
46668 0.396341463415
46865 0.39837398374
47149 0.400406504065
47382 0.40243902439
47529 0.404471544715
47586 0.406504065041
47597 0.408536585366
47818 0.410569105691
47843 0.412601626016
48193 0.414634146341
48280 0.416666666667
48490 0.418699186992
48494 0.420731707317
48796 0.422764227642
49198 0.424796747967
49309 0.426829268293
49489 0.428861788618
49491 0.430894308943
49597 0.432926829268
49611 0.434959349593
49719 0.436991869919
50186 0.439024390244
50485 0.441056910569
50578 0.443089430894
50851 0.44512195122
51286 0.447154471545
51433 0.44918699187
51517 0.451219512195
51789 0.45325203252
51879 0.455284552846
51892 0.457317073171
52200 0.459349593496
52398 0.461382113821
52413 0.463414634146
53466 0.465447154472
53718 0.467479674797
53979 0.469512195122
54306 0.471544715447
54964 0.473577235772
54974 0.475609756098
55194 0.477642276423
55227 0.479674796748
55302 0.481707317073
55882 0.483739837398
56026 0.485772357724
56153 0.487804878049
56448 0.489837398374
56480 0.491869918699
56540 0.493902439024
57022 0.49593495935
57222 0.497967479675
57267 0.5
57349 0.502032520325
57563 0.50406504065
57570 0.506097560976
58077 0.508130081301
58194 0.510162601626
58289 0.512195121951
58762 0.514227642276
58787 0.516260162602
58857 0.518292682927
59169 0.520325203252
59234 0.522357723577
59325 0.524390243902
59477 0.526422764228
59551 0.528455284553
60092 0.530487804878
60217 0.532520325203
60529 0.534552845528
60863 0.536585365854
61110 0.538617886179
61381 0.540650406504
61435 0.542682926829
61710 0.544715447154
61715 0.54674796748
61972 0.548780487805
62695 0.55081300813
62790 0.552845528455
63096 0.55487804878
63180 0.556910569106
63481 0.558943089431
63741 0.560975609756
63797 0.563008130081
63859 0.565040650407
64026 0.567073170732
64547 0.569105691057
64564 0.571138211382
64731 0.573170731707
64807 0.575203252033
65129 0.577235772358
65621 0.579268292683
65974 0.581300813008
66093 0.583333333333
66264 0.585365853659
66411 0.587398373984
67196 0.589430894309
67659 0.591463414634
67827 0.593495934959
67879 0.595528455285
67908 0.59756097561
67942 0.599593495935
68064 0.60162601626
68206 0.603658536585
68762 0.605691056911
68997 0.607723577236
69058 0.609756097561
69230 0.611788617886
69458 0.613821138211
70014 0.615853658537
70067 0.617886178862
70253 0.619918699187
70607 0.621951219512
70716 0.623983739837
70804 0.626016260163
71027 0.628048780488
71320 0.630081300813
71674 0.632113821138
71688 0.634146341463
71753 0.636178861789
71927 0.638211382114
72433 0.640243902439
72477 0.642276422764
72650 0.644308943089
72857 0.646341463415
73556 0.64837398374
73825 0.650406504065
74112 0.65243902439
74642 0.654471544715
74673 0.656504065041
75026 0.658536585366
75221 0.660569105691
75482 0.662601626016
75496 0.664634146341
75547 0.666666666667
76418 0.668699186992
77421 0.670731707317
77794 0.672764227642
78314 0.674796747967
78705 0.676829268293
78726 0.678861788618
79095 0.680894308943
79158 0.682926829268
79517 0.684959349593
79774 0.686991869919
80187 0.689024390244
80484 0.691056910569
80866 0.693089430894
81075 0.69512195122
81091 0.697154471545
81142 0.69918699187
81355 0.701219512195
81725 0.70325203252
82388 0.705284552846
82758 0.707317073171
83777 0.709349593496
83932 0.711382113821
84245 0.713414634146
84551 0.715447154472
85683 0.717479674797
85995 0.719512195122
86176 0.721544715447
86232 0.723577235772
87186 0.725609756098
87956 0.727642276423
88485 0.729674796748
89015 0.731707317073
89235 0.733739837398
89548 0.735772357724
89832 0.737804878049
89910 0.739837398374
89951 0.741869918699
90415 0.743902439024
90926 0.74593495935
91040 0.747967479675
91420 0.75
91494 0.752032520325
92369 0.75406504065
93059 0.756097560976
93136 0.758130081301
94786 0.760162601626
94838 0.762195121951
95480 0.764227642276
95541 0.766260162602
95547 0.768292682927
95652 0.770325203252
96500 0.772357723577
96929 0.774390243902
97310 0.776422764228
97883 0.778455284553
97906 0.780487804878
99670 0.782520325203
99702 0.784552845528
99867 0.786585365854
99982 0.788617886179
100043 0.790650406504
100346 0.792682926829
100377 0.794715447154
100451 0.79674796748
101449 0.798780487805
101662 0.80081300813
101913 0.802845528455
102210 0.80487804878
102375 0.806910569106
102691 0.808943089431
103220 0.810975609756
103233 0.813008130081
104513 0.815040650407
104547 0.817073170732
104830 0.819105691057
105293 0.821138211382
105661 0.823170731707
105747 0.825203252033
106203 0.827235772358
106929 0.829268292683
107028 0.831300813008
107257 0.833333333333
107408 0.835365853659
111869 0.837398373984
112003 0.839430894309
113473 0.841463414634
113523 0.843495934959
113735 0.845528455285
113757 0.84756097561
113795 0.849593495935
114778 0.85162601626
115562 0.853658536585
117156 0.855691056911
118422 0.857723577236
118719 0.859756097561
120037 0.861788617886
120056 0.863821138211
120478 0.865853658537
120846 0.867886178862
124933 0.869918699187
125220 0.871951219512
125259 0.873983739837
125579 0.876016260163
126342 0.878048780488
128611 0.880081300813
128719 0.882113821138
128743 0.884146341463
129548 0.886178861789
130611 0.888211382114
132239 0.890243902439
132451 0.892276422764
132762 0.894308943089
133154 0.896341463415
133900 0.89837398374
134342 0.900406504065
135286 0.90243902439
138569 0.904471544715
138775 0.906504065041
140721 0.908536585366
140820 0.910569105691
141373 0.912601626016
144634 0.914634146341
149736 0.916666666667
150399 0.918699186992
150691 0.920731707317
150976 0.922764227642
152572 0.924796747967
152581 0.926829268293
153183 0.928861788618
154324 0.930894308943
154750 0.932926829268
154800 0.934959349593
155686 0.936991869919
160020 0.939024390244
162062 0.941056910569
178190 0.943089430894
183682 0.94512195122
184741 0.947154471545
185999 0.94918699187
190899 0.951219512195
194364 0.95325203252
195304 0.955284552846
197716 0.957317073171
198347 0.959349593496
199398 0.961382113821
201329 0.963414634146
201511 0.965447154472
201922 0.967479674797
204761 0.969512195122
208711 0.971544715447
223284 0.973577235772
225741 0.975609756098
239243 0.977642276423
240786 0.979674796748
244442 0.981707317073
244615 0.983739837398
249321 0.985772357724
270008 0.987804878049
274336 0.989837398374
293756 0.991869918699
299406 0.993902439024
315642 0.99593495935
334819 0.997967479675
1103345 1.0
