30 0.0020202020202
193 0.0040404040404
219 0.00606060606061
292 0.00808080808081
321 0.010101010101
325 0.0121212121212
330 0.0141414141414
353 0.0161616161616
415 0.0181818181818
471 0.020202020202
513 0.0222222222222
519 0.0242424242424
530 0.0262626262626
534 0.0282828282828
548 0.030303030303
558 0.0323232323232
583 0.0343434343434
587 0.0363636363636
602 0.0383838383838
608 0.040404040404
626 0.0424242424242
673 0.0444444444444
697 0.0464646464646
698 0.0484848484848
732 0.0505050505051
751 0.0525252525253
781 0.0545454545455
789 0.0565656565657
795 0.0585858585859
799 0.0606060606061
809 0.0626262626263
838 0.0646464646465
839 0.0666666666667
856 0.0686868686869
874 0.0707070707071
885 0.0727272727273
886 0.0747474747475
899 0.0767676767677
919 0.0787878787879
962 0.0808080808081
969 0.0828282828283
970 0.0848484848485
973 0.0868686868687
975 0.0909090909091
975 0.0909090909091
983 0.0929292929293
996 0.0949494949495
1021 0.0969696969697
1041 0.0989898989899
1067 0.10101010101
1075 0.10303030303
1087 0.105050505051
1125 0.107070707071
1142 0.109090909091
1165 0.111111111111
1166 0.113131313131
1174 0.115151515152
1191 0.117171717172
1196 0.119191919192
1200 0.121212121212
1209 0.123232323232
1213 0.125252525253
1216 0.127272727273
1223 0.129292929293
1233 0.131313131313
1249 0.133333333333
1263 0.135353535354
1264 0.137373737374
1281 0.139393939394
1302 0.141414141414
1314 0.143434343434
1323 0.145454545455
1327 0.149494949495
1327 0.149494949495
1339 0.151515151515
1351 0.153535353535
1352 0.155555555556
1356 0.157575757576
1360 0.159595959596
1370 0.161616161616
1373 0.163636363636
1378 0.165656565657
1381 0.169696969697
1381 0.169696969697
1385 0.171717171717
1398 0.173737373737
1404 0.175757575758
1437 0.177777777778
1438 0.179797979798
1442 0.181818181818
1448 0.183838383838
1449 0.185858585859
1471 0.187878787879
1472 0.189898989899
1476 0.191919191919
1491 0.193939393939
1501 0.19595959596
1505 0.19797979798
1513 0.2
1516 0.20202020202
1517 0.20404040404
1529 0.206060606061
1543 0.208080808081
1545 0.210101010101
1548 0.212121212121
1551 0.214141414141
1565 0.216161616162
1569 0.218181818182
1587 0.220202020202
1590 0.224242424242
1590 0.224242424242
1594 0.226262626263
1595 0.228282828283
1629 0.230303030303
1640 0.232323232323
1647 0.234343434343
1657 0.236363636364
1661 0.238383838384
1670 0.240404040404
1677 0.242424242424
1684 0.246464646465
1684 0.246464646465
1686 0.248484848485
1692 0.250505050505
1697 0.252525252525
1700 0.254545454545
1709 0.256565656566
1712 0.258585858586
1714 0.260606060606
1724 0.262626262626
1745 0.264646464646
1749 0.266666666667
1760 0.268686868687
1762 0.270707070707
1798 0.272727272727
1809 0.274747474747
1815 0.276767676768
1816 0.278787878788
1820 0.282828282828
1820 0.282828282828
1830 0.284848484848
1831 0.286868686869
1834 0.288888888889
1840 0.290909090909
1844 0.292929292929
1846 0.294949494949
1851 0.29696969697
1854 0.29898989899
1865 0.30101010101
1917 0.30303030303
1943 0.305050505051
1952 0.307070707071
1959 0.309090909091
1967 0.311111111111
1976 0.313131313131
1984 0.315151515152
1992 0.317171717172
1996 0.319191919192
2011 0.321212121212
2020 0.323232323232
2033 0.325252525253
2061 0.327272727273
2062 0.329292929293
2063 0.331313131313
2066 0.333333333333
2079 0.335353535354
2089 0.337373737374
2100 0.341414141414
2100 0.341414141414
2106 0.343434343434
2112 0.345454545455
2118 0.347474747475
2135 0.349494949495
2137 0.351515151515
2143 0.353535353535
2146 0.355555555556
2151 0.357575757576
2155 0.359595959596
2159 0.361616161616
2161 0.363636363636
2175 0.365656565657
2185 0.367676767677
2186 0.369696969697
2204 0.371717171717
2209 0.373737373737
2215 0.375757575758
2221 0.377777777778
2225 0.379797979798
2235 0.381818181818
2252 0.383838383838
2260 0.385858585859
2267 0.387878787879
2280 0.389898989899
2284 0.391919191919
2287 0.393939393939
2299 0.39595959596
2302 0.4
2302 0.4
2307 0.40202020202
2309 0.40404040404
2315 0.406060606061
2323 0.408080808081
2329 0.410101010101
2345 0.412121212121
2347 0.414141414141
2354 0.416161616162
2359 0.418181818182
2363 0.420202020202
2373 0.422222222222
2380 0.424242424242
2389 0.426262626263
2405 0.428282828283
2420 0.430303030303
2437 0.432323232323
2441 0.434343434343
2447 0.436363636364
2451 0.438383838384
2452 0.440404040404
2484 0.442424242424
2499 0.444444444444
2510 0.446464646465
2512 0.448484848485
2532 0.450505050505
2548 0.452525252525
2568 0.456565656566
2568 0.456565656566
2572 0.458585858586
2577 0.460606060606
2578 0.462626262626
2599 0.464646464646
2602 0.466666666667
2604 0.468686868687
2608 0.470707070707
2619 0.472727272727
2657 0.474747474747
2661 0.476767676768
2683 0.478787878788
2693 0.480808080808
2695 0.482828282828
2709 0.484848484848
2718 0.486868686869
2723 0.488888888889
2730 0.490909090909
2741 0.492929292929
2749 0.494949494949
2753 0.49696969697
2754 0.50101010101
2754 0.50101010101
2766 0.50303030303
2769 0.505050505051
2772 0.507070707071
2786 0.509090909091
2809 0.511111111111
2821 0.513131313131
2824 0.515151515152
2855 0.517171717172
2871 0.519191919192
2873 0.521212121212
2879 0.523232323232
2881 0.525252525253
2890 0.527272727273
2897 0.529292929293
2932 0.531313131313
2936 0.533333333333
2946 0.535353535354
2975 0.539393939394
2975 0.539393939394
2995 0.543434343434
2995 0.543434343434
3005 0.545454545455
3006 0.547474747475
3007 0.549494949495
3009 0.553535353535
3009 0.553535353535
3018 0.557575757576
3018 0.557575757576
3065 0.559595959596
3100 0.561616161616
3101 0.565656565657
3101 0.565656565657
3114 0.567676767677
3120 0.569696969697
3126 0.571717171717
3131 0.573737373737
3132 0.575757575758
3133 0.577777777778
3140 0.579797979798
3154 0.581818181818
3158 0.583838383838
3171 0.585858585859
3183 0.587878787879
3184 0.589898989899
3206 0.591919191919
3214 0.593939393939
3233 0.59595959596
3234 0.59797979798
3269 0.6
3271 0.60202020202
3272 0.60404040404
3273 0.606060606061
3302 0.608080808081
3314 0.610101010101
3346 0.612121212121
3351 0.614141414141
3370 0.616161616162
3383 0.618181818182
3411 0.620202020202
3433 0.622222222222
3473 0.624242424242
3496 0.626262626263
3509 0.628282828283
3517 0.630303030303
3520 0.632323232323
3540 0.634343434343
3555 0.636363636364
3561 0.638383838384
3583 0.640404040404
3593 0.642424242424
3604 0.644444444444
3605 0.646464646465
3632 0.648484848485
3633 0.650505050505
3636 0.652525252525
3653 0.654545454545
3657 0.656565656566
3669 0.658585858586
3707 0.660606060606
3711 0.662626262626
3723 0.664646464646
3727 0.666666666667
3729 0.668686868687
3730 0.670707070707
3741 0.672727272727
3752 0.674747474747
3757 0.676767676768
3768 0.678787878788
3776 0.680808080808
3777 0.682828282828
3782 0.684848484848
3795 0.686868686869
3797 0.688888888889
3805 0.690909090909
3812 0.692929292929
3817 0.694949494949
3820 0.69696969697
3842 0.69898989899
3852 0.70101010101
3870 0.70303030303
3887 0.705050505051
3911 0.707070707071
3912 0.709090909091
3920 0.711111111111
3921 0.713131313131
3934 0.715151515152
3943 0.717171717172
3944 0.719191919192
3948 0.721212121212
3968 0.723232323232
3996 0.725252525253
4017 0.727272727273
4027 0.729292929293
4041 0.731313131313
4052 0.733333333333
4062 0.735353535354
4069 0.737373737374
4086 0.739393939394
4119 0.741414141414
4122 0.743434343434
4123 0.745454545455
4144 0.747474747475
4175 0.749494949495
4182 0.751515151515
4202 0.753535353535
4210 0.755555555556
4212 0.757575757576
4252 0.759595959596
4261 0.761616161616
4265 0.763636363636
4298 0.765656565657
4320 0.767676767677
4346 0.769696969697
4360 0.771717171717
4367 0.773737373737
4386 0.775757575758
4406 0.777777777778
4471 0.779797979798
4484 0.781818181818
4525 0.783838383838
4527 0.785858585859
4553 0.787878787879
4570 0.789898989899
4585 0.791919191919
4612 0.793939393939
4639 0.8
4639 0.8
4639 0.8
4645 0.80202020202
4669 0.80404040404
4671 0.806060606061
4751 0.808080808081
4845 0.810101010101
4854 0.812121212121
4857 0.814141414141
4868 0.816161616162
4901 0.818181818182
4907 0.820202020202
4943 0.822222222222
4948 0.824242424242
4960 0.826262626263
4976 0.828282828283
4977 0.830303030303
4994 0.832323232323
5047 0.834343434343
5050 0.836363636364
5111 0.838383838384
5138 0.840404040404
5174 0.842424242424
5190 0.844444444444
5207 0.846464646465
5213 0.848484848485
5239 0.850505050505
5291 0.852525252525
5299 0.854545454545
5310 0.856565656566
5328 0.858585858586
5341 0.860606060606
5363 0.862626262626
5371 0.864646464646
5389 0.866666666667
5439 0.868686868687
5504 0.870707070707
5508 0.872727272727
5571 0.874747474747
5573 0.876767676768
5635 0.878787878788
5652 0.880808080808
5664 0.882828282828
5704 0.884848484848
5772 0.886868686869
5817 0.888888888889
5850 0.890909090909
6121 0.892929292929
6173 0.894949494949
6206 0.89696969697
6274 0.89898989899
6331 0.90101010101
6341 0.90303030303
6380 0.905050505051
6433 0.907070707071
6439 0.909090909091
6450 0.911111111111
6593 0.913131313131
6602 0.915151515152
6608 0.917171717172
6641 0.919191919192
6852 0.921212121212
6893 0.923232323232
7039 0.925252525253
7057 0.927272727273
7183 0.929292929293
7440 0.931313131313
7614 0.933333333333
7674 0.935353535354
8110 0.937373737374
8112 0.939393939394
8367 0.941414141414
8423 0.943434343434
8440 0.945454545455
8582 0.947474747475
8820 0.949494949495
8825 0.951515151515
8984 0.953535353535
9058 0.955555555556
9206 0.957575757576
9316 0.959595959596
9413 0.961616161616
9466 0.963636363636
9683 0.965656565657
10006 0.967676767677
10016 0.969696969697
10270 0.971717171717
10309 0.973737373737
10599 0.975757575758
10601 0.977777777778
11165 0.979797979798
12097 0.981818181818
12232 0.983838383838
12662 0.985858585859
13194 0.987878787879
13942 0.989898989899
14111 0.991919191919
15137 0.993939393939
18876 0.99595959596
19769 0.99797979798
40991 1.0
