31 0.0020202020202
203 0.0040404040404
213 0.00606060606061
260 0.00808080808081
292 0.010101010101
307 0.0141414141414
307 0.0141414141414
312 0.0161616161616
370 0.0181818181818
441 0.020202020202
451 0.0222222222222
459 0.0242424242424
467 0.0262626262626
469 0.0282828282828
475 0.030303030303
476 0.0323232323232
544 0.0343434343434
552 0.0363636363636
564 0.0383838383838
580 0.040404040404
596 0.0424242424242
603 0.0444444444444
611 0.0464646464646
616 0.0484848484848
652 0.0505050505051
667 0.0525252525253
670 0.0545454545455
673 0.0565656565657
688 0.0585858585859
694 0.0606060606061
706 0.0626262626263
708 0.0646464646465
741 0.0666666666667
750 0.0686868686869
764 0.0707070707071
776 0.0727272727273
783 0.0767676767677
783 0.0767676767677
792 0.0787878787879
806 0.0808080808081
814 0.0828282828283
818 0.0848484848485
828 0.0868686868687
837 0.0888888888889
843 0.0909090909091
848 0.0929292929293
851 0.0949494949495
868 0.0969696969697
869 0.0989898989899
892 0.10101010101
899 0.10303030303
907 0.105050505051
922 0.107070707071
933 0.109090909091
950 0.111111111111
973 0.113131313131
976 0.115151515152
979 0.117171717172
981 0.119191919192
985 0.121212121212
988 0.123232323232
993 0.125252525253
1003 0.127272727273
1021 0.129292929293
1029 0.131313131313
1033 0.133333333333
1040 0.135353535354
1053 0.137373737374
1060 0.139393939394
1067 0.141414141414
1071 0.143434343434
1075 0.145454545455
1086 0.147474747475
1098 0.149494949495
1111 0.151515151515
1116 0.153535353535
1120 0.155555555556
1124 0.157575757576
1130 0.159595959596
1134 0.161616161616
1136 0.163636363636
1139 0.165656565657
1151 0.167676767677
1153 0.169696969697
1156 0.171717171717
1159 0.173737373737
1161 0.175757575758
1166 0.177777777778
1169 0.179797979798
1177 0.181818181818
1185 0.183838383838
1188 0.185858585859
1189 0.187878787879
1192 0.189898989899
1204 0.191919191919
1205 0.193939393939
1214 0.19595959596
1216 0.19797979798
1231 0.2
1236 0.20202020202
1237 0.20404040404
1241 0.206060606061
1250 0.208080808081
1255 0.210101010101
1256 0.212121212121
1274 0.214141414141
1275 0.216161616162
1283 0.218181818182
1289 0.220202020202
1294 0.222222222222
1307 0.224242424242
1314 0.226262626263
1318 0.228282828283
1319 0.230303030303
1327 0.232323232323
1329 0.234343434343
1330 0.236363636364
1331 0.240404040404
1331 0.240404040404
1336 0.244444444444
1336 0.244444444444
1350 0.246464646465
1353 0.248484848485
1354 0.250505050505
1359 0.252525252525
1361 0.254545454545
1367 0.256565656566
1369 0.258585858586
1378 0.260606060606
1384 0.262626262626
1394 0.264646464646
1400 0.266666666667
1406 0.268686868687
1407 0.270707070707
1413 0.272727272727
1419 0.274747474747
1421 0.276767676768
1429 0.278787878788
1440 0.280808080808
1441 0.282828282828
1448 0.284848484848
1450 0.286868686869
1458 0.288888888889
1462 0.290909090909
1471 0.292929292929
1480 0.294949494949
1497 0.29696969697
1503 0.29898989899
1508 0.30101010101
1510 0.30303030303
1525 0.305050505051
1533 0.307070707071
1543 0.309090909091
1548 0.311111111111
1549 0.313131313131
1552 0.317171717172
1552 0.317171717172
1561 0.319191919192
1565 0.321212121212
1580 0.323232323232
1591 0.325252525253
1594 0.329292929293
1594 0.329292929293
1601 0.331313131313
1605 0.333333333333
1621 0.335353535354
1628 0.339393939394
1628 0.339393939394
1645 0.341414141414
1648 0.345454545455
1648 0.345454545455
1650 0.347474747475
1657 0.349494949495
1665 0.351515151515
1690 0.353535353535
1693 0.355555555556
1695 0.357575757576
1697 0.359595959596
1699 0.361616161616
1703 0.363636363636
1716 0.365656565657
1718 0.367676767677
1720 0.369696969697
1724 0.371717171717
1727 0.373737373737
1731 0.375757575758
1733 0.377777777778
1737 0.379797979798
1745 0.381818181818
1747 0.383838383838
1753 0.385858585859
1755 0.387878787879
1761 0.389898989899
1767 0.391919191919
1769 0.393939393939
1773 0.39595959596
1780 0.39797979798
1784 0.4
1788 0.40202020202
1796 0.40404040404
1797 0.406060606061
1820 0.408080808081
1834 0.410101010101
1836 0.412121212121
1839 0.414141414141
1842 0.416161616162
1845 0.418181818182
1852 0.420202020202
1857 0.422222222222
1859 0.424242424242
1870 0.428282828283
1870 0.428282828283
1883 0.430303030303
1885 0.432323232323
1897 0.434343434343
1936 0.436363636364
1938 0.440404040404
1938 0.440404040404
1944 0.442424242424
1964 0.444444444444
1976 0.446464646465
1979 0.448484848485
1980 0.450505050505
1981 0.452525252525
1984 0.454545454545
1990 0.458585858586
1990 0.458585858586
1991 0.460606060606
1996 0.462626262626
1998 0.464646464646
2002 0.466666666667
2004 0.468686868687
2006 0.470707070707
2019 0.472727272727
2022 0.474747474747
2027 0.476767676768
2028 0.478787878788
2039 0.480808080808
2052 0.482828282828
2053 0.484848484848
2059 0.486868686869
2065 0.488888888889
2085 0.492929292929
2085 0.492929292929
2094 0.494949494949
2100 0.49696969697
2107 0.49898989899
2108 0.50101010101
2112 0.50303030303
2113 0.505050505051
2117 0.507070707071
2128 0.509090909091
2139 0.511111111111
2143 0.513131313131
2160 0.515151515152
2187 0.517171717172
2198 0.521212121212
2198 0.521212121212
2214 0.525252525253
2214 0.525252525253
2219 0.527272727273
2223 0.529292929293
2227 0.531313131313
2235 0.533333333333
2241 0.537373737374
2241 0.537373737374
2270 0.539393939394
2278 0.541414141414
2291 0.543434343434
2296 0.545454545455
2303 0.547474747475
2318 0.549494949495
2329 0.551515151515
2336 0.553535353535
2348 0.555555555556
2362 0.557575757576
2367 0.559595959596
2376 0.561616161616
2377 0.565656565657
2377 0.565656565657
2391 0.567676767677
2418 0.569696969697
2425 0.571717171717
2431 0.573737373737
2441 0.575757575758
2445 0.577777777778
2447 0.579797979798
2448 0.581818181818
2451 0.583838383838
2458 0.585858585859
2460 0.587878787879
2463 0.589898989899
2466 0.591919191919
2468 0.593939393939
2476 0.59595959596
2481 0.59797979798
2483 0.6
2492 0.60202020202
2494 0.60404040404
2496 0.606060606061
2523 0.608080808081
2526 0.610101010101
2540 0.612121212121
2544 0.614141414141
2550 0.616161616162
2571 0.618181818182
2595 0.620202020202
2597 0.622222222222
2607 0.626262626263
2607 0.626262626263
2608 0.628282828283
2611 0.630303030303
2613 0.632323232323
2623 0.634343434343
2640 0.636363636364
2659 0.638383838384
2665 0.640404040404
2695 0.642424242424
2697 0.644444444444
2727 0.648484848485
2727 0.648484848485
2732 0.650505050505
2750 0.652525252525
2754 0.654545454545
2755 0.656565656566
2758 0.658585858586
2772 0.660606060606
2786 0.662626262626
2800 0.664646464646
2810 0.666666666667
2820 0.668686868687
2827 0.670707070707
2829 0.672727272727
2842 0.676767676768
2842 0.676767676768
2856 0.678787878788
2878 0.680808080808
2897 0.682828282828
2899 0.684848484848
2910 0.686868686869
2916 0.688888888889
2924 0.690909090909
2934 0.692929292929
2938 0.694949494949
2940 0.69696969697
2950 0.69898989899
2985 0.70101010101
2991 0.70303030303
3004 0.705050505051
3039 0.707070707071
3046 0.709090909091
3047 0.711111111111
3076 0.713131313131
3077 0.715151515152
3094 0.717171717172
3100 0.719191919192
3117 0.721212121212
3119 0.723232323232
3141 0.725252525253
3156 0.727272727273
3165 0.729292929293
3174 0.733333333333
3174 0.733333333333
3196 0.735353535354
3198 0.737373737374
3204 0.739393939394
3216 0.741414141414
3218 0.743434343434
3255 0.745454545455
3293 0.747474747475
3352 0.749494949495
3354 0.751515151515
3393 0.753535353535
3408 0.755555555556
3420 0.757575757576
3439 0.759595959596
3448 0.761616161616
3456 0.763636363636
3477 0.765656565657
3519 0.771717171717
3519 0.771717171717
3519 0.771717171717
3522 0.773737373737
3523 0.775757575758
3533 0.777777777778
3538 0.779797979798
3551 0.781818181818
3557 0.783838383838
3570 0.785858585859
3573 0.787878787879
3609 0.789898989899
3615 0.791919191919
3617 0.793939393939
3624 0.79595959596
3625 0.79797979798
3652 0.8
3656 0.80202020202
3664 0.80404040404
3673 0.806060606061
3678 0.808080808081
3698 0.810101010101
3701 0.812121212121
3709 0.814141414141
3735 0.816161616162
3737 0.818181818182
3745 0.820202020202
3757 0.822222222222
3786 0.824242424242
3808 0.826262626263
3817 0.828282828283
3858 0.830303030303
3893 0.832323232323
3903 0.834343434343
3925 0.836363636364
3940 0.838383838384
3962 0.840404040404
3981 0.842424242424
3985 0.844444444444
3997 0.846464646465
4012 0.848484848485
4032 0.850505050505
4070 0.852525252525
4109 0.854545454545
4128 0.856565656566
4143 0.858585858586
4153 0.860606060606
4194 0.862626262626
4213 0.864646464646
4218 0.866666666667
4290 0.868686868687
4292 0.870707070707
4305 0.872727272727
4315 0.874747474747
4349 0.876767676768
4353 0.878787878788
4441 0.880808080808
4446 0.882828282828
4519 0.884848484848
4544 0.886868686869
4545 0.888888888889
4721 0.890909090909
4726 0.892929292929
4738 0.894949494949
4748 0.89696969697
4754 0.89898989899
4792 0.90101010101
4855 0.90303030303
4889 0.905050505051
5033 0.907070707071
5052 0.911111111111
5052 0.911111111111
5062 0.913131313131
5178 0.915151515152
5226 0.917171717172
5293 0.919191919192
5361 0.921212121212
5436 0.923232323232
5437 0.925252525253
5469 0.927272727273
5505 0.929292929293
5512 0.931313131313
5523 0.933333333333
5574 0.935353535354
5659 0.937373737374
5683 0.939393939394
5723 0.941414141414
5733 0.943434343434
5746 0.945454545455
5797 0.947474747475
5915 0.949494949495
6047 0.951515151515
6060 0.953535353535
6124 0.955555555556
6164 0.957575757576
6285 0.959595959596
6307 0.961616161616
6346 0.963636363636
6349 0.965656565657
6474 0.967676767677
6490 0.969696969697
6589 0.971717171717
7248 0.973737373737
7469 0.975757575758
7485 0.977777777778
7532 0.979797979798
7605 0.981818181818
7609 0.983838383838
8133 0.985858585859
8281 0.987878787879
8693 0.989898989899
8695 0.991919191919
9249 0.993939393939
11463 0.99595959596
12262 0.99797979798
33500 1.0
