29 0.00354609929078
976 0.00709219858156
1339 0.0106382978723
1555 0.0141843971631
2010 0.0177304964539
2046 0.0212765957447
2444 0.0248226950355
2645 0.0283687943262
3343 0.031914893617
3349 0.0354609929078
3422 0.0390070921986
3662 0.0425531914894
4114 0.0460992907801
4133 0.0496453900709
4202 0.0531914893617
4275 0.0567375886525
4481 0.0602836879433
4780 0.063829787234
4801 0.0673758865248
4846 0.0709219858156
5032 0.0744680851064
5155 0.0780141843972
5309 0.0815602836879
5392 0.0851063829787
5457 0.0886524822695
5561 0.0921985815603
5676 0.0957446808511
5879 0.0992907801418
5896 0.102836879433
5947 0.106382978723
6188 0.109929078014
6220 0.113475177305
6457 0.117021276596
7300 0.120567375887
7567 0.124113475177
7641 0.127659574468
7827 0.131205673759
8059 0.13475177305
8114 0.13829787234
8268 0.141843971631
8284 0.145390070922
8813 0.148936170213
8941 0.152482269504
8977 0.156028368794
9051 0.159574468085
9106 0.163120567376
9111 0.166666666667
9276 0.170212765957
9553 0.173758865248
9867 0.177304964539
10072 0.18085106383
10333 0.184397163121
10554 0.187943262411
10590 0.191489361702
10597 0.195035460993
10761 0.198581560284
10978 0.202127659574
11155 0.205673758865
11182 0.209219858156
11336 0.212765957447
11399 0.216312056738
11416 0.219858156028
11475 0.223404255319
11504 0.22695035461
12092 0.230496453901
12201 0.234042553191
12282 0.237588652482
12330 0.241134751773
12364 0.244680851064
12383 0.248226950355
12436 0.251773049645
12627 0.255319148936
12704 0.258865248227
12736 0.262411347518
12752 0.265957446809
13154 0.269503546099
13227 0.27304964539
13455 0.276595744681
13530 0.280141843972
13569 0.283687943262
13604 0.287234042553
13654 0.290780141844
13781 0.294326241135
13913 0.297872340426
14057 0.301418439716
14076 0.304964539007
14128 0.308510638298
14242 0.312056737589
14311 0.315602836879
14503 0.31914893617
14573 0.322695035461
14588 0.326241134752
14668 0.329787234043
15004 0.333333333333
15053 0.336879432624
15175 0.340425531915
15619 0.343971631206
15668 0.347517730496
15736 0.351063829787
16347 0.354609929078
16412 0.358156028369
16471 0.36170212766
16859 0.36524822695
17163 0.368794326241
17405 0.372340425532
17431 0.375886524823
17606 0.379432624113
17758 0.382978723404
17823 0.386524822695
17849 0.390070921986
18114 0.393617021277
18348 0.397163120567
18360 0.400709219858
18673 0.404255319149
18704 0.40780141844
18767 0.41134751773
18863 0.414893617021
19087 0.418439716312
19176 0.421985815603
19413 0.425531914894
19456 0.429078014184
19492 0.432624113475
19515 0.436170212766
19560 0.439716312057
19616 0.443262411348
19667 0.446808510638
19706 0.450354609929
19736 0.45390070922
19910 0.457446808511
20010 0.460992907801
20046 0.464539007092
20175 0.468085106383
20195 0.471631205674
20223 0.475177304965
20282 0.478723404255
20354 0.482269503546
20538 0.485815602837
20619 0.489361702128
20689 0.492907801418
20856 0.496453900709
21078 0.5
21423 0.503546099291
21429 0.507092198582
22109 0.510638297872
22171 0.514184397163
22566 0.517730496454
22730 0.521276595745
23246 0.524822695035
23329 0.528368794326
23572 0.531914893617
23692 0.535460992908
23806 0.539007092199
23926 0.542553191489
24141 0.54609929078
24245 0.549645390071
24364 0.553191489362
24603 0.556737588652
24703 0.560283687943
24732 0.563829787234
24958 0.567375886525
25552 0.570921985816
26052 0.574468085106
26086 0.578014184397
26293 0.581560283688
26550 0.585106382979
26878 0.58865248227
27010 0.59219858156
27208 0.595744680851
27728 0.599290780142
27782 0.602836879433
27953 0.606382978723
27990 0.609929078014
28175 0.613475177305
28346 0.617021276596
28408 0.620567375887
28474 0.624113475177
28735 0.627659574468
28760 0.631205673759
29167 0.63475177305
29259 0.63829787234
29403 0.641843971631
29410 0.645390070922
29636 0.648936170213
30198 0.652482269504
30424 0.656028368794
31027 0.659574468085
31124 0.663120567376
31241 0.666666666667
31305 0.670212765957
31564 0.673758865248
31588 0.677304964539
31615 0.68085106383
32256 0.684397163121
32259 0.687943262411
32345 0.691489361702
32593 0.695035460993
32786 0.698581560284
32985 0.702127659574
33153 0.705673758865
33192 0.709219858156
33481 0.712765957447
33504 0.716312056738
33902 0.719858156028
34078 0.723404255319
34168 0.72695035461
34315 0.730496453901
34400 0.734042553191
34522 0.737588652482
34548 0.741134751773
34640 0.744680851064
34857 0.748226950355
35003 0.751773049645
35402 0.755319148936
35430 0.758865248227
35615 0.762411347518
35942 0.765957446809
36237 0.769503546099
36897 0.77304964539
37124 0.776595744681
37272 0.780141843972
38066 0.783687943262
38502 0.787234042553
38843 0.790780141844
39083 0.794326241135
39114 0.797872340426
39751 0.801418439716
39804 0.804964539007
39849 0.808510638298
39865 0.812056737589
40553 0.815602836879
40705 0.81914893617
41586 0.822695035461
41605 0.826241134752
41689 0.829787234043
41858 0.833333333333
42006 0.836879432624
43460 0.840425531915
43463 0.843971631206
43682 0.847517730496
43810 0.851063829787
44957 0.854609929078
45156 0.858156028369
45171 0.86170212766
46432 0.86524822695
46919 0.868794326241
47296 0.872340425532
47479 0.875886524823
47930 0.879432624113
49303 0.882978723404
49726 0.886524822695
50432 0.890070921986
51203 0.893617021277
51893 0.897163120567
52529 0.900709219858
52597 0.904255319149
53045 0.90780141844
55063 0.91134751773
57601 0.914893617021
58182 0.918439716312
58956 0.921985815603
62239 0.925531914894
62594 0.929078014184
66267 0.932624113475
67831 0.936170212766
72748 0.939716312057
77400 0.943262411348
80375 0.946808510638
87920 0.950354609929
90265 0.95390070922
94537 0.957446808511
95550 0.960992907801
96696 0.964539007092
99452 0.968085106383
101776 0.971631205674
116414 0.975177304965
120957 0.978723404255
124060 0.982269503546
126078 0.985815602837
143616 0.989361702128
189150 0.992907801418
227015 0.996453900709
238408 1.0
