37 0.0020202020202
382 0.0040404040404
444 0.00606060606061
587 0.00808080808081
669 0.010101010101
670 0.0121212121212
723 0.0141414141414
742 0.0161616161616
872 0.0181818181818
916 0.020202020202
1025 0.0222222222222
1060 0.0242424242424
1061 0.0262626262626
1070 0.0282828282828
1080 0.030303030303
1086 0.0323232323232
1115 0.0343434343434
1139 0.0363636363636
1157 0.0383838383838
1197 0.040404040404
1205 0.0424242424242
1231 0.0444444444444
1270 0.0464646464646
1273 0.0484848484848
1287 0.0505050505051
1403 0.0525252525253
1407 0.0545454545455
1418 0.0565656565657
1428 0.0585858585859
1435 0.0606060606061
1441 0.0626262626263
1443 0.0646464646465
1460 0.0666666666667
1490 0.0686868686869
1497 0.0707070707071
1536 0.0727272727273
1537 0.0747474747475
1555 0.0767676767677
1573 0.0787878787879
1580 0.0808080808081
1605 0.0848484848485
1605 0.0848484848485
1671 0.0868686868687
1678 0.0888888888889
1684 0.0909090909091
1692 0.0929292929293
1717 0.0949494949495
1721 0.0969696969697
1726 0.0989898989899
1742 0.10101010101
1745 0.10303030303
1746 0.105050505051
1749 0.107070707071
1777 0.109090909091
1778 0.111111111111
1797 0.113131313131
1818 0.115151515152
1853 0.117171717172
1869 0.119191919192
1874 0.121212121212
1886 0.123232323232
1906 0.125252525253
1909 0.127272727273
1917 0.129292929293
1940 0.131313131313
1942 0.133333333333
1958 0.135353535354
1960 0.137373737374
1968 0.139393939394
1974 0.141414141414
1981 0.143434343434
1992 0.145454545455
1996 0.147474747475
2003 0.149494949495
2022 0.151515151515
2024 0.153535353535
2026 0.155555555556
2029 0.157575757576
2040 0.159595959596
2053 0.161616161616
2058 0.163636363636
2062 0.165656565657
2064 0.167676767677
2068 0.169696969697
2072 0.171717171717
2075 0.173737373737
2076 0.175757575758
2081 0.177777777778
2084 0.179797979798
2088 0.181818181818
2093 0.183838383838
2096 0.185858585859
2098 0.187878787879
2103 0.189898989899
2108 0.191919191919
2113 0.193939393939
2119 0.19595959596
2122 0.19797979798
2138 0.2
2142 0.20202020202
2143 0.20404040404
2161 0.206060606061
2172 0.208080808081
2185 0.210101010101
2196 0.212121212121
2227 0.214141414141
2236 0.216161616162
2250 0.218181818182
2252 0.220202020202
2254 0.222222222222
2261 0.224242424242
2281 0.226262626263
2282 0.228282828283
2285 0.230303030303
2296 0.232323232323
2298 0.236363636364
2298 0.236363636364
2304 0.238383838384
2307 0.240404040404
2314 0.242424242424
2323 0.244444444444
2327 0.246464646465
2328 0.248484848485
2332 0.250505050505
2358 0.252525252525
2360 0.254545454545
2362 0.256565656566
2371 0.258585858586
2380 0.260606060606
2384 0.262626262626
2395 0.266666666667
2395 0.266666666667
2399 0.268686868687
2432 0.270707070707
2442 0.272727272727
2443 0.274747474747
2451 0.276767676768
2454 0.278787878788
2467 0.280808080808
2501 0.282828282828
2507 0.284848484848
2516 0.286868686869
2522 0.288888888889
2525 0.290909090909
2539 0.292929292929
2554 0.294949494949
2556 0.29696969697
2581 0.29898989899
2600 0.30303030303
2600 0.30303030303
2612 0.305050505051
2639 0.307070707071
2654 0.309090909091
2678 0.311111111111
2680 0.313131313131
2696 0.317171717172
2696 0.317171717172
2698 0.319191919192
2702 0.321212121212
2704 0.323232323232
2723 0.325252525253
2734 0.327272727273
2748 0.329292929293
2756 0.331313131313
2760 0.333333333333
2775 0.335353535354
2777 0.337373737374
2778 0.339393939394
2782 0.341414141414
2785 0.343434343434
2793 0.345454545455
2806 0.347474747475
2808 0.349494949495
2812 0.351515151515
2813 0.353535353535
2818 0.355555555556
2819 0.357575757576
2821 0.359595959596
2823 0.361616161616
2826 0.363636363636
2831 0.365656565657
2839 0.367676767677
2842 0.369696969697
2858 0.371717171717
2865 0.373737373737
2876 0.375757575758
2882 0.377777777778
2895 0.379797979798
2897 0.381818181818
2900 0.383838383838
2906 0.385858585859
2916 0.387878787879
2920 0.389898989899
2927 0.391919191919
2943 0.393939393939
2959 0.39797979798
2959 0.39797979798
2964 0.4
3001 0.40202020202
3004 0.40404040404
3009 0.406060606061
3014 0.408080808081
3021 0.410101010101
3031 0.412121212121
3039 0.414141414141
3051 0.416161616162
3062 0.418181818182
3083 0.420202020202
3090 0.422222222222
3098 0.424242424242
3104 0.426262626263
3113 0.428282828283
3135 0.430303030303
3136 0.432323232323
3156 0.434343434343
3181 0.436363636364
3188 0.438383838384
3189 0.440404040404
3190 0.442424242424
3195 0.446464646465
3195 0.446464646465
3197 0.448484848485
3199 0.450505050505
3201 0.452525252525
3217 0.454545454545
3218 0.456565656566
3228 0.458585858586
3236 0.460606060606
3243 0.462626262626
3250 0.464646464646
3292 0.466666666667
3307 0.468686868687
3312 0.470707070707
3315 0.472727272727
3317 0.474747474747
3323 0.478787878788
3323 0.478787878788
3327 0.480808080808
3331 0.482828282828
3334 0.484848484848
3348 0.486868686869
3351 0.488888888889
3354 0.490909090909
3366 0.492929292929
3367 0.494949494949
3369 0.49696969697
3370 0.49898989899
3379 0.50101010101
3389 0.50303030303
3399 0.505050505051
3400 0.507070707071
3405 0.509090909091
3419 0.511111111111
3445 0.513131313131
3459 0.515151515152
3479 0.517171717172
3494 0.521212121212
3494 0.521212121212
3498 0.523232323232
3505 0.525252525253
3544 0.527272727273
3548 0.529292929293
3554 0.531313131313
3570 0.533333333333
3575 0.535353535354
3606 0.537373737374
3612 0.539393939394
3624 0.541414141414
3628 0.543434343434
3640 0.545454545455
3644 0.547474747475
3651 0.549494949495
3671 0.551515151515
3677 0.555555555556
3677 0.555555555556
3699 0.557575757576
3705 0.561616161616
3705 0.561616161616
3706 0.563636363636
3709 0.567676767677
3709 0.567676767677
3712 0.569696969697
3729 0.571717171717
3747 0.573737373737
3798 0.575757575758
3812 0.577777777778
3830 0.579797979798
3839 0.581818181818
3845 0.583838383838
3854 0.585858585859
3865 0.587878787879
3872 0.589898989899
3885 0.591919191919
3910 0.593939393939
3922 0.59595959596
3923 0.59797979798
3933 0.6
3935 0.60202020202
3940 0.60404040404
3983 0.606060606061
3984 0.608080808081
4013 0.610101010101
4051 0.612121212121
4062 0.614141414141
4075 0.616161616162
4083 0.618181818182
4104 0.620202020202
4117 0.622222222222
4153 0.624242424242
4176 0.626262626263
4177 0.628282828283
4187 0.630303030303
4198 0.632323232323
4202 0.634343434343
4224 0.636363636364
4235 0.638383838384
4243 0.640404040404
4247 0.642424242424
4250 0.644444444444
4251 0.646464646465
4264 0.648484848485
4305 0.650505050505
4328 0.652525252525
4342 0.654545454545
4357 0.656565656566
4373 0.658585858586
4387 0.660606060606
4404 0.662626262626
4414 0.664646464646
4416 0.666666666667
4429 0.668686868687
4432 0.670707070707
4436 0.672727272727
4477 0.674747474747
4480 0.676767676768
4500 0.680808080808
4500 0.680808080808
4502 0.682828282828
4510 0.684848484848
4515 0.686868686869
4556 0.688888888889
4558 0.690909090909
4570 0.692929292929
4583 0.694949494949
4600 0.69696969697
4605 0.69898989899
4630 0.70101010101
4632 0.70303030303
4646 0.705050505051
4647 0.709090909091
4647 0.709090909091
4681 0.711111111111
4706 0.715151515152
4706 0.715151515152
4708 0.717171717172
4715 0.719191919192
4720 0.721212121212
4761 0.723232323232
4769 0.725252525253
4774 0.727272727273
4796 0.729292929293
4797 0.731313131313
4802 0.733333333333
4834 0.735353535354
4835 0.737373737374
4847 0.739393939394
4851 0.741414141414
4857 0.743434343434
4874 0.745454545455
4880 0.747474747475
4908 0.749494949495
4922 0.751515151515
4953 0.753535353535
4978 0.755555555556
5008 0.757575757576
5099 0.759595959596
5119 0.761616161616
5134 0.763636363636
5157 0.765656565657
5201 0.767676767677
5209 0.769696969697
5308 0.771717171717
5312 0.773737373737
5319 0.775757575758
5322 0.777777777778
5325 0.779797979798
5366 0.781818181818
5383 0.783838383838
5430 0.787878787879
5430 0.787878787879
5460 0.789898989899
5587 0.791919191919
5588 0.793939393939
5646 0.79595959596
5652 0.79797979798
5674 0.8
5692 0.80202020202
5698 0.80404040404
5718 0.806060606061
5721 0.808080808081
5751 0.810101010101
5763 0.812121212121
5781 0.814141414141
5801 0.816161616162
5807 0.818181818182
5811 0.820202020202
5851 0.822222222222
5882 0.824242424242
5893 0.826262626263
5948 0.828282828283
5974 0.830303030303
6048 0.832323232323
6099 0.834343434343
6136 0.836363636364
6151 0.838383838384
6195 0.840404040404
6223 0.842424242424
6285 0.844444444444
6302 0.846464646465
6367 0.848484848485
6381 0.850505050505
6385 0.852525252525
6406 0.854545454545
6423 0.856565656566
6479 0.858585858586
6504 0.860606060606
6530 0.862626262626
6550 0.864646464646
6594 0.866666666667
6612 0.868686868687
6692 0.870707070707
6717 0.872727272727
6774 0.874747474747
6809 0.876767676768
6821 0.878787878788
6847 0.880808080808
6851 0.882828282828
6888 0.884848484848
6893 0.886868686869
6950 0.888888888889
7064 0.890909090909
7072 0.892929292929
7096 0.894949494949
7111 0.89696969697
7129 0.89898989899
7184 0.90101010101
7266 0.90303030303
7287 0.905050505051
7306 0.907070707071
7307 0.909090909091
7402 0.911111111111
7575 0.913131313131
7606 0.915151515152
7618 0.917171717172
7669 0.919191919192
7743 0.921212121212
7771 0.923232323232
7836 0.925252525253
7853 0.927272727273
7862 0.929292929293
7892 0.931313131313
7976 0.933333333333
7989 0.935353535354
8120 0.937373737374
8261 0.939393939394
8324 0.941414141414
8356 0.943434343434
8398 0.945454545455
8431 0.947474747475
8472 0.949494949495
8522 0.951515151515
8702 0.953535353535
8706 0.955555555556
8783 0.957575757576
8798 0.959595959596
8876 0.961616161616
8926 0.963636363636
8985 0.965656565657
8988 0.967676767677
8998 0.969696969697
9151 0.971717171717
9346 0.973737373737
9425 0.975757575758
9438 0.977777777778
9696 0.979797979798
9888 0.981818181818
10412 0.983838383838
10834 0.985858585859
11859 0.987878787879
11919 0.989898989899
12778 0.991919191919
13516 0.993939393939
13804 0.99595959596
13830 0.99797979798
32649 1.0
