915 0.0049504950495
1170 0.00990099009901
1173 0.0148514851485
1468 0.019801980198
1735 0.0247524752475
1741 0.029702970297
1997 0.0346534653465
2054 0.039603960396
2276 0.0445544554455
2285 0.049504950495
2293 0.0544554455446
2555 0.0594059405941
2601 0.0643564356436
2613 0.0693069306931
2618 0.0742574257426
2633 0.0792079207921
2641 0.0841584158416
2675 0.0891089108911
2816 0.0940594059406
2834 0.0990099009901
2858 0.10396039604
2877 0.108910891089
3009 0.113861386139
3053 0.118811881188
3089 0.123762376238
3102 0.128712871287
3149 0.133663366337
3288 0.138613861386
3301 0.143564356436
3396 0.148514851485
3494 0.153465346535
3651 0.158415841584
3699 0.163366336634
3714 0.168316831683
3728 0.173267326733
3736 0.178217821782
3759 0.183168316832
3949 0.188118811881
3964 0.193069306931
3992 0.19801980198
4012 0.20297029703
4020 0.207920792079
4022 0.212871287129
4025 0.217821782178
4037 0.222772277228
4060 0.227722772277
4112 0.232673267327
4127 0.237623762376
4209 0.242574257426
4323 0.247524752475
4348 0.252475247525
4458 0.257425742574
4466 0.262376237624
4474 0.267326732673
4522 0.272277227723
4523 0.277227722772
4527 0.282178217822
4542 0.287128712871
4612 0.292079207921
4641 0.29702970297
4647 0.30198019802
4669 0.306930693069
4744 0.311881188119
4787 0.316831683168
4789 0.321782178218
4794 0.326732673267
4822 0.331683168317
4824 0.336633663366
4833 0.341584158416
4838 0.346534653465
4850 0.351485148515
4859 0.356435643564
4872 0.361386138614
4904 0.366336633663
4941 0.371287128713
5031 0.376237623762
5131 0.381188118812
5139 0.386138613861
5163 0.391089108911
5173 0.39603960396
5190 0.40099009901
5191 0.405940594059
5205 0.410891089109
5231 0.415841584158
5232 0.420792079208
5275 0.425742574257
5290 0.430693069307
5296 0.435643564356
5321 0.440594059406
5355 0.445544554455
5361 0.450495049505
5440 0.455445544554
5466 0.460396039604
5478 0.465346534653
5481 0.470297029703
5569 0.475247524752
5609 0.480198019802
5626 0.485148514851
5679 0.490099009901
5743 0.49504950495
5755 0.5
5764 0.50495049505
5847 0.509900990099
5852 0.514851485149
5883 0.519801980198
5898 0.524752475248
5941 0.529702970297
5960 0.534653465347
5969 0.539603960396
5976 0.544554455446
5996 0.549504950495
6039 0.554455445545
6102 0.559405940594
6122 0.564356435644
6125 0.569306930693
6134 0.574257425743
6145 0.579207920792
6164 0.584158415842
6326 0.589108910891
6357 0.594059405941
6427 0.59900990099
6471 0.60396039604
6481 0.608910891089
6506 0.613861386139
6511 0.618811881188
6561 0.623762376238
6566 0.628712871287
6729 0.633663366337
6737 0.638613861386
6810 0.643564356436
6938 0.648514851485
7045 0.653465346535
7054 0.658415841584
7056 0.663366336634
7084 0.668316831683
7086 0.673267326733
7151 0.683168316832
7151 0.683168316832
7201 0.688118811881
7305 0.693069306931
7318 0.69801980198
7344 0.70297029703
7359 0.707920792079
7447 0.712871287129
7463 0.717821782178
7483 0.722772277228
7567 0.727722772277
7650 0.732673267327
7723 0.737623762376
7884 0.742574257426
7894 0.747524752475
8080 0.752475247525
8088 0.757425742574
8131 0.762376237624
8171 0.767326732673
8173 0.772277227723
8175 0.777227722772
8316 0.782178217822
8331 0.787128712871
8334 0.792079207921
8433 0.79702970297
8498 0.80198019802
8682 0.806930693069
8683 0.811881188119
8684 0.816831683168
8709 0.821782178218
8780 0.826732673267
8849 0.831683168317
8894 0.836633663366
8980 0.841584158416
9023 0.846534653465
9040 0.851485148515
9064 0.856435643564
9091 0.861386138614
9138 0.866336633663
9163 0.871287128713
9351 0.876237623762
9365 0.881188118812
9521 0.886138613861
9573 0.891089108911
9629 0.89603960396
9728 0.90099009901
9811 0.905940594059
9930 0.910891089109
10304 0.915841584158
10702 0.920792079208
11222 0.925742574257
11234 0.930693069307
11624 0.935643564356
11717 0.940594059406
11883 0.945544554455
12268 0.950495049505
12723 0.955445544554
13435 0.960396039604
14434 0.965346534653
14686 0.970297029703
15379 0.975247524752
15687 0.980198019802
16908 0.985148514851
18697 0.990099009901
20652 0.99504950495
22048 1.0
