28 0.00214592274678
29 0.00429184549356
30 0.0107296137339
30 0.0107296137339
30 0.0107296137339
641 0.0128755364807
798 0.0150214592275
882 0.0171673819742
1009 0.019313304721
1110 0.0214592274678
1217 0.0236051502146
1218 0.0257510729614
1371 0.0278969957082
1611 0.0300429184549
1895 0.0321888412017
1906 0.0343347639485
1994 0.0364806866953
1996 0.0386266094421
2022 0.0407725321888
2030 0.0429184549356
2112 0.0450643776824
2155 0.0472103004292
2170 0.049356223176
2173 0.0515021459227
2202 0.0536480686695
2204 0.0557939914163
2384 0.0579399141631
2459 0.0600858369099
2490 0.0622317596567
2505 0.0643776824034
2574 0.0665236051502
2644 0.068669527897
2659 0.0708154506438
2667 0.0729613733906
2712 0.0751072961373
2751 0.0772532188841
2763 0.0793991416309
2856 0.0815450643777
2969 0.0836909871245
3042 0.0858369098712
3047 0.087982832618
3072 0.0901287553648
3132 0.0922746781116
3156 0.0944206008584
3195 0.0965665236052
3259 0.0987124463519
3280 0.100858369099
3282 0.103004291845
3290 0.105150214592
3335 0.107296137339
3365 0.109442060086
3376 0.111587982833
3449 0.113733905579
3478 0.115879828326
3511 0.118025751073
3556 0.12017167382
3557 0.122317596567
3564 0.124463519313
3585 0.12660944206
3619 0.128755364807
3691 0.130901287554
3724 0.1330472103
3729 0.135193133047
3766 0.137339055794
3772 0.139484978541
3780 0.141630901288
3784 0.143776824034
3793 0.145922746781
3808 0.148068669528
3835 0.150214592275
3852 0.152360515021
3915 0.154506437768
3924 0.156652360515
3968 0.158798283262
3995 0.160944206009
4064 0.163090128755
4073 0.165236051502
4087 0.167381974249
4102 0.169527896996
4114 0.171673819742
4162 0.173819742489
4209 0.175965665236
4213 0.178111587983
4226 0.18025751073
4246 0.182403433476
4254 0.184549356223
4269 0.18669527897
4275 0.188841201717
4313 0.190987124464
4325 0.19313304721
4354 0.195278969957
4367 0.197424892704
4384 0.199570815451
4394 0.201716738197
4398 0.203862660944
4406 0.206008583691
4413 0.208154506438
4429 0.210300429185
4448 0.212446351931
4460 0.214592274678
4462 0.216738197425
4469 0.218884120172
4479 0.221030042918
4511 0.223175965665
4512 0.227467811159
4512 0.227467811159
4544 0.229613733906
4551 0.231759656652
4592 0.233905579399
4609 0.236051502146
4620 0.240343347639
4620 0.240343347639
4624 0.242489270386
4626 0.244635193133
4641 0.248927038627
4641 0.248927038627
4644 0.251072961373
4680 0.25321888412
4684 0.255364806867
4691 0.257510729614
4697 0.259656652361
4732 0.261802575107
4737 0.263948497854
4743 0.266094420601
4802 0.268240343348
4815 0.272532188841
4815 0.272532188841
4820 0.274678111588
4842 0.276824034335
4877 0.278969957082
4878 0.281115879828
4890 0.283261802575
4922 0.285407725322
4925 0.287553648069
4971 0.289699570815
4990 0.291845493562
4994 0.293991416309
5002 0.296137339056
5011 0.298283261803
5022 0.300429184549
5033 0.302575107296
5039 0.304721030043
5043 0.30686695279
5079 0.309012875536
5105 0.311158798283
5145 0.31330472103
5183 0.315450643777
5186 0.317596566524
5193 0.31974248927
5202 0.321888412017
5223 0.324034334764
5258 0.326180257511
5282 0.328326180258
5344 0.330472103004
5380 0.332618025751
5402 0.334763948498
5411 0.336909871245
5419 0.339055793991
5423 0.341201716738
5427 0.343347639485
5466 0.345493562232
5476 0.347639484979
5500 0.349785407725
5507 0.351931330472
5518 0.354077253219
5526 0.358369098712
5526 0.358369098712
5547 0.360515021459
5565 0.362660944206
5585 0.364806866953
5592 0.3669527897
5601 0.369098712446
5656 0.371244635193
5685 0.37339055794
5701 0.377682403433
5701 0.377682403433
5708 0.37982832618
5801 0.381974248927
5814 0.384120171674
5827 0.386266094421
5835 0.388412017167
5875 0.390557939914
5879 0.392703862661
5894 0.394849785408
5934 0.396995708155
5965 0.399141630901
5977 0.401287553648
5988 0.403433476395
5998 0.405579399142
6058 0.407725321888
6059 0.409871244635
6081 0.412017167382
6093 0.414163090129
6117 0.416309012876
6136 0.418454935622
6147 0.420600858369
6174 0.422746781116
6211 0.424892703863
6216 0.427038626609
6222 0.429184549356
6228 0.431330472103
6231 0.43347639485
6232 0.435622317597
6245 0.437768240343
6256 0.43991416309
6273 0.442060085837
6298 0.444206008584
6326 0.44635193133
6335 0.448497854077
6340 0.452789699571
6340 0.452789699571
6350 0.454935622318
6365 0.457081545064
6372 0.459227467811
6425 0.461373390558
6483 0.465665236052
6483 0.465665236052
6486 0.467811158798
6489 0.469957081545
6491 0.472103004292
6528 0.474248927039
6540 0.476394849785
6576 0.478540772532
6581 0.480686695279
6595 0.482832618026
6597 0.484978540773
6601 0.487124463519
6615 0.489270386266
6674 0.491416309013
6713 0.49356223176
6790 0.495708154506
6792 0.497854077253
6793 0.5
6797 0.502145922747
6826 0.504291845494
6841 0.50643776824
6853 0.508583690987
6860 0.510729613734
6865 0.512875536481
6880 0.515021459227
6889 0.517167381974
6906 0.519313304721
6929 0.521459227468
6932 0.523605150215
6982 0.525751072961
6985 0.527896995708
7027 0.530042918455
7033 0.532188841202
7040 0.534334763948
7111 0.536480686695
7120 0.538626609442
7190 0.540772532189
7219 0.542918454936
7237 0.545064377682
7281 0.547210300429
7443 0.549356223176
7451 0.551502145923
7480 0.55364806867
7504 0.555793991416
7511 0.56008583691
7511 0.56008583691
7574 0.564377682403
7574 0.564377682403
7610 0.56652360515
7616 0.568669527897
7624 0.570815450644
7740 0.572961373391
7781 0.575107296137
7820 0.577253218884
7825 0.579399141631
7871 0.581545064378
7872 0.583690987124
7874 0.585836909871
7877 0.587982832618
7880 0.592274678112
7880 0.592274678112
7883 0.594420600858
7890 0.596566523605
7891 0.598712446352
7895 0.600858369099
7896 0.603004291845
7898 0.605150214592
7934 0.607296137339
7942 0.609442060086
7952 0.613733905579
7952 0.613733905579
8001 0.615879828326
8043 0.618025751073
8063 0.62017167382
8107 0.622317596567
8207 0.624463519313
8210 0.62660944206
8301 0.628755364807
8367 0.630901287554
8370 0.6330472103
8382 0.635193133047
8403 0.637339055794
8405 0.639484978541
8457 0.641630901288
8458 0.643776824034
8462 0.645922746781
8466 0.648068669528
8503 0.650214592275
8523 0.652360515021
8545 0.654506437768
8562 0.656652360515
8578 0.658798283262
8632 0.660944206009
8651 0.663090128755
8656 0.665236051502
8664 0.667381974249
8684 0.669527896996
8690 0.671673819742
8701 0.673819742489
8800 0.675965665236
8802 0.678111587983
8941 0.68025751073
8942 0.682403433476
8958 0.684549356223
8982 0.68669527897
8987 0.688841201717
8998 0.690987124464
9019 0.69313304721
9033 0.695278969957
9116 0.697424892704
9123 0.699570815451
9126 0.701716738197
9131 0.703862660944
9153 0.706008583691
9160 0.708154506438
9164 0.710300429185
9206 0.712446351931
9213 0.714592274678
9263 0.716738197425
9264 0.718884120172
9289 0.721030042918
9291 0.723175965665
9323 0.725321888412
9365 0.727467811159
9369 0.729613733906
9382 0.731759656652
9434 0.733905579399
9494 0.736051502146
9496 0.738197424893
9583 0.740343347639
9586 0.742489270386
9607 0.744635193133
9615 0.74678111588
9662 0.748927038627
9697 0.751072961373
9767 0.75321888412
9770 0.755364806867
9785 0.757510729614
9816 0.759656652361
9823 0.761802575107
9836 0.763948497854
9958 0.766094420601
9961 0.768240343348
9962 0.770386266094
10013 0.772532188841
10078 0.774678111588
10214 0.776824034335
10241 0.778969957082
10307 0.781115879828
10308 0.783261802575
10438 0.785407725322
10445 0.787553648069
10453 0.789699570815
10484 0.791845493562
10535 0.793991416309
10748 0.796137339056
10776 0.798283261803
10880 0.800429184549
10938 0.802575107296
10998 0.804721030043
11051 0.80686695279
11075 0.809012875536
11093 0.811158798283
11164 0.81330472103
11201 0.815450643777
11228 0.817596566524
11304 0.81974248927
11347 0.821888412017
11349 0.824034334764
11499 0.826180257511
11602 0.828326180258
11666 0.830472103004
11681 0.832618025751
11694 0.834763948498
11706 0.836909871245
11730 0.839055793991
11793 0.841201716738
11917 0.843347639485
12004 0.845493562232
12147 0.847639484979
12158 0.849785407725
12190 0.851931330472
12287 0.854077253219
12396 0.856223175966
12482 0.858369098712
12568 0.860515021459
12758 0.862660944206
12927 0.864806866953
12957 0.8669527897
13083 0.869098712446
13105 0.871244635193
13115 0.87339055794
13163 0.875536480687
13167 0.877682403433
13204 0.87982832618
13214 0.881974248927
13418 0.884120171674
13435 0.886266094421
13441 0.888412017167
13511 0.890557939914
13519 0.892703862661
13640 0.894849785408
13646 0.896995708155
13713 0.899141630901
13954 0.901287553648
13975 0.903433476395
14176 0.905579399142
14228 0.907725321888
14245 0.909871244635
14629 0.912017167382
14703 0.914163090129
14723 0.916309012876
14832 0.918454935622
14890 0.920600858369
15530 0.922746781116
15536 0.924892703863
15781 0.927038626609
15929 0.929184549356
15935 0.931330472103
16112 0.93347639485
16236 0.937768240343
16236 0.937768240343
16269 0.93991416309
16505 0.942060085837
17117 0.944206008584
17485 0.94635193133
17573 0.948497854077
17794 0.950643776824
18009 0.952789699571
18201 0.954935622318
18450 0.957081545064
18491 0.959227467811
18547 0.961373390558
18719 0.963519313305
18810 0.965665236052
19123 0.967811158798
19340 0.969957081545
19602 0.972103004292
19653 0.974248927039
20802 0.976394849785
22274 0.978540772532
22441 0.980686695279
22639 0.982832618026
23223 0.984978540773
24125 0.987124463519
24769 0.989270386266
27129 0.991416309013
27390 0.99356223176
32358 0.995708154506
35408 0.997854077253
37960 1.0
