909 0.0049504950495
1188 0.00990099009901
1192 0.0148514851485
1446 0.019801980198
1731 0.0247524752475
1979 0.029702970297
2295 0.0346534653465
2566 0.039603960396
2568 0.0445544554455
2607 0.049504950495
2615 0.0544554455446
2652 0.0594059405941
2727 0.0643564356436
2834 0.0693069306931
2842 0.0742574257426
2843 0.0841584158416
2843 0.0841584158416
2860 0.0891089108911
2886 0.0940594059406
2915 0.0990099009901
2973 0.10396039604
3027 0.108910891089
3092 0.113861386139
3103 0.118811881188
3267 0.123762376238
3323 0.128712871287
3379 0.133663366337
3485 0.138613861386
3517 0.143564356436
3684 0.148514851485
3693 0.153465346535
3734 0.158415841584
3741 0.163366336634
3758 0.168316831683
3880 0.173267326733
3979 0.178217821782
3985 0.183168316832
4003 0.188118811881
4050 0.193069306931
4066 0.19801980198
4119 0.20297029703
4212 0.207920792079
4278 0.212871287129
4287 0.217821782178
4310 0.222772277228
4330 0.227722772277
4343 0.232673267327
4485 0.237623762376
4525 0.242574257426
4572 0.247524752475
4604 0.257425742574
4604 0.257425742574
4607 0.262376237624
4613 0.267326732673
4633 0.272277227723
4664 0.277227722772
4693 0.282178217822
4709 0.287128712871
4728 0.292079207921
4740 0.29702970297
4790 0.30198019802
4793 0.306930693069
4819 0.311881188119
4836 0.316831683168
4837 0.321782178218
4843 0.326732673267
4848 0.331683168317
4854 0.336633663366
4860 0.341584158416
4862 0.346534653465
4896 0.351485148515
4943 0.356435643564
4957 0.361386138614
4959 0.366336633663
5012 0.371287128713
5064 0.376237623762
5069 0.381188118812
5078 0.386138613861
5143 0.391089108911
5148 0.39603960396
5180 0.40099009901
5181 0.405940594059
5193 0.410891089109
5230 0.415841584158
5236 0.420792079208
5243 0.425742574257
5250 0.430693069307
5280 0.435643564356
5333 0.440594059406
5405 0.445544554455
5419 0.450495049505
5423 0.455445544554
5509 0.460396039604
5579 0.465346534653
5595 0.470297029703
5673 0.475247524752
5709 0.480198019802
5714 0.485148514851
5721 0.49504950495
5721 0.49504950495
5738 0.5
5793 0.50495049505
5908 0.509900990099
5920 0.514851485149
5930 0.524752475248
5930 0.524752475248
5998 0.529702970297
6047 0.534653465347
6068 0.539603960396
6097 0.544554455446
6098 0.549504950495
6145 0.554455445545
6153 0.559405940594
6226 0.564356435644
6248 0.569306930693
6260 0.574257425743
6346 0.579207920792
6376 0.589108910891
6376 0.589108910891
6384 0.594059405941
6410 0.59900990099
6420 0.60396039604
6432 0.608910891089
6441 0.613861386139
6518 0.618811881188
6704 0.623762376238
6758 0.628712871287
6894 0.633663366337
6896 0.638613861386
6902 0.643564356436
6916 0.648514851485
6917 0.653465346535
6974 0.658415841584
7042 0.663366336634
7097 0.668316831683
7117 0.673267326733
7119 0.678217821782
7154 0.683168316832
7217 0.688118811881
7301 0.693069306931
7331 0.69801980198
7347 0.70297029703
7359 0.707920792079
7373 0.712871287129
7423 0.717821782178
7545 0.722772277228
7565 0.727722772277
7580 0.732673267327
7653 0.737623762376
7665 0.742574257426
7755 0.747524752475
7838 0.752475247525
7889 0.757425742574
7962 0.762376237624
7993 0.767326732673
8062 0.772277227723
8175 0.777227722772
8201 0.782178217822
8258 0.787128712871
8320 0.792079207921
8327 0.79702970297
8450 0.80198019802
8472 0.806930693069
8632 0.811881188119
8671 0.816831683168
8732 0.821782178218
8733 0.826732673267
8750 0.831683168317
8784 0.836633663366
8862 0.841584158416
8868 0.846534653465
8873 0.851485148515
8904 0.856435643564
8914 0.861386138614
9070 0.866336633663
9385 0.871287128713
9422 0.876237623762
9510 0.881188118812
9626 0.886138613861
9650 0.891089108911
9669 0.89603960396
9828 0.90099009901
10184 0.905940594059
10609 0.910891089109
10660 0.915841584158
10686 0.920792079208
11135 0.925742574257
11317 0.930693069307
11590 0.935643564356
12067 0.940594059406
12256 0.945544554455
12355 0.950495049505
12535 0.955445544554
12851 0.960396039604
13244 0.965346534653
13257 0.970297029703
13821 0.975247524752
15295 0.980198019802
16950 0.985148514851
18448 0.990099009901
20518 0.99504950495
22174 1.0
