922 0.00396825396825
979 0.00793650793651
1153 0.0119047619048
1254 0.015873015873
1375 0.0198412698413
1570 0.0238095238095
1644 0.0277777777778
1813 0.031746031746
2027 0.0357142857143
2047 0.0396825396825
2115 0.0436507936508
2126 0.047619047619
2190 0.0515873015873
2256 0.0555555555556
2258 0.0595238095238
2278 0.0634920634921
2284 0.0674603174603
2301 0.0714285714286
2313 0.0753968253968
2368 0.0793650793651
2388 0.0833333333333
2394 0.0873015873016
2491 0.0912698412698
2494 0.0952380952381
2704 0.0992063492063
2705 0.103174603175
2742 0.107142857143
2782 0.111111111111
2809 0.115079365079
2845 0.119047619048
2927 0.123015873016
2975 0.126984126984
2982 0.130952380952
3012 0.134920634921
3013 0.138888888889
3036 0.142857142857
3073 0.146825396825
3113 0.150793650794
3169 0.154761904762
3170 0.15873015873
3232 0.162698412698
3279 0.166666666667
3317 0.170634920635
3354 0.174603174603
3361 0.178571428571
3371 0.18253968254
3448 0.186507936508
3510 0.190476190476
3568 0.194444444444
3576 0.198412698413
3595 0.202380952381
3609 0.206349206349
3644 0.210317460317
3662 0.214285714286
3733 0.218253968254
3735 0.222222222222
3764 0.22619047619
3768 0.230158730159
3787 0.234126984127
3853 0.238095238095
3860 0.242063492063
3891 0.246031746032
3944 0.25
4005 0.253968253968
4006 0.257936507937
4016 0.261904761905
4019 0.265873015873
4034 0.269841269841
4062 0.27380952381
4098 0.277777777778
4142 0.281746031746
4152 0.285714285714
4170 0.289682539683
4175 0.293650793651
4176 0.297619047619
4185 0.301587301587
4202 0.305555555556
4204 0.309523809524
4208 0.313492063492
4209 0.31746031746
4212 0.321428571429
4222 0.325396825397
4267 0.329365079365
4278 0.333333333333
4315 0.337301587302
4336 0.34126984127
4362 0.345238095238
4364 0.349206349206
4431 0.353174603175
4433 0.357142857143
4440 0.361111111111
4573 0.365079365079
4627 0.369047619048
4684 0.373015873016
4696 0.376984126984
4706 0.380952380952
4712 0.384920634921
4754 0.388888888889
4769 0.392857142857
4786 0.396825396825
4803 0.400793650794
4850 0.404761904762
4869 0.40873015873
4902 0.412698412698
4903 0.416666666667
4904 0.420634920635
4948 0.424603174603
4953 0.428571428571
4971 0.43253968254
5011 0.436507936508
5043 0.440476190476
5102 0.444444444444
5134 0.448412698413
5137 0.452380952381
5206 0.456349206349
5228 0.460317460317
5251 0.464285714286
5255 0.468253968254
5305 0.472222222222
5354 0.47619047619
5425 0.480158730159
5481 0.484126984127
5499 0.488095238095
5527 0.492063492063
5529 0.496031746032
5534 0.5
5546 0.503968253968
5550 0.507936507937
5562 0.511904761905
5566 0.519841269841
5566 0.519841269841
5614 0.52380952381
5642 0.527777777778
5655 0.531746031746
5661 0.535714285714
5691 0.539682539683
5736 0.543650793651
5813 0.547619047619
5823 0.551587301587
5834 0.555555555556
5852 0.559523809524
5882 0.563492063492
5992 0.56746031746
5994 0.571428571429
6020 0.575396825397
6100 0.579365079365
6127 0.583333333333
6201 0.587301587302
6203 0.59126984127
6238 0.595238095238
6380 0.599206349206
6395 0.603174603175
6468 0.607142857143
6472 0.611111111111
6498 0.615079365079
6550 0.619047619048
6557 0.623015873016
6571 0.626984126984
6576 0.630952380952
6586 0.634920634921
6590 0.638888888889
6602 0.642857142857
6654 0.646825396825
6656 0.650793650794
6658 0.654761904762
6659 0.65873015873
6669 0.662698412698
6675 0.666666666667
6767 0.670634920635
6867 0.674603174603
6879 0.678571428571
6966 0.68253968254
6973 0.686507936508
6987 0.690476190476
6988 0.694444444444
7017 0.698412698413
7032 0.702380952381
7134 0.706349206349
7157 0.710317460317
7166 0.714285714286
7179 0.718253968254
7199 0.722222222222
7214 0.72619047619
7271 0.730158730159
7289 0.734126984127
7358 0.738095238095
7370 0.742063492063
7386 0.746031746032
7536 0.75
7576 0.753968253968
7603 0.757936507937
7670 0.761904761905
7871 0.765873015873
7933 0.769841269841
7947 0.77380952381
8012 0.777777777778
8032 0.781746031746
8095 0.785714285714
8158 0.789682539683
8242 0.793650793651
8324 0.797619047619
8325 0.801587301587
8347 0.805555555556
8388 0.809523809524
8452 0.813492063492
8556 0.81746031746
8573 0.821428571429
8745 0.825396825397
8774 0.829365079365
8803 0.833333333333
8847 0.837301587302
8861 0.84126984127
8982 0.845238095238
9115 0.849206349206
9152 0.853174603175
9190 0.857142857143
9325 0.861111111111
9348 0.865079365079
9450 0.869047619048
9547 0.873015873016
9644 0.876984126984
9709 0.880952380952
9777 0.884920634921
9847 0.888888888889
9950 0.892857142857
10095 0.896825396825
10097 0.900793650794
10239 0.904761904762
10356 0.90873015873
10996 0.912698412698
11008 0.916666666667
11761 0.920634920635
11763 0.924603174603
12341 0.928571428571
12496 0.93253968254
12568 0.936507936508
12846 0.940476190476
13866 0.944444444444
13952 0.948412698413
14041 0.952380952381
14066 0.956349206349
15014 0.960317460317
15131 0.964285714286
15954 0.968253968254
16169 0.972222222222
16403 0.97619047619
16764 0.980158730159
17930 0.984126984127
18518 0.988095238095
19158 0.992063492063
20103 0.996031746032
21509 1.0
