32 0.0020325203252
533 0.00406504065041
692 0.00609756097561
1132 0.00813008130081
1157 0.010162601626
1245 0.0121951219512
1476 0.0142276422764
1611 0.0162601626016
1799 0.0182926829268
1994 0.020325203252
2130 0.0223577235772
2496 0.0243902439024
2508 0.0264227642276
2674 0.0284552845528
2712 0.030487804878
2722 0.0325203252033
2756 0.0345528455285
2959 0.0365853658537
2989 0.0386178861789
3005 0.0406504065041
3054 0.0426829268293
3158 0.0447154471545
3300 0.0467479674797
3425 0.0487804878049
3490 0.0508130081301
3831 0.0528455284553
4170 0.0548780487805
4414 0.0569105691057
4681 0.0589430894309
4686 0.0609756097561
4769 0.0630081300813
4803 0.0650406504065
4908 0.0670731707317
4951 0.0691056910569
5039 0.0711382113821
5060 0.0731707317073
5071 0.0752032520325
5223 0.0772357723577
5301 0.0792682926829
5439 0.0813008130081
5633 0.0833333333333
5711 0.0853658536585
5759 0.0873983739837
5806 0.0894308943089
5914 0.0914634146341
6069 0.0934959349593
6120 0.0955284552846
6161 0.0975609756098
6202 0.099593495935
6302 0.10162601626
6342 0.103658536585
6537 0.105691056911
6719 0.107723577236
6794 0.109756097561
6908 0.111788617886
6940 0.113821138211
6963 0.115853658537
7029 0.117886178862
7091 0.119918699187
7146 0.121951219512
7172 0.123983739837
7195 0.126016260163
7275 0.128048780488
7288 0.130081300813
7312 0.132113821138
7339 0.134146341463
7363 0.136178861789
7416 0.138211382114
7593 0.140243902439
7658 0.142276422764
7713 0.144308943089
7714 0.146341463415
7729 0.14837398374
7773 0.150406504065
7848 0.15243902439
7980 0.154471544715
8103 0.156504065041
8119 0.158536585366
8145 0.160569105691
8277 0.162601626016
8480 0.164634146341
8586 0.166666666667
8849 0.168699186992
8973 0.170731707317
9088 0.172764227642
9244 0.174796747967
9246 0.176829268293
9346 0.178861788618
9482 0.180894308943
9631 0.182926829268
9658 0.184959349593
9712 0.186991869919
9740 0.189024390244
9867 0.191056910569
9878 0.193089430894
9949 0.19512195122
9983 0.197154471545
10008 0.19918699187
10086 0.201219512195
10133 0.20325203252
10138 0.205284552846
10238 0.207317073171
10271 0.209349593496
10310 0.211382113821
10319 0.213414634146
10376 0.215447154472
10377 0.217479674797
10420 0.219512195122
10421 0.221544715447
10535 0.223577235772
10543 0.225609756098
10565 0.227642276423
10587 0.229674796748
10790 0.231707317073
10806 0.233739837398
10819 0.235772357724
10857 0.237804878049
10873 0.239837398374
10895 0.241869918699
10927 0.243902439024
10937 0.24593495935
11032 0.247967479675
11044 0.25
11148 0.252032520325
11167 0.25406504065
11239 0.256097560976
11539 0.258130081301
11882 0.260162601626
11951 0.262195121951
12000 0.264227642276
12171 0.266260162602
12176 0.268292682927
12284 0.270325203252
12289 0.272357723577
12430 0.274390243902
12637 0.276422764228
12679 0.278455284553
12795 0.280487804878
12815 0.282520325203
12850 0.284552845528
12865 0.286585365854
12883 0.288617886179
12997 0.290650406504
13011 0.292682926829
13031 0.294715447154
13048 0.29674796748
13204 0.298780487805
13296 0.30081300813
13364 0.302845528455
13401 0.30487804878
13442 0.306910569106
13451 0.308943089431
13507 0.310975609756
13527 0.313008130081
13544 0.315040650407
13626 0.317073170732
13632 0.319105691057
13641 0.321138211382
13695 0.323170731707
13806 0.325203252033
13815 0.327235772358
13834 0.329268292683
13975 0.331300813008
14001 0.333333333333
14347 0.335365853659
14463 0.337398373984
14478 0.339430894309
14669 0.341463414634
14726 0.343495934959
14798 0.345528455285
14807 0.34756097561
14816 0.349593495935
14902 0.35162601626
15024 0.353658536585
15170 0.355691056911
15232 0.357723577236
15256 0.359756097561
15367 0.361788617886
15393 0.363821138211
15534 0.365853658537
15630 0.367886178862
15637 0.369918699187
15689 0.371951219512
15710 0.373983739837
15914 0.376016260163
15935 0.378048780488
16208 0.380081300813
16213 0.382113821138
16243 0.384146341463
16370 0.386178861789
16407 0.388211382114
16493 0.390243902439
16496 0.392276422764
16498 0.394308943089
16512 0.396341463415
16835 0.39837398374
16846 0.400406504065
17054 0.40243902439
17158 0.404471544715
17187 0.406504065041
17218 0.408536585366
17363 0.410569105691
17390 0.412601626016
17496 0.414634146341
17663 0.416666666667
17719 0.418699186992
17784 0.420731707317
17806 0.422764227642
18108 0.424796747967
18212 0.426829268293
18243 0.428861788618
18255 0.430894308943
18429 0.432926829268
18565 0.434959349593
18890 0.436991869919
19013 0.439024390244
19014 0.441056910569
19041 0.443089430894
19125 0.44512195122
19210 0.447154471545
19357 0.44918699187
19538 0.451219512195
19544 0.45325203252
19624 0.455284552846
19735 0.457317073171
19826 0.459349593496
19900 0.461382113821
19968 0.463414634146
20000 0.467479674797
20000 0.467479674797
20060 0.469512195122
20097 0.471544715447
20214 0.473577235772
20273 0.475609756098
20435 0.477642276423
20436 0.479674796748
20456 0.481707317073
20527 0.483739837398
20742 0.485772357724
20784 0.487804878049
20987 0.489837398374
21022 0.491869918699
21052 0.493902439024
21143 0.49593495935
21147 0.497967479675
21162 0.5
21307 0.502032520325
21365 0.50406504065
21427 0.506097560976
21559 0.508130081301
21594 0.510162601626
21862 0.512195121951
21886 0.514227642276
22105 0.516260162602
22107 0.518292682927
22130 0.520325203252
22183 0.522357723577
22191 0.524390243902
22253 0.526422764228
22358 0.528455284553
22438 0.530487804878
22487 0.532520325203
22626 0.534552845528
22699 0.536585365854
22950 0.538617886179
23000 0.540650406504
23594 0.542682926829
23599 0.544715447154
23641 0.54674796748
23657 0.548780487805
23681 0.55081300813
23714 0.552845528455
24002 0.55487804878
24075 0.556910569106
24258 0.558943089431
24311 0.560975609756
24368 0.563008130081
24595 0.565040650407
24609 0.567073170732
24729 0.569105691057
24887 0.571138211382
24894 0.573170731707
25037 0.575203252033
25101 0.577235772358
25489 0.579268292683
25616 0.581300813008
25671 0.583333333333
25767 0.585365853659
25783 0.587398373984
26002 0.589430894309
26061 0.591463414634
26064 0.593495934959
26140 0.595528455285
26163 0.59756097561
26169 0.599593495935
26439 0.60162601626
26450 0.603658536585
26513 0.605691056911
26646 0.607723577236
26908 0.609756097561
26911 0.611788617886
26965 0.613821138211
27036 0.615853658537
27132 0.617886178862
27167 0.619918699187
27283 0.621951219512
27443 0.623983739837
27466 0.626016260163
27520 0.628048780488
27560 0.630081300813
27702 0.632113821138
27800 0.634146341463
27915 0.636178861789
27976 0.638211382114
27982 0.640243902439
28027 0.642276422764
28130 0.644308943089
28205 0.646341463415
28403 0.64837398374
28405 0.650406504065
28415 0.65243902439
28468 0.654471544715
28850 0.656504065041
28887 0.658536585366
28933 0.660569105691
28936 0.662601626016
29032 0.664634146341
29118 0.666666666667
29168 0.668699186992
29221 0.670731707317
29837 0.672764227642
29928 0.674796747967
29941 0.676829268293
29952 0.678861788618
30271 0.680894308943
30405 0.682926829268
30425 0.684959349593
30443 0.686991869919
30458 0.689024390244
30658 0.691056910569
30909 0.693089430894
30951 0.69512195122
31008 0.697154471545
31296 0.69918699187
31448 0.701219512195
31485 0.70325203252
31791 0.705284552846
31855 0.707317073171
31871 0.709349593496
32003 0.711382113821
32061 0.713414634146
32146 0.715447154472
32229 0.717479674797
32341 0.719512195122
32476 0.721544715447
32504 0.723577235772
32812 0.725609756098
32835 0.727642276423
32869 0.729674796748
32903 0.731707317073
33006 0.733739837398
33062 0.735772357724
33074 0.737804878049
33096 0.739837398374
33188 0.741869918699
33206 0.743902439024
33353 0.74593495935
33450 0.747967479675
33455 0.75
33491 0.752032520325
33745 0.75406504065
33748 0.756097560976
33778 0.758130081301
33814 0.760162601626
34227 0.762195121951
34252 0.764227642276
34461 0.766260162602
34629 0.768292682927
34686 0.770325203252
34729 0.772357723577
35161 0.774390243902
35412 0.776422764228
35432 0.778455284553
35511 0.780487804878
35547 0.782520325203
35585 0.784552845528
35674 0.786585365854
35827 0.788617886179
36184 0.790650406504
36186 0.792682926829
36368 0.794715447154
36608 0.79674796748
36728 0.798780487805
36796 0.80081300813
37624 0.802845528455
37766 0.80487804878
37897 0.806910569106
37906 0.808943089431
38199 0.810975609756
38357 0.813008130081
38504 0.815040650407
38732 0.817073170732
39005 0.819105691057
39060 0.821138211382
39145 0.823170731707
39624 0.825203252033
40064 0.827235772358
40214 0.829268292683
40243 0.831300813008
41394 0.833333333333
41688 0.835365853659
41772 0.837398373984
41911 0.839430894309
41930 0.841463414634
42169 0.843495934959
42472 0.845528455285
42638 0.84756097561
43152 0.849593495935
43670 0.85162601626
44017 0.853658536585
44264 0.855691056911
44512 0.857723577236
44782 0.859756097561
45400 0.861788617886
45462 0.863821138211
46461 0.865853658537
47077 0.867886178862
47453 0.869918699187
48995 0.871951219512
49258 0.873983739837
49395 0.876016260163
49739 0.878048780488
50409 0.880081300813
50772 0.882113821138
51269 0.884146341463
51701 0.886178861789
52983 0.888211382114
53126 0.890243902439
54506 0.892276422764
54667 0.894308943089
56924 0.896341463415
57063 0.89837398374
57312 0.900406504065
57371 0.90243902439
57379 0.904471544715
57441 0.906504065041
57686 0.908536585366
58128 0.910569105691
59704 0.912601626016
59769 0.914634146341
60448 0.916666666667
60658 0.918699186992
61838 0.920731707317
62300 0.922764227642
62531 0.924796747967
62675 0.926829268293
63454 0.928861788618
64035 0.930894308943
65095 0.932926829268
66840 0.934959349593
67678 0.936991869919
70763 0.939024390244
71127 0.941056910569
71981 0.943089430894
72658 0.94512195122
76875 0.947154471545
77520 0.94918699187
77969 0.951219512195
78046 0.95325203252
79002 0.955284552846
79688 0.957317073171
80157 0.959349593496
83642 0.961382113821
84088 0.963414634146
84661 0.965447154472
85603 0.967479674797
86142 0.969512195122
87208 0.971544715447
87657 0.973577235772
90170 0.975609756098
93947 0.977642276423
95734 0.979674796748
96983 0.981707317073
97448 0.983739837398
101487 0.985772357724
103582 0.987804878049
107711 0.989837398374
108723 0.991869918699
117333 0.993902439024
136645 0.99593495935
141610 0.997967479675
166745 1.0
