37 0.00606060606061
977 0.0121212121212
1294 0.0181818181818
1317 0.0242424242424
1619 0.030303030303
1916 0.0363636363636
2209 0.0424242424242
2540 0.0484848484848
2552 0.0545454545455
2797 0.0606060606061
2874 0.0666666666667
2882 0.0727272727273
2960 0.0787878787879
3049 0.0848484848485
3144 0.0909090909091
3338 0.0969696969697
3347 0.10303030303
3429 0.109090909091
3430 0.115151515152
3778 0.121212121212
3799 0.127272727273
3849 0.133333333333
3890 0.139393939394
4069 0.145454545455
4122 0.151515151515
4135 0.157575757576
4143 0.163636363636
4148 0.169696969697
4155 0.175757575758
4370 0.181818181818
4394 0.187878787879
4461 0.193939393939
4510 0.2
4544 0.206060606061
4554 0.212121212121
4707 0.218181818182
4728 0.224242424242
4765 0.230303030303
4777 0.236363636364
4847 0.242424242424
4896 0.248484848485
4961 0.254545454545
5028 0.260606060606
5075 0.266666666667
5107 0.272727272727
5135 0.278787878788
5227 0.284848484848
5253 0.290909090909
5265 0.29696969697
5294 0.30303030303
5308 0.309090909091
5314 0.315151515152
5333 0.321212121212
5342 0.327272727273
5365 0.333333333333
5371 0.339393939394
5377 0.345454545455
5378 0.351515151515
5388 0.357575757576
5461 0.363636363636
5477 0.369696969697
5542 0.375757575758
5572 0.381818181818
5604 0.387878787879
5610 0.393939393939
5668 0.4
5684 0.406060606061
5742 0.412121212121
5756 0.418181818182
5762 0.424242424242
5775 0.430303030303
5884 0.436363636364
5892 0.442424242424
5935 0.448484848485
5993 0.454545454545
6061 0.460606060606
6088 0.466666666667
6124 0.472727272727
6218 0.478787878788
6261 0.484848484848
6328 0.490909090909
6329 0.49696969697
6441 0.50303030303
6472 0.509090909091
6484 0.515151515152
6525 0.521212121212
6582 0.527272727273
6592 0.533333333333
6629 0.539393939394
6664 0.545454545455
6729 0.551515151515
6773 0.557575757576
6785 0.563636363636
6855 0.569696969697
6864 0.575757575758
7026 0.581818181818
7093 0.587878787879
7273 0.593939393939
7299 0.6
7317 0.606060606061
7415 0.612121212121
7444 0.618181818182
7473 0.624242424242
7476 0.630303030303
7583 0.636363636364
7630 0.642424242424
7753 0.648484848485
7760 0.654545454545
7842 0.660606060606
7961 0.666666666667
7994 0.672727272727
8033 0.678787878788
8176 0.684848484848
8195 0.690909090909
8224 0.69696969697
8299 0.70303030303
8302 0.709090909091
8375 0.715151515152
8379 0.721212121212
8414 0.727272727273
8431 0.733333333333
8472 0.739393939394
8522 0.745454545455
8716 0.751515151515
8921 0.757575757576
8938 0.763636363636
9004 0.769696969697
9045 0.775757575758
9066 0.781818181818
9140 0.787878787879
9153 0.793939393939
9156 0.8
9168 0.806060606061
9290 0.824242424242
9290 0.824242424242
9290 0.824242424242
9316 0.830303030303
9618 0.836363636364
9625 0.842424242424
9709 0.848484848485
9726 0.854545454545
10147 0.860606060606
10162 0.866666666667
10295 0.872727272727
10316 0.878787878788
10367 0.884848484848
10440 0.890909090909
10643 0.89696969697
10733 0.90303030303
10788 0.909090909091
11229 0.915151515152
11265 0.921212121212
11476 0.927272727273
11797 0.933333333333
12023 0.939393939394
12654 0.945454545455
12870 0.957575757576
12870 0.957575757576
13215 0.963636363636
13349 0.969696969697
13481 0.975757575758
13582 0.981818181818
15259 0.987878787879
22680 0.993939393939
22810 1.0
