52 0.00202429149798
933 0.00404858299595
952 0.00607287449393
957 0.0080971659919
1098 0.0101214574899
1133 0.0121457489879
1294 0.0141700404858
1349 0.0161943319838
1392 0.0182186234818
1394 0.0202429149798
1498 0.0222672064777
1514 0.0242914979757
1521 0.0263157894737
1522 0.0283400809717
1566 0.0303643724696
1610 0.0323886639676
1645 0.0344129554656
1658 0.0364372469636
1660 0.0384615384615
1664 0.0404858299595
1669 0.0425101214575
1670 0.0445344129555
1740 0.0465587044534
1759 0.0485829959514
1788 0.0506072874494
1823 0.0526315789474
1830 0.0546558704453
1833 0.0566801619433
1874 0.0587044534413
1890 0.0607287449393
1891 0.0627530364372
1923 0.0647773279352
1924 0.0668016194332
1926 0.0688259109312
1945 0.0708502024291
1960 0.0728744939271
1961 0.0748987854251
2017 0.0769230769231
2026 0.0789473684211
2030 0.080971659919
2060 0.082995951417
2107 0.085020242915
2158 0.087044534413
2185 0.0890688259109
2191 0.0910931174089
2192 0.0931174089069
2205 0.0951417004049
2216 0.0971659919028
2234 0.0991902834008
2256 0.101214574899
2258 0.103238866397
2284 0.105263157895
2337 0.107287449393
2356 0.109311740891
2381 0.111336032389
2429 0.113360323887
2444 0.115384615385
2455 0.117408906883
2464 0.119433198381
2501 0.121457489879
2503 0.123481781377
2504 0.125506072874
2511 0.127530364372
2517 0.12955465587
2543 0.131578947368
2547 0.133603238866
2566 0.135627530364
2586 0.13967611336
2586 0.13967611336
2588 0.141700404858
2594 0.143724696356
2630 0.145748987854
2631 0.147773279352
2660 0.14979757085
2669 0.151821862348
2682 0.153846153846
2718 0.155870445344
2737 0.15991902834
2737 0.15991902834
2748 0.161943319838
2782 0.163967611336
2793 0.165991902834
2822 0.168016194332
2823 0.17004048583
2839 0.172064777328
2842 0.174089068826
2861 0.176113360324
2864 0.178137651822
2870 0.18016194332
2875 0.182186234818
2885 0.184210526316
2886 0.186234817814
2894 0.188259109312
2897 0.19028340081
2909 0.192307692308
2919 0.194331983806
2924 0.196356275304
2926 0.198380566802
2945 0.2004048583
2952 0.202429149798
2966 0.204453441296
2973 0.206477732794
2976 0.208502024291
2992 0.210526315789
3006 0.212550607287
3029 0.214574898785
3039 0.216599190283
3042 0.218623481781
3056 0.220647773279
3066 0.222672064777
3082 0.224696356275
3105 0.226720647773
3106 0.228744939271
3107 0.230769230769
3109 0.232793522267
3149 0.234817813765
3157 0.236842105263
3184 0.238866396761
3189 0.242914979757
3189 0.242914979757
3200 0.244939271255
3208 0.248987854251
3208 0.248987854251
3220 0.253036437247
3220 0.253036437247
3224 0.255060728745
3232 0.257085020243
3235 0.259109311741
3243 0.261133603239
3265 0.263157894737
3280 0.265182186235
3284 0.267206477733
3313 0.269230769231
3316 0.271255060729
3333 0.273279352227
3341 0.275303643725
3353 0.277327935223
3404 0.279352226721
3408 0.281376518219
3409 0.283400809717
3413 0.285425101215
3420 0.287449392713
3421 0.289473684211
3423 0.291497975709
3443 0.293522267206
3453 0.295546558704
3457 0.297570850202
3474 0.2995951417
3480 0.301619433198
3485 0.303643724696
3496 0.305668016194
3497 0.307692307692
3500 0.30971659919
3504 0.311740890688
3509 0.313765182186
3515 0.315789473684
3523 0.317813765182
3530 0.31983805668
3536 0.321862348178
3580 0.323886639676
3593 0.325910931174
3601 0.327935222672
3603 0.32995951417
3607 0.331983805668
3610 0.334008097166
3624 0.336032388664
3641 0.338056680162
3642 0.34008097166
3674 0.342105263158
3675 0.344129554656
3678 0.346153846154
3680 0.348178137652
3689 0.35020242915
3691 0.352226720648
3725 0.354251012146
3729 0.356275303644
3730 0.358299595142
3738 0.36032388664
3741 0.362348178138
3744 0.364372469636
3751 0.366396761134
3778 0.368421052632
3793 0.37044534413
3801 0.372469635628
3811 0.374493927126
3819 0.376518218623
3829 0.378542510121
3834 0.380566801619
3839 0.382591093117
3846 0.384615384615
3856 0.386639676113
3868 0.388663967611
3909 0.390688259109
3912 0.392712550607
3927 0.394736842105
3931 0.396761133603
3956 0.398785425101
3983 0.400809716599
3994 0.404858299595
3994 0.404858299595
4001 0.406882591093
4023 0.408906882591
4040 0.410931174089
4069 0.412955465587
4075 0.414979757085
4099 0.417004048583
4145 0.419028340081
4146 0.421052631579
4158 0.423076923077
4160 0.425101214575
4161 0.427125506073
4173 0.429149797571
4188 0.431174089069
4190 0.433198380567
4192 0.435222672065
4205 0.437246963563
4217 0.439271255061
4218 0.441295546559
4236 0.443319838057
4240 0.445344129555
4257 0.449392712551
4257 0.449392712551
4320 0.453441295547
4320 0.453441295547
4334 0.455465587045
4365 0.457489878543
4378 0.461538461538
4378 0.461538461538
4388 0.463562753036
4402 0.465587044534
4432 0.46963562753
4432 0.46963562753
4468 0.471659919028
4485 0.473684210526
4491 0.477732793522
4491 0.477732793522
4493 0.47975708502
4505 0.481781376518
4514 0.483805668016
4530 0.485829959514
4543 0.487854251012
4568 0.48987854251
4570 0.491902834008
4586 0.493927125506
4587 0.495951417004
4608 0.497975708502
4630 0.5
4665 0.502024291498
4669 0.504048582996
4679 0.506072874494
4703 0.508097165992
4733 0.51012145749
4753 0.512145748988
4772 0.514170040486
4798 0.516194331984
4800 0.518218623482
4805 0.52024291498
4812 0.522267206478
4814 0.524291497976
4818 0.526315789474
4861 0.528340080972
4882 0.53036437247
4883 0.532388663968
4893 0.534412955466
4902 0.536437246964
4939 0.538461538462
4958 0.54048582996
4973 0.542510121457
4982 0.544534412955
4998 0.546558704453
5006 0.548582995951
5084 0.550607287449
5110 0.552631578947
5116 0.554655870445
5124 0.556680161943
5139 0.558704453441
5157 0.560728744939
5168 0.562753036437
5184 0.564777327935
5220 0.566801619433
5258 0.568825910931
5262 0.570850202429
5265 0.572874493927
5286 0.574898785425
5303 0.576923076923
5327 0.578947368421
5340 0.580971659919
5341 0.582995951417
5345 0.585020242915
5360 0.587044534413
5362 0.589068825911
5366 0.591093117409
5371 0.593117408907
5392 0.595141700405
5403 0.597165991903
5449 0.599190283401
5467 0.601214574899
5500 0.603238866397
5520 0.605263157895
5533 0.607287449393
5539 0.609311740891
5550 0.611336032389
5567 0.613360323887
5582 0.615384615385
5616 0.617408906883
5664 0.619433198381
5684 0.621457489879
5719 0.623481781377
5726 0.625506072874
5784 0.627530364372
5786 0.62955465587
5809 0.631578947368
5824 0.633603238866
5825 0.635627530364
5860 0.637651821862
5880 0.63967611336
5891 0.641700404858
5946 0.643724696356
5955 0.645748987854
5959 0.647773279352
5972 0.64979757085
5973 0.651821862348
5979 0.653846153846
5980 0.655870445344
5983 0.657894736842
6037 0.65991902834
6040 0.661943319838
6109 0.663967611336
6122 0.665991902834
6129 0.668016194332
6133 0.67004048583
6141 0.672064777328
6182 0.674089068826
6188 0.676113360324
6225 0.678137651822
6238 0.68016194332
6255 0.682186234818
6301 0.684210526316
6325 0.686234817814
6338 0.688259109312
6353 0.69028340081
6366 0.692307692308
6395 0.696356275304
6395 0.696356275304
6457 0.698380566802
6479 0.7004048583
6509 0.702429149798
6596 0.704453441296
6609 0.706477732794
6621 0.708502024291
6668 0.710526315789
6674 0.712550607287
6678 0.714574898785
6692 0.716599190283
6697 0.718623481781
6717 0.720647773279
6740 0.722672064777
6769 0.724696356275
6771 0.726720647773
6800 0.728744939271
6856 0.730769230769
6863 0.732793522267
6864 0.734817813765
6881 0.736842105263
6905 0.738866396761
6940 0.740890688259
6950 0.742914979757
6974 0.744939271255
7041 0.746963562753
7054 0.748987854251
7104 0.751012145749
7107 0.755060728745
7107 0.755060728745
7119 0.757085020243
7132 0.759109311741
7166 0.761133603239
7218 0.763157894737
7240 0.765182186235
7274 0.767206477733
7287 0.769230769231
7294 0.771255060729
7319 0.773279352227
7362 0.775303643725
7399 0.777327935223
7429 0.779352226721
7433 0.781376518219
7460 0.783400809717
7462 0.785425101215
7544 0.787449392713
7578 0.789473684211
7692 0.791497975709
7696 0.793522267206
7718 0.795546558704
7723 0.7995951417
7723 0.7995951417
7731 0.801619433198
7736 0.803643724696
7765 0.805668016194
7772 0.807692307692
7803 0.80971659919
7826 0.811740890688
7873 0.813765182186
7886 0.815789473684
7910 0.817813765182
7912 0.81983805668
7914 0.821862348178
7942 0.823886639676
8048 0.825910931174
8053 0.827935222672
8086 0.82995951417
8097 0.831983805668
8155 0.834008097166
8159 0.836032388664
8185 0.838056680162
8251 0.84008097166
8252 0.842105263158
8262 0.844129554656
8269 0.846153846154
8442 0.848178137652
8515 0.85020242915
8523 0.852226720648
8571 0.854251012146
8687 0.856275303644
8711 0.858299595142
8800 0.86032388664
8875 0.862348178138
8892 0.864372469636
8988 0.866396761134
9014 0.868421052632
9060 0.87044534413
9065 0.872469635628
9108 0.874493927126
9132 0.876518218623
9146 0.878542510121
9182 0.882591093117
9182 0.882591093117
9185 0.884615384615
9220 0.886639676113
9350 0.888663967611
9431 0.890688259109
9452 0.892712550607
9615 0.894736842105
9634 0.896761133603
9846 0.898785425101
9857 0.900809716599
9899 0.902834008097
9907 0.904858299595
9918 0.906882591093
10159 0.908906882591
10186 0.910931174089
10201 0.912955465587
10235 0.914979757085
10343 0.917004048583
10365 0.919028340081
10372 0.921052631579
10374 0.923076923077
10497 0.925101214575
10534 0.927125506073
10621 0.929149797571
10660 0.931174089069
10773 0.933198380567
10799 0.935222672065
10847 0.937246963563
10850 0.939271255061
10961 0.941295546559
10966 0.943319838057
11317 0.945344129555
11583 0.947368421053
11625 0.949392712551
11638 0.951417004049
11992 0.953441295547
12387 0.955465587045
12532 0.957489878543
12696 0.95951417004
12761 0.961538461538
12954 0.963562753036
12991 0.965587044534
13107 0.967611336032
13294 0.96963562753
13596 0.971659919028
13712 0.973684210526
13746 0.975708502024
14576 0.977732793522
14981 0.97975708502
15563 0.981781376518
15567 0.983805668016
16317 0.985829959514
16451 0.987854251012
17755 0.98987854251
26731 0.991902834008
103083 0.993927125506
128326 0.995951417004
128977 0.997975708502
432884 1.0
