40 0.0020366598778
643 0.0040733197556
858 0.0061099796334
1534 0.0081466395112
1693 0.010183299389
1817 0.0122199592668
1853 0.0142566191446
1869 0.0162932790224
2156 0.0183299389002
2192 0.020366598778
2557 0.0224032586558
2633 0.0244399185336
2983 0.0264765784114
3073 0.0285132382892
3098 0.030549898167
3172 0.0325865580448
3349 0.0346232179226
3385 0.0386965376782
3385 0.0386965376782
3443 0.040733197556
3481 0.0427698574338
3639 0.0448065173116
3688 0.0468431771894
3739 0.0488798370672
3837 0.050916496945
4079 0.0529531568228
4155 0.0549898167006
4187 0.0570264765784
4212 0.0590631364562
4318 0.061099796334
4365 0.0631364562118
4366 0.0651731160896
4370 0.0672097759674
4392 0.0692464358452
4526 0.071283095723
4567 0.0733197556008
4809 0.0753564154786
4931 0.0773930753564
4976 0.0794297352342
5079 0.081466395112
5120 0.0835030549898
5151 0.0855397148676
5294 0.0875763747454
5388 0.0896130346232
5492 0.091649694501
5637 0.0936863543788
5828 0.0957230142566
5838 0.0977596741344
5958 0.0997963340122
5995 0.10183299389
6084 0.103869653768
6154 0.105906313646
6252 0.107942973523
6335 0.109979633401
6380 0.112016293279
6542 0.114052953157
6565 0.116089613035
6594 0.118126272912
6636 0.12016293279
6638 0.122199592668
6667 0.124236252546
6809 0.126272912424
6887 0.128309572301
6902 0.130346232179
6934 0.132382892057
6991 0.134419551935
7046 0.136456211813
7070 0.13849287169
7087 0.140529531568
7109 0.142566191446
7143 0.144602851324
7146 0.146639511202
7160 0.148676171079
7179 0.150712830957
7187 0.152749490835
7195 0.154786150713
7324 0.156822810591
7408 0.158859470468
7429 0.160896130346
7508 0.162932790224
7566 0.164969450102
7613 0.16700610998
7683 0.169042769857
7695 0.171079429735
7719 0.173116089613
7721 0.175152749491
7725 0.177189409369
7751 0.179226069246
7753 0.181262729124
7780 0.183299389002
7870 0.18533604888
7897 0.187372708758
7956 0.189409368635
8052 0.191446028513
8103 0.193482688391
8205 0.195519348269
8219 0.197556008147
8295 0.199592668024
8323 0.201629327902
8466 0.20366598778
8493 0.205702647658
8533 0.207739307536
8605 0.209775967413
8653 0.211812627291
8655 0.213849287169
8777 0.215885947047
8792 0.217922606925
8794 0.219959266802
8847 0.22199592668
8875 0.224032586558
8906 0.226069246436
8912 0.228105906314
8983 0.230142566191
9017 0.232179226069
9022 0.234215885947
9029 0.236252545825
9036 0.238289205703
9040 0.24032586558
9048 0.242362525458
9098 0.244399185336
9124 0.246435845214
9373 0.248472505092
9385 0.250509164969
9456 0.252545824847
9471 0.254582484725
9546 0.256619144603
9670 0.258655804481
9694 0.260692464358
9730 0.262729124236
9816 0.264765784114
9900 0.266802443992
9963 0.26883910387
9990 0.270875763747
10129 0.272912423625
10209 0.274949083503
10232 0.276985743381
10245 0.279022403259
10293 0.281059063136
10302 0.283095723014
10332 0.285132382892
10335 0.28716904277
10381 0.289205702648
10394 0.291242362525
10445 0.293279022403
10486 0.295315682281
10534 0.297352342159
10554 0.299389002037
10586 0.301425661914
10683 0.303462321792
10943 0.30549898167
10949 0.307535641548
10974 0.309572301426
11041 0.311608961303
11055 0.313645621181
11118 0.315682281059
11137 0.317718940937
11141 0.319755600815
11167 0.321792260692
11242 0.32382892057
11297 0.325865580448
11298 0.327902240326
11299 0.329938900204
11520 0.331975560081
11583 0.334012219959
11603 0.336048879837
11884 0.338085539715
11892 0.340122199593
11910 0.34215885947
11912 0.344195519348
11972 0.346232179226
12029 0.348268839104
12045 0.350305498982
12100 0.352342158859
12155 0.354378818737
12187 0.356415478615
12283 0.358452138493
12307 0.360488798371
12333 0.362525458248
12343 0.364562118126
12447 0.366598778004
12470 0.368635437882
12532 0.37067209776
12546 0.372708757637
12562 0.374745417515
12616 0.376782077393
12635 0.378818737271
12689 0.380855397149
12702 0.382892057026
12807 0.384928716904
13031 0.386965376782
13052 0.38900203666
13093 0.391038696538
13097 0.393075356415
13163 0.395112016293
13210 0.397148676171
13318 0.399185336049
13436 0.401221995927
13472 0.403258655804
13553 0.405295315682
13571 0.40733197556
13646 0.409368635438
13765 0.411405295316
13785 0.413441955193
13789 0.415478615071
13826 0.417515274949
13878 0.419551934827
13943 0.421588594705
14064 0.423625254582
14074 0.42566191446
14147 0.427698574338
14151 0.429735234216
14198 0.431771894094
14226 0.433808553971
14323 0.435845213849
14446 0.437881873727
14495 0.439918533605
14559 0.441955193483
14580 0.44399185336
14581 0.446028513238
14596 0.448065173116
14617 0.450101832994
14636 0.452138492872
14671 0.454175152749
14689 0.456211812627
14731 0.458248472505
14761 0.460285132383
14837 0.462321792261
15011 0.464358452138
15071 0.466395112016
15166 0.468431771894
15181 0.470468431772
15188 0.47250509165
15275 0.474541751527
15284 0.476578411405
15298 0.478615071283
15350 0.480651731161
15457 0.482688391039
15511 0.484725050916
15516 0.486761710794
15561 0.488798370672
15586 0.49083503055
15638 0.492871690428
15659 0.494908350305
15765 0.496945010183
15831 0.498981670061
15973 0.501018329939
15989 0.503054989817
16171 0.505091649695
16354 0.507128309572
16373 0.50916496945
16376 0.511201629328
16398 0.513238289206
16425 0.515274949084
16663 0.517311608961
16740 0.519348268839
16765 0.521384928717
16769 0.523421588595
16850 0.525458248473
16851 0.52749490835
16896 0.529531568228
16985 0.531568228106
16991 0.533604887984
17035 0.535641547862
17058 0.537678207739
17140 0.539714867617
17180 0.541751527495
17262 0.543788187373
17342 0.547861507128
17342 0.547861507128
17360 0.549898167006
17395 0.551934826884
17453 0.553971486762
17587 0.55600814664
17629 0.558044806517
17705 0.560081466395
17742 0.562118126273
17860 0.564154786151
17980 0.566191446029
18027 0.568228105906
18117 0.570264765784
18158 0.572301425662
18167 0.57433808554
18183 0.576374745418
18293 0.578411405295
18340 0.580448065173
18415 0.582484725051
18419 0.584521384929
18471 0.586558044807
18491 0.588594704684
18534 0.590631364562
18618 0.59266802444
18692 0.594704684318
18701 0.596741344196
18703 0.598778004073
18775 0.600814663951
18858 0.602851323829
19116 0.604887983707
19143 0.606924643585
19146 0.608961303462
19148 0.61099796334
19158 0.613034623218
19251 0.615071283096
19265 0.617107942974
19298 0.619144602851
19508 0.621181262729
19584 0.623217922607
19594 0.625254582485
19626 0.627291242363
19701 0.62932790224
19904 0.631364562118
20001 0.633401221996
20054 0.635437881874
20117 0.637474541752
20142 0.639511201629
20148 0.641547861507
20266 0.643584521385
20267 0.645621181263
20403 0.647657841141
20408 0.649694501018
20431 0.651731160896
20450 0.653767820774
20833 0.655804480652
20857 0.65784114053
20859 0.659877800407
21028 0.661914460285
21095 0.663951120163
21140 0.665987780041
21230 0.668024439919
21236 0.670061099796
21281 0.672097759674
21333 0.674134419552
21349 0.67617107943
21461 0.678207739308
21473 0.680244399185
21517 0.682281059063
21569 0.684317718941
21573 0.686354378819
21640 0.688391038697
21643 0.690427698574
21994 0.692464358452
22007 0.69450101833
22015 0.696537678208
22024 0.698574338086
22033 0.700610997963
22270 0.702647657841
22325 0.704684317719
22424 0.706720977597
22486 0.708757637475
22635 0.710794297352
22838 0.71283095723
22872 0.714867617108
22903 0.716904276986
22953 0.718940936864
23166 0.720977596741
23201 0.723014256619
23447 0.725050916497
23847 0.727087576375
23886 0.729124236253
23935 0.73116089613
24064 0.733197556008
24076 0.735234215886
24127 0.737270875764
24138 0.739307535642
24251 0.741344195519
24286 0.743380855397
24597 0.745417515275
24682 0.747454175153
24685 0.749490835031
24688 0.751527494908
24689 0.753564154786
24804 0.755600814664
24839 0.757637474542
24850 0.75967413442
24937 0.761710794297
25161 0.763747454175
25168 0.765784114053
25227 0.767820773931
25350 0.769857433809
25404 0.771894093686
25467 0.773930753564
25504 0.775967413442
25535 0.77800407332
25675 0.780040733198
25747 0.782077393075
25796 0.784114052953
25874 0.786150712831
25900 0.788187372709
25903 0.790224032587
25922 0.792260692464
26023 0.794297352342
26039 0.79633401222
26101 0.798370672098
26202 0.800407331976
26254 0.802443991853
26266 0.804480651731
26295 0.806517311609
26333 0.808553971487
26437 0.810590631365
27089 0.812627291242
27180 0.81466395112
27194 0.816700610998
27284 0.818737270876
27866 0.820773930754
27937 0.822810590631
28084 0.824847250509
28150 0.826883910387
28208 0.828920570265
28320 0.830957230143
28448 0.83299389002
28574 0.835030549898
28895 0.837067209776
29054 0.839103869654
29149 0.841140529532
29242 0.843177189409
29291 0.845213849287
29346 0.847250509165
29505 0.849287169043
29825 0.851323828921
30138 0.853360488798
30664 0.855397148676
30689 0.857433808554
31120 0.859470468432
31242 0.86150712831
31730 0.863543788187
31785 0.865580448065
32293 0.867617107943
32326 0.869653767821
32820 0.871690427699
33113 0.873727087576
33236 0.875763747454
33499 0.877800407332
33812 0.87983706721
34721 0.881873727088
34956 0.883910386965
35715 0.885947046843
35890 0.887983706721
36027 0.890020366599
36158 0.892057026477
36246 0.894093686354
36473 0.896130346232
36835 0.89816700611
36866 0.900203665988
37009 0.902240325866
37947 0.904276985743
38063 0.906313645621
38893 0.908350305499
39804 0.910386965377
40102 0.912423625255
42486 0.914460285132
42723 0.91649694501
43703 0.918533604888
47678 0.920570264766
47863 0.922606924644
48459 0.924643584521
49557 0.926680244399
50175 0.928716904277
50714 0.930753564155
51607 0.932790224033
57846 0.93482688391
59654 0.936863543788
59691 0.938900203666
59709 0.940936863544
61090 0.942973523422
61606 0.945010183299
63661 0.947046843177
64110 0.949083503055
64802 0.951120162933
64870 0.953156822811
65050 0.955193482688
65431 0.957230142566
65515 0.959266802444
65802 0.961303462322
65940 0.9633401222
66789 0.965376782077
67921 0.967413441955
71602 0.969450101833
72005 0.971486761711
74358 0.973523421589
74714 0.975560081466
83344 0.977596741344
86807 0.979633401222
90551 0.9816700611
92290 0.983706720978
94719 0.985743380855
102339 0.987780040733
114262 0.989816700611
119674 0.991853360489
139175 0.993890020367
143146 0.995926680244
148022 0.997963340122
402118 1.0
