32 0.0020202020202
818 0.0040404040404
1410 0.00606060606061
1491 0.00808080808081
1755 0.010101010101
1829 0.0121212121212
1833 0.0141414141414
2058 0.0161616161616
2090 0.0181818181818
2347 0.020202020202
2348 0.0222222222222
2437 0.0242424242424
2470 0.0262626262626
2549 0.0282828282828
2695 0.030303030303
2727 0.0323232323232
2770 0.0343434343434
2800 0.0363636363636
2811 0.0383838383838
2838 0.040404040404
2849 0.0424242424242
2898 0.0444444444444
2909 0.0464646464646
2942 0.0484848484848
3032 0.0505050505051
3047 0.0525252525253
3103 0.0545454545455
3141 0.0565656565657
3144 0.0585858585859
3222 0.0606060606061
3225 0.0626262626263
3241 0.0646464646465
3289 0.0666666666667
3313 0.0686868686869
3332 0.0707070707071
3390 0.0727272727273
3484 0.0767676767677
3484 0.0767676767677
3502 0.0787878787879
3516 0.0808080808081
3540 0.0828282828283
3702 0.0848484848485
3710 0.0868686868687
3722 0.0888888888889
3742 0.0909090909091
3778 0.0929292929293
3781 0.0949494949495
3803 0.0969696969697
3810 0.0989898989899
3819 0.10101010101
3845 0.10303030303
3849 0.105050505051
3885 0.107070707071
3891 0.109090909091
3924 0.111111111111
3958 0.113131313131
3984 0.115151515152
4006 0.117171717172
4024 0.119191919192
4026 0.121212121212
4050 0.123232323232
4060 0.125252525253
4062 0.127272727273
4066 0.129292929293
4116 0.131313131313
4123 0.133333333333
4133 0.135353535354
4142 0.137373737374
4157 0.139393939394
4165 0.141414141414
4166 0.143434343434
4172 0.145454545455
4185 0.147474747475
4243 0.149494949495
4253 0.151515151515
4257 0.153535353535
4260 0.155555555556
4264 0.157575757576
4274 0.159595959596
4275 0.161616161616
4279 0.163636363636
4292 0.165656565657
4333 0.167676767677
4351 0.169696969697
4357 0.171717171717
4376 0.173737373737
4408 0.175757575758
4429 0.177777777778
4451 0.179797979798
4458 0.181818181818
4465 0.183838383838
4488 0.185858585859
4492 0.187878787879
4517 0.189898989899
4530 0.191919191919
4554 0.193939393939
4558 0.19595959596
4578 0.19797979798
4581 0.2
4594 0.20202020202
4601 0.20404040404
4616 0.206060606061
4632 0.208080808081
4633 0.210101010101
4654 0.212121212121
4660 0.214141414141
4663 0.216161616162
4673 0.218181818182
4693 0.220202020202
4696 0.222222222222
4700 0.224242424242
4713 0.226262626263
4726 0.228282828283
4740 0.230303030303
4750 0.232323232323
4751 0.234343434343
4760 0.236363636364
4795 0.238383838384
4802 0.240404040404
4803 0.242424242424
4836 0.244444444444
4876 0.246464646465
4883 0.248484848485
4890 0.252525252525
4890 0.252525252525
4894 0.254545454545
4899 0.256565656566
4917 0.258585858586
4918 0.260606060606
4919 0.262626262626
4930 0.264646464646
4932 0.266666666667
4935 0.268686868687
4941 0.270707070707
4944 0.272727272727
4945 0.276767676768
4945 0.276767676768
4962 0.278787878788
4970 0.280808080808
5001 0.282828282828
5006 0.284848484848
5007 0.286868686869
5018 0.288888888889
5025 0.290909090909
5031 0.292929292929
5055 0.294949494949
5059 0.29696969697
5068 0.29898989899
5071 0.30101010101
5088 0.30303030303
5105 0.305050505051
5131 0.307070707071
5135 0.309090909091
5138 0.311111111111
5154 0.313131313131
5157 0.315151515152
5172 0.317171717172
5176 0.319191919192
5184 0.321212121212
5190 0.323232323232
5208 0.325252525253
5216 0.327272727273
5232 0.329292929293
5236 0.331313131313
5238 0.333333333333
5256 0.335353535354
5260 0.337373737374
5270 0.339393939394
5293 0.341414141414
5297 0.343434343434
5314 0.345454545455
5316 0.347474747475
5323 0.349494949495
5348 0.351515151515
5360 0.353535353535
5369 0.355555555556
5376 0.357575757576
5377 0.359595959596
5398 0.361616161616
5406 0.363636363636
5410 0.365656565657
5433 0.367676767677
5444 0.369696969697
5473 0.371717171717
5476 0.373737373737
5505 0.375757575758
5510 0.377777777778
5514 0.379797979798
5540 0.381818181818
5574 0.383838383838
5591 0.385858585859
5601 0.387878787879
5604 0.389898989899
5611 0.391919191919
5643 0.393939393939
5653 0.39595959596
5663 0.39797979798
5680 0.4
5692 0.40202020202
5699 0.40404040404
5764 0.406060606061
5769 0.408080808081
5771 0.410101010101
5789 0.412121212121
5791 0.414141414141
5804 0.416161616162
5810 0.418181818182
5812 0.422222222222
5812 0.422222222222
5837 0.424242424242
5856 0.426262626263
5868 0.428282828283
5887 0.430303030303
5905 0.432323232323
5906 0.434343434343
5955 0.436363636364
5969 0.438383838384
5981 0.440404040404
5999 0.442424242424
6003 0.444444444444
6010 0.446464646465
6022 0.448484848485
6029 0.450505050505
6030 0.452525252525
6050 0.454545454545
6053 0.456565656566
6076 0.458585858586
6088 0.460606060606
6091 0.462626262626
6098 0.464646464646
6102 0.466666666667
6114 0.468686868687
6120 0.470707070707
6131 0.474747474747
6131 0.474747474747
6134 0.476767676768
6137 0.478787878788
6161 0.480808080808
6169 0.482828282828
6243 0.484848484848
6262 0.486868686869
6290 0.488888888889
6302 0.490909090909
6308 0.492929292929
6317 0.494949494949
6335 0.49696969697
6340 0.49898989899
6359 0.50101010101
6377 0.50303030303
6380 0.505050505051
6382 0.507070707071
6401 0.509090909091
6414 0.511111111111
6429 0.513131313131
6438 0.515151515152
6454 0.517171717172
6455 0.519191919192
6479 0.521212121212
6490 0.523232323232
6505 0.525252525253
6524 0.527272727273
6535 0.529292929293
6556 0.531313131313
6624 0.533333333333
6657 0.537373737374
6657 0.537373737374
6661 0.539393939394
6677 0.541414141414
6679 0.545454545455
6679 0.545454545455
6682 0.547474747475
6710 0.549494949495
6719 0.551515151515
6742 0.553535353535
6793 0.555555555556
6797 0.557575757576
6805 0.559595959596
6812 0.561616161616
6826 0.563636363636
6889 0.565656565657
6954 0.567676767677
6961 0.569696969697
6979 0.571717171717
7003 0.573737373737
7035 0.575757575758
7038 0.577777777778
7039 0.579797979798
7069 0.581818181818
7080 0.583838383838
7086 0.585858585859
7099 0.587878787879
7140 0.589898989899
7173 0.591919191919
7175 0.593939393939
7199 0.59595959596
7237 0.59797979798
7242 0.6
7273 0.60202020202
7281 0.60404040404
7294 0.606060606061
7297 0.608080808081
7313 0.610101010101
7317 0.612121212121
7338 0.614141414141
7345 0.616161616162
7346 0.618181818182
7352 0.620202020202
7355 0.622222222222
7416 0.624242424242
7425 0.626262626263
7438 0.628282828283
7449 0.630303030303
7467 0.632323232323
7490 0.634343434343
7501 0.638383838384
7501 0.638383838384
7531 0.640404040404
7542 0.642424242424
7560 0.644444444444
7589 0.646464646465
7598 0.648484848485
7604 0.650505050505
7613 0.652525252525
7628 0.654545454545
7647 0.656565656566
7656 0.658585858586
7658 0.660606060606
7663 0.662626262626
7682 0.664646464646
7735 0.666666666667
7777 0.668686868687
7779 0.670707070707
7784 0.672727272727
7796 0.674747474747
7798 0.678787878788
7798 0.678787878788
7814 0.680808080808
7864 0.682828282828
7872 0.684848484848
7897 0.686868686869
7907 0.688888888889
7946 0.690909090909
7957 0.692929292929
8027 0.694949494949
8029 0.69696969697
8034 0.69898989899
8086 0.70101010101
8101 0.70303030303
8106 0.705050505051
8121 0.707070707071
8131 0.709090909091
8136 0.711111111111
8168 0.713131313131
8180 0.715151515152
8226 0.717171717172
8317 0.719191919192
8328 0.721212121212
8349 0.723232323232
8389 0.725252525253
8415 0.727272727273
8432 0.729292929293
8496 0.731313131313
8503 0.733333333333
8508 0.735353535354
8521 0.737373737374
8529 0.739393939394
8583 0.741414141414
8603 0.743434343434
8645 0.745454545455
8648 0.747474747475
8686 0.749494949495
8711 0.751515151515
8719 0.753535353535
8784 0.755555555556
8792 0.757575757576
8795 0.759595959596
8826 0.761616161616
8850 0.763636363636
8861 0.765656565657
8866 0.767676767677
8892 0.769696969697
8898 0.771717171717
8924 0.773737373737
8972 0.775757575758
9005 0.777777777778
9022 0.779797979798
9040 0.781818181818
9062 0.783838383838
9108 0.785858585859
9109 0.787878787879
9138 0.789898989899
9145 0.791919191919
9164 0.793939393939
9169 0.79595959596
9178 0.79797979798
9215 0.8
9254 0.80202020202
9342 0.80404040404
9383 0.806060606061
9424 0.808080808081
9448 0.810101010101
9486 0.814141414141
9486 0.814141414141
9501 0.816161616162
9576 0.818181818182
9620 0.820202020202
9673 0.822222222222
9688 0.824242424242
9741 0.826262626263
9824 0.828282828283
9887 0.830303030303
9906 0.832323232323
9911 0.834343434343
9931 0.836363636364
10008 0.838383838384
10014 0.840404040404
10089 0.842424242424
10104 0.844444444444
10105 0.846464646465
10182 0.848484848485
10207 0.850505050505
10221 0.852525252525
10246 0.854545454545
10284 0.856565656566
10377 0.858585858586
10463 0.860606060606
10489 0.862626262626
10622 0.864646464646
10654 0.866666666667
10657 0.868686868687
10676 0.870707070707
10699 0.872727272727
10781 0.874747474747
10858 0.876767676768
10971 0.878787878788
11071 0.880808080808
11096 0.882828282828
11167 0.884848484848
11177 0.886868686869
11200 0.888888888889
11241 0.890909090909
11307 0.892929292929
11343 0.894949494949
11369 0.89696969697
11395 0.89898989899
11562 0.90303030303
11562 0.90303030303
11740 0.905050505051
11754 0.907070707071
11819 0.909090909091
11934 0.911111111111
11937 0.913131313131
12041 0.915151515152
12094 0.917171717172
12168 0.919191919192
12278 0.921212121212
12300 0.923232323232
12310 0.925252525253
12449 0.927272727273
12543 0.929292929293
12631 0.931313131313
12699 0.933333333333
12793 0.935353535354
13089 0.937373737374
13359 0.939393939394
13421 0.941414141414
13469 0.943434343434
13817 0.945454545455
13866 0.947474747475
13915 0.949494949495
14008 0.951515151515
14029 0.953535353535
14108 0.955555555556
14133 0.957575757576
14178 0.959595959596
14518 0.961616161616
14591 0.963636363636
14655 0.965656565657
14742 0.969696969697
14742 0.969696969697
14750 0.971717171717
15111 0.973737373737
15353 0.975757575758
15741 0.977777777778
15971 0.979797979798
16067 0.981818181818
16720 0.983838383838
19790 0.985858585859
20818 0.987878787879
28153 0.989898989899
77739 0.991919191919
88748 0.993939393939
121291 0.99595959596
420228 0.99797979798
847514 1.0
