49 0.00202839756592
972 0.00405679513185
1012 0.00608519269777
1865 0.00811359026369
2614 0.0101419878296
2757 0.0121703853955
2820 0.0141987829615
2823 0.0162271805274
3029 0.0182555780933
3096 0.0202839756592
3226 0.0223123732252
3605 0.0243407707911
3739 0.026369168357
3828 0.0283975659229
4277 0.0304259634888
4450 0.0324543610548
4512 0.0344827586207
4569 0.0365111561866
4668 0.0385395537525
4771 0.0405679513185
4905 0.0425963488844
5056 0.0446247464503
5102 0.0466531440162
5223 0.0486815415822
5255 0.0507099391481
5278 0.052738336714
5481 0.0547667342799
5624 0.0567951318458
5662 0.0588235294118
5681 0.0608519269777
5726 0.0628803245436
5792 0.0649087221095
5853 0.0669371196755
5960 0.0689655172414
6279 0.0709939148073
6294 0.0730223123732
6317 0.0750507099391
6318 0.0770791075051
6346 0.079107505071
6363 0.0811359026369
6418 0.0831643002028
6778 0.0851926977688
6793 0.0872210953347
6824 0.0892494929006
7049 0.0912778904665
7159 0.0933062880325
7178 0.0953346855984
7336 0.0973630831643
7515 0.0993914807302
7545 0.101419878296
7560 0.103448275862
7659 0.105476673428
7720 0.107505070994
7886 0.10953346856
7969 0.111561866126
8015 0.113590263692
8021 0.115618661258
8093 0.117647058824
8217 0.119675456389
8223 0.121703853955
8226 0.123732251521
8270 0.125760649087
8282 0.127789046653
8298 0.129817444219
8427 0.131845841785
8476 0.133874239351
8579 0.135902636917
8638 0.137931034483
8673 0.139959432049
8723 0.141987829615
8741 0.144016227181
8742 0.146044624746
8813 0.148073022312
8914 0.150101419878
8965 0.152129817444
8990 0.15415821501
9016 0.156186612576
9086 0.158215010142
9161 0.160243407708
9174 0.162271805274
9216 0.16430020284
9234 0.166328600406
9241 0.168356997972
9276 0.170385395538
9418 0.172413793103
9491 0.174442190669
9573 0.176470588235
9596 0.178498985801
9637 0.180527383367
9674 0.182555780933
9685 0.184584178499
9713 0.186612576065
9723 0.188640973631
9757 0.190669371197
9904 0.192697768763
9920 0.194726166329
10038 0.196754563895
10050 0.19878296146
10079 0.200811359026
10239 0.202839756592
10263 0.204868154158
10335 0.206896551724
10368 0.20892494929
10439 0.210953346856
10497 0.212981744422
10611 0.215010141988
10665 0.217038539554
10670 0.21906693712
10718 0.221095334686
10763 0.223123732252
10834 0.225152129817
10924 0.227180527383
10937 0.229208924949
10948 0.231237322515
10973 0.233265720081
11007 0.235294117647
11032 0.237322515213
11043 0.239350912779
11045 0.241379310345
11093 0.243407707911
11171 0.245436105477
11174 0.247464503043
11216 0.249492900609
11266 0.251521298174
11336 0.25354969574
11455 0.255578093306
11466 0.257606490872
11477 0.259634888438
11507 0.261663286004
11520 0.26369168357
11557 0.265720081136
11592 0.267748478702
11594 0.269776876268
11605 0.271805273834
11663 0.2738336714
11716 0.275862068966
11720 0.277890466531
11807 0.279918864097
11916 0.281947261663
11958 0.283975659229
12102 0.286004056795
12137 0.290060851927
12137 0.290060851927
12175 0.292089249493
12250 0.294117647059
12261 0.296146044625
12280 0.298174442191
12307 0.300202839757
12318 0.302231237323
12379 0.304259634888
12398 0.306288032454
12485 0.30831643002
12525 0.310344827586
12583 0.312373225152
12599 0.314401622718
12641 0.316430020284
12716 0.31845841785
12780 0.320486815416
12787 0.322515212982
12985 0.324543610548
13014 0.326572008114
13026 0.32860040568
13060 0.330628803245
13188 0.332657200811
13200 0.334685598377
13226 0.336713995943
13386 0.338742393509
13444 0.340770791075
13466 0.342799188641
13587 0.344827586207
13598 0.346855983773
13619 0.348884381339
13744 0.350912778905
13892 0.352941176471
13964 0.354969574037
13999 0.356997971602
14012 0.359026369168
14036 0.361054766734
14125 0.3630831643
14133 0.365111561866
14165 0.367139959432
14237 0.369168356998
14239 0.371196754564
14251 0.37322515213
14274 0.375253549696
14307 0.377281947262
14339 0.379310344828
14475 0.381338742394
14521 0.383367139959
14739 0.385395537525
14765 0.387423935091
14898 0.389452332657
14913 0.391480730223
14914 0.393509127789
14937 0.395537525355
14942 0.397565922921
14960 0.399594320487
14968 0.401622718053
15066 0.403651115619
15206 0.405679513185
15255 0.407707910751
15258 0.409736308316
15355 0.411764705882
15544 0.413793103448
15765 0.415821501014
15778 0.41784989858
15800 0.419878296146
15846 0.421906693712
15853 0.423935091278
15911 0.425963488844
15932 0.42799188641
15955 0.430020283976
15963 0.432048681542
16045 0.434077079108
16058 0.436105476673
16066 0.438133874239
16088 0.440162271805
16185 0.442190669371
16203 0.444219066937
16309 0.446247464503
16371 0.448275862069
16449 0.450304259635
16464 0.452332657201
16598 0.454361054767
16618 0.456389452333
16650 0.458417849899
16663 0.460446247465
16749 0.46247464503
16908 0.464503042596
16912 0.466531440162
16940 0.468559837728
17027 0.470588235294
17077 0.47261663286
17147 0.474645030426
17178 0.476673427992
17181 0.478701825558
17357 0.480730223124
17361 0.48275862069
17391 0.484787018256
17404 0.486815415822
17433 0.488843813387
17463 0.490872210953
17499 0.492900608519
17691 0.494929006085
17739 0.496957403651
17811 0.498985801217
17896 0.501014198783
17898 0.503042596349
17962 0.505070993915
17969 0.507099391481
17989 0.509127789047
18148 0.511156186613
18153 0.513184584178
18184 0.515212981744
18187 0.51724137931
18244 0.519269776876
18250 0.521298174442
18306 0.523326572008
18321 0.525354969574
18324 0.52738336714
18368 0.529411764706
18410 0.531440162272
18465 0.533468559838
18502 0.535496957404
18530 0.53752535497
18709 0.539553752535
18751 0.541582150101
18896 0.543610547667
18988 0.545638945233
19101 0.547667342799
19181 0.549695740365
19216 0.551724137931
19296 0.553752535497
19331 0.555780933063
19352 0.557809330629
19373 0.559837728195
19406 0.561866125761
19425 0.563894523327
19449 0.565922920892
19496 0.567951318458
19530 0.569979716024
19600 0.57200811359
19613 0.574036511156
19622 0.576064908722
19840 0.578093306288
19852 0.580121703854
19933 0.58215010142
20104 0.584178498986
20208 0.586206896552
20353 0.588235294118
20381 0.590263691684
20424 0.592292089249
20441 0.594320486815
20470 0.596348884381
20486 0.598377281947
20537 0.600405679513
20553 0.602434077079
20913 0.604462474645
21134 0.606490872211
21141 0.608519269777
21225 0.610547667343
21435 0.612576064909
21465 0.614604462475
21520 0.616632860041
21623 0.618661257606
21634 0.620689655172
21737 0.622718052738
21815 0.624746450304
21878 0.62677484787
21997 0.628803245436
21999 0.630831643002
22083 0.632860040568
22175 0.634888438134
22213 0.6369168357
22238 0.638945233266
22336 0.640973630832
22351 0.643002028398
22358 0.645030425963
22401 0.647058823529
22436 0.649087221095
22630 0.651115618661
22680 0.653144016227
22695 0.655172413793
22834 0.657200811359
22853 0.659229208925
22991 0.661257606491
23048 0.663286004057
23221 0.665314401623
23287 0.667342799189
23356 0.669371196755
23452 0.67139959432
23579 0.673427991886
23634 0.675456389452
23650 0.677484787018
23744 0.679513184584
23761 0.68154158215
23771 0.683569979716
24018 0.685598377282
24041 0.687626774848
24098 0.689655172414
24100 0.69168356998
24207 0.693711967546
24268 0.695740365112
24311 0.697768762677
24353 0.699797160243
24425 0.701825557809
24463 0.703853955375
24599 0.705882352941
24740 0.707910750507
24836 0.709939148073
24848 0.711967545639
24925 0.713995943205
25087 0.716024340771
25101 0.718052738337
25268 0.720081135903
25363 0.722109533469
25441 0.724137931034
25522 0.7261663286
25621 0.728194726166
25675 0.730223123732
25707 0.732251521298
25791 0.734279918864
25797 0.73630831643
25813 0.738336713996
25924 0.740365111562
26041 0.742393509128
26049 0.744421906694
26168 0.74645030426
26236 0.748478701826
26354 0.750507099391
26411 0.752535496957
26497 0.754563894523
26741 0.756592292089
26876 0.758620689655
26914 0.760649087221
26947 0.762677484787
27001 0.764705882353
27125 0.766734279919
27132 0.768762677485
27257 0.770791075051
27327 0.772819472617
27361 0.774847870183
27382 0.776876267748
27474 0.778904665314
27710 0.78093306288
27734 0.782961460446
27806 0.784989858012
27880 0.787018255578
27950 0.789046653144
28217 0.79107505071
28419 0.793103448276
28576 0.795131845842
28860 0.797160243408
29112 0.799188640974
29147 0.80121703854
29269 0.803245436105
29272 0.805273833671
29386 0.807302231237
29620 0.809330628803
29823 0.811359026369
29943 0.813387423935
30022 0.815415821501
30086 0.817444219067
30117 0.819472616633
30168 0.821501014199
30227 0.823529411765
30513 0.825557809331
30645 0.827586206897
30678 0.829614604462
30765 0.831643002028
30906 0.833671399594
31086 0.83569979716
31670 0.837728194726
31710 0.839756592292
31742 0.841784989858
32075 0.843813387424
32232 0.84584178499
32410 0.847870182556
32524 0.849898580122
32596 0.851926977688
32663 0.853955375254
32669 0.855983772819
33205 0.858012170385
33341 0.860040567951
33593 0.862068965517
33735 0.864097363083
34549 0.866125760649
34634 0.868154158215
34845 0.870182555781
34978 0.872210953347
35965 0.874239350913
36475 0.876267748479
36490 0.878296146045
36570 0.880324543611
36809 0.882352941176
37110 0.884381338742
37624 0.886409736308
38068 0.888438133874
38258 0.89046653144
38291 0.892494929006
39018 0.894523326572
39093 0.896551724138
39124 0.898580121704
39457 0.90060851927
39495 0.902636916836
39791 0.904665314402
39955 0.906693711968
40678 0.908722109533
43404 0.910750507099
44432 0.912778904665
44684 0.914807302231
44978 0.916835699797
45946 0.918864097363
48782 0.920892494929
49599 0.922920892495
51190 0.924949290061
51194 0.926977687627
54315 0.929006085193
56864 0.931034482759
59522 0.933062880325
59992 0.93509127789
60245 0.937119675456
61170 0.939148073022
64165 0.941176470588
64725 0.943204868154
64897 0.94523326572
65992 0.947261663286
66249 0.949290060852
66356 0.951318458418
66800 0.953346855984
67177 0.95537525355
67845 0.957403651116
67957 0.959432048682
72067 0.961460446247
72661 0.963488843813
73078 0.965517241379
74730 0.967545638945
75413 0.969574036511
80792 0.971602434077
89240 0.973630831643
89838 0.975659229209
93396 0.977687626775
93938 0.979716024341
95971 0.981744421907
97630 0.983772819473
103178 0.985801217039
113273 0.987829614604
119219 0.98985801217
129030 0.991886409736
138189 0.993914807302
138837 0.995943204868
145207 0.997971602434
445457 1.0
