67 0.00202429149798
1175 0.00404858299595
1183 0.00607287449393
1209 0.0080971659919
1242 0.0101214574899
1403 0.0121457489879
1475 0.0141700404858
1523 0.0161943319838
1542 0.0182186234818
1678 0.0202429149798
1706 0.0222672064777
1720 0.0242914979757
1723 0.0263157894737
1784 0.0283400809717
1801 0.0303643724696
1964 0.0323886639676
1969 0.0344129554656
2000 0.0364372469636
2019 0.0384615384615
2023 0.0404858299595
2040 0.0425101214575
2045 0.0445344129555
2136 0.0465587044534
2157 0.0485829959514
2242 0.0506072874494
2266 0.0526315789474
2318 0.0546558704453
2319 0.0566801619433
2357 0.0587044534413
2392 0.0607287449393
2418 0.0627530364372
2424 0.0647773279352
2475 0.0668016194332
2491 0.0688259109312
2517 0.0708502024291
2541 0.0728744939271
2592 0.0748987854251
2594 0.0769230769231
2718 0.0789473684211
2785 0.080971659919
2813 0.082995951417
2898 0.085020242915
2902 0.087044534413
2908 0.0890688259109
2925 0.0910931174089
2937 0.0931174089069
2992 0.0951417004049
3138 0.0971659919028
3149 0.0991902834008
3154 0.101214574899
3188 0.103238866397
3208 0.105263157895
3214 0.107287449393
3241 0.109311740891
3291 0.111336032389
3308 0.113360323887
3338 0.115384615385
3342 0.117408906883
3380 0.119433198381
3456 0.121457489879
3463 0.123481781377
3485 0.125506072874
3494 0.127530364372
3503 0.12955465587
3524 0.131578947368
3537 0.133603238866
3539 0.135627530364
3543 0.137651821862
3581 0.13967611336
3600 0.141700404858
3662 0.143724696356
3686 0.145748987854
3708 0.14979757085
3708 0.14979757085
3754 0.151821862348
3763 0.153846153846
3787 0.155870445344
3798 0.157894736842
3802 0.15991902834
3806 0.161943319838
3850 0.163967611336
3874 0.165991902834
3875 0.168016194332
3898 0.17004048583
3935 0.172064777328
3979 0.174089068826
4004 0.176113360324
4022 0.178137651822
4051 0.18016194332
4082 0.182186234818
4110 0.184210526316
4113 0.186234817814
4192 0.188259109312
4208 0.192307692308
4208 0.192307692308
4211 0.194331983806
4217 0.196356275304
4253 0.198380566802
4296 0.2004048583
4311 0.202429149798
4329 0.204453441296
4332 0.206477732794
4336 0.208502024291
4360 0.210526315789
4373 0.212550607287
4382 0.214574898785
4437 0.216599190283
4438 0.220647773279
4438 0.220647773279
4445 0.222672064777
4494 0.224696356275
4506 0.226720647773
4518 0.228744939271
4535 0.230769230769
4547 0.232793522267
4549 0.234817813765
4572 0.236842105263
4577 0.238866396761
4587 0.240890688259
4640 0.242914979757
4641 0.244939271255
4659 0.246963562753
4662 0.248987854251
4683 0.251012145749
4696 0.253036437247
4703 0.255060728745
4717 0.257085020243
4725 0.259109311741
4747 0.261133603239
4781 0.263157894737
4794 0.265182186235
4808 0.267206477733
4826 0.269230769231
4840 0.271255060729
4844 0.273279352227
4871 0.275303643725
4915 0.277327935223
4925 0.279352226721
4949 0.281376518219
4999 0.283400809717
5019 0.285425101215
5020 0.287449392713
5025 0.289473684211
5030 0.291497975709
5061 0.293522267206
5096 0.295546558704
5099 0.297570850202
5107 0.2995951417
5122 0.301619433198
5141 0.303643724696
5165 0.307692307692
5165 0.307692307692
5183 0.30971659919
5222 0.311740890688
5236 0.313765182186
5253 0.315789473684
5296 0.317813765182
5299 0.31983805668
5352 0.321862348178
5402 0.323886639676
5424 0.325910931174
5467 0.327935222672
5476 0.32995951417
5529 0.331983805668
5550 0.334008097166
5554 0.336032388664
5565 0.338056680162
5589 0.34008097166
5607 0.342105263158
5609 0.344129554656
5623 0.346153846154
5655 0.348178137652
5670 0.35020242915
5683 0.352226720648
5698 0.354251012146
5715 0.356275303644
5738 0.358299595142
5819 0.36032388664
5837 0.362348178138
5849 0.364372469636
5859 0.366396761134
5881 0.368421052632
5882 0.37044534413
5896 0.372469635628
5911 0.374493927126
5946 0.376518218623
5960 0.378542510121
6012 0.380566801619
6016 0.382591093117
6021 0.384615384615
6028 0.386639676113
6060 0.388663967611
6137 0.390688259109
6171 0.392712550607
6235 0.394736842105
6306 0.396761133603
6308 0.398785425101
6324 0.400809716599
6355 0.402834008097
6378 0.404858299595
6402 0.406882591093
6459 0.408906882591
6462 0.410931174089
6471 0.412955465587
6494 0.414979757085
6532 0.417004048583
6606 0.419028340081
6631 0.421052631579
6652 0.423076923077
6670 0.425101214575
6679 0.427125506073
6688 0.429149797571
6692 0.431174089069
6712 0.433198380567
6724 0.435222672065
6726 0.437246963563
6758 0.439271255061
6801 0.441295546559
6804 0.443319838057
6805 0.445344129555
6821 0.447368421053
6831 0.449392712551
6833 0.451417004049
6876 0.455465587045
6876 0.455465587045
6904 0.457489878543
6908 0.45951417004
6915 0.461538461538
6938 0.463562753036
6943 0.465587044534
6964 0.467611336032
6966 0.46963562753
6972 0.471659919028
7000 0.473684210526
7011 0.475708502024
7021 0.477732793522
7031 0.47975708502
7033 0.481781376518
7038 0.483805668016
7062 0.485829959514
7111 0.487854251012
7113 0.48987854251
7129 0.491902834008
7160 0.493927125506
7174 0.495951417004
7236 0.497975708502
7246 0.5
7279 0.502024291498
7330 0.504048582996
7387 0.506072874494
7411 0.508097165992
7433 0.51012145749
7438 0.512145748988
7473 0.514170040486
7519 0.516194331984
7544 0.518218623482
7626 0.52024291498
7651 0.522267206478
7686 0.524291497976
7717 0.526315789474
7729 0.528340080972
7731 0.53036437247
7738 0.532388663968
7794 0.534412955466
7819 0.536437246964
7904 0.538461538462
7926 0.54048582996
7943 0.542510121457
7949 0.544534412955
7978 0.546558704453
7999 0.548582995951
8019 0.550607287449
8023 0.552631578947
8026 0.554655870445
8051 0.556680161943
8063 0.558704453441
8101 0.560728744939
8129 0.562753036437
8148 0.564777327935
8274 0.566801619433
8293 0.568825910931
8299 0.570850202429
8378 0.572874493927
8411 0.576923076923
8411 0.576923076923
8417 0.578947368421
8453 0.580971659919
8488 0.582995951417
8499 0.585020242915
8521 0.587044534413
8522 0.589068825911
8524 0.591093117409
8530 0.593117408907
8532 0.595141700405
8549 0.597165991903
8584 0.599190283401
8643 0.601214574899
8670 0.603238866397
8674 0.605263157895
8676 0.607287449393
8725 0.609311740891
8727 0.611336032389
8731 0.613360323887
8733 0.615384615385
8737 0.617408906883
8741 0.619433198381
8752 0.621457489879
8792 0.623481781377
8802 0.625506072874
8831 0.627530364372
8832 0.62955465587
8842 0.631578947368
8912 0.633603238866
8936 0.635627530364
8960 0.637651821862
8978 0.63967611336
8985 0.641700404858
9009 0.643724696356
9025 0.645748987854
9083 0.647773279352
9145 0.64979757085
9188 0.651821862348
9198 0.653846153846
9201 0.655870445344
9236 0.657894736842
9262 0.65991902834
9336 0.661943319838
9424 0.663967611336
9439 0.665991902834
9456 0.668016194332
9484 0.67004048583
9528 0.672064777328
9537 0.674089068826
9599 0.676113360324
9601 0.678137651822
9606 0.68016194332
9610 0.682186234818
9627 0.684210526316
9656 0.686234817814
9682 0.688259109312
9762 0.69028340081
9774 0.692307692308
9778 0.694331983806
9802 0.696356275304
9837 0.698380566802
9842 0.7004048583
9845 0.702429149798
9913 0.704453441296
9938 0.706477732794
10023 0.708502024291
10031 0.710526315789
10055 0.712550607287
10065 0.714574898785
10104 0.716599190283
10129 0.718623481781
10150 0.720647773279
10153 0.722672064777
10221 0.724696356275
10241 0.726720647773
10276 0.728744939271
10300 0.730769230769
10332 0.732793522267
10373 0.734817813765
10385 0.736842105263
10390 0.738866396761
10569 0.740890688259
10627 0.742914979757
10661 0.744939271255
10694 0.746963562753
10723 0.748987854251
10733 0.751012145749
10880 0.753036437247
10912 0.755060728745
10943 0.757085020243
10988 0.759109311741
11025 0.761133603239
11054 0.763157894737
11062 0.765182186235
11135 0.767206477733
11174 0.769230769231
11215 0.771255060729
11238 0.773279352227
11247 0.775303643725
11289 0.777327935223
11303 0.779352226721
11359 0.781376518219
11405 0.783400809717
11459 0.785425101215
11472 0.787449392713
11566 0.789473684211
11572 0.791497975709
11701 0.793522267206
11730 0.795546558704
11843 0.797570850202
11874 0.7995951417
11980 0.801619433198
12028 0.803643724696
12129 0.805668016194
12224 0.807692307692
12237 0.80971659919
12297 0.811740890688
12306 0.813765182186
12320 0.815789473684
12334 0.817813765182
12343 0.81983805668
12384 0.821862348178
12450 0.823886639676
12460 0.825910931174
12568 0.827935222672
12645 0.82995951417
12655 0.831983805668
12867 0.834008097166
12988 0.836032388664
13041 0.838056680162
13050 0.84008097166
13095 0.842105263158
13127 0.844129554656
13214 0.846153846154
13354 0.848178137652
13374 0.85020242915
13556 0.852226720648
13635 0.854251012146
13789 0.856275303644
13868 0.858299595142
13887 0.86032388664
13928 0.862348178138
13980 0.864372469636
14018 0.866396761134
14243 0.868421052632
14270 0.87044534413
14357 0.872469635628
14466 0.874493927126
14467 0.876518218623
14556 0.878542510121
14653 0.880566801619
14839 0.882591093117
14902 0.884615384615
14910 0.886639676113
14917 0.888663967611
14971 0.890688259109
15789 0.892712550607
16118 0.894736842105
16231 0.896761133603
16324 0.898785425101
16877 0.900809716599
17055 0.902834008097
17336 0.904858299595
17667 0.906882591093
18316 0.908906882591
18346 0.910931174089
18353 0.912955465587
18420 0.914979757085
19076 0.917004048583
19385 0.919028340081
19407 0.921052631579
19459 0.923076923077
19487 0.925101214575
21843 0.927125506073
21860 0.929149797571
21946 0.931174089069
22691 0.933198380567
23087 0.935222672065
23270 0.937246963563
23722 0.939271255061
24375 0.941295546559
24469 0.943319838057
24588 0.945344129555
24647 0.947368421053
24873 0.949392712551
25528 0.951417004049
26095 0.953441295547
26100 0.955465587045
26763 0.957489878543
26775 0.95951417004
27141 0.961538461538
27159 0.963562753036
28357 0.965587044534
29450 0.967611336032
30489 0.96963562753
33608 0.971659919028
34128 0.973684210526
36379 0.975708502024
37860 0.977732793522
38892 0.97975708502
39371 0.981781376518
41815 0.983805668016
44747 0.985829959514
51169 0.987854251012
52897 0.98987854251
60281 0.991902834008
76658 0.993927125506
86536 0.995951417004
119551 0.997975708502
425168 1.0
