62 0.0020366598778
317 0.0040733197556
780 0.0061099796334
1204 0.0081466395112
1300 0.010183299389
1336 0.0122199592668
1355 0.0142566191446
1535 0.0162932790224
1702 0.0183299389002
1711 0.020366598778
1846 0.0224032586558
1940 0.0244399185336
2024 0.0264765784114
2076 0.0285132382892
2244 0.030549898167
2309 0.0325865580448
2346 0.0346232179226
2511 0.0366598778004
2553 0.0386965376782
2603 0.040733197556
2677 0.0427698574338
2842 0.0448065173116
2844 0.0468431771894
2847 0.0488798370672
2884 0.050916496945
3069 0.0529531568228
3360 0.0549898167006
3412 0.0570264765784
3755 0.0590631364562
3822 0.061099796334
3831 0.0631364562118
3963 0.0651731160896
3999 0.0672097759674
4135 0.0692464358452
4369 0.071283095723
4402 0.0733197556008
4420 0.0753564154786
4455 0.0773930753564
4525 0.0794297352342
4539 0.081466395112
4702 0.0835030549898
4708 0.0855397148676
4747 0.0875763747454
4836 0.0896130346232
5003 0.091649694501
5071 0.0936863543788
5266 0.0957230142566
5304 0.0977596741344
5329 0.0997963340122
5405 0.10183299389
5426 0.105906313646
5426 0.105906313646
5569 0.107942973523
5617 0.109979633401
5628 0.112016293279
5630 0.114052953157
5775 0.116089613035
5796 0.118126272912
5909 0.12016293279
6067 0.122199592668
6071 0.124236252546
6246 0.126272912424
6395 0.128309572301
6401 0.130346232179
6419 0.132382892057
6491 0.134419551935
6493 0.136456211813
6599 0.13849287169
6608 0.140529531568
6616 0.142566191446
6720 0.144602851324
6839 0.146639511202
6897 0.148676171079
6920 0.150712830957
6959 0.152749490835
7168 0.154786150713
7314 0.156822810591
7356 0.158859470468
7398 0.160896130346
7492 0.162932790224
7494 0.164969450102
7652 0.16700610998
7723 0.169042769857
7818 0.171079429735
7900 0.173116089613
7931 0.175152749491
7974 0.177189409369
7981 0.179226069246
8121 0.181262729124
8151 0.183299389002
8158 0.18533604888
8180 0.187372708758
8228 0.189409368635
8380 0.191446028513
8462 0.193482688391
8468 0.195519348269
8472 0.197556008147
8478 0.199592668024
8559 0.201629327902
8637 0.20366598778
8638 0.205702647658
8674 0.207739307536
8902 0.209775967413
8917 0.211812627291
9034 0.213849287169
9047 0.215885947047
9073 0.217922606925
9121 0.219959266802
9129 0.22199592668
9179 0.224032586558
9192 0.226069246436
9217 0.228105906314
9229 0.230142566191
9265 0.232179226069
9291 0.234215885947
9316 0.236252545825
9321 0.238289205703
9349 0.24032586558
9459 0.242362525458
9470 0.244399185336
9579 0.246435845214
9703 0.248472505092
9724 0.250509164969
9761 0.252545824847
9788 0.254582484725
9840 0.256619144603
9869 0.258655804481
9983 0.260692464358
10015 0.262729124236
10076 0.264765784114
10088 0.266802443992
10113 0.26883910387
10114 0.270875763747
10166 0.272912423625
10168 0.274949083503
10453 0.276985743381
10548 0.279022403259
10575 0.281059063136
10581 0.283095723014
10671 0.285132382892
10739 0.28716904277
10762 0.289205702648
10805 0.291242362525
10848 0.293279022403
10995 0.295315682281
11005 0.297352342159
11024 0.299389002037
11072 0.301425661914
11106 0.303462321792
11136 0.30549898167
11251 0.307535641548
11300 0.309572301426
11438 0.311608961303
11511 0.313645621181
11569 0.315682281059
11609 0.317718940937
11615 0.319755600815
11623 0.321792260692
11649 0.32382892057
11672 0.325865580448
11847 0.327902240326
11877 0.329938900204
12022 0.331975560081
12023 0.334012219959
12036 0.336048879837
12052 0.338085539715
12088 0.340122199593
12253 0.34215885947
12394 0.344195519348
12412 0.346232179226
12551 0.348268839104
12590 0.350305498982
12600 0.352342158859
12682 0.354378818737
12904 0.356415478615
13050 0.358452138493
13149 0.360488798371
13151 0.362525458248
13197 0.364562118126
13295 0.366598778004
13337 0.368635437882
13440 0.37067209776
13528 0.372708757637
13561 0.374745417515
13573 0.376782077393
13777 0.378818737271
13885 0.380855397149
13928 0.382892057026
14120 0.384928716904
14125 0.386965376782
14208 0.38900203666
14212 0.391038696538
14367 0.393075356415
14500 0.395112016293
14575 0.397148676171
14672 0.399185336049
14725 0.401221995927
14763 0.403258655804
14791 0.405295315682
14793 0.40733197556
14938 0.409368635438
14953 0.411405295316
15114 0.413441955193
15117 0.415478615071
15203 0.417515274949
15289 0.419551934827
15316 0.421588594705
15364 0.423625254582
15542 0.42566191446
15632 0.427698574338
15846 0.429735234216
15901 0.431771894094
15933 0.433808553971
15976 0.435845213849
16007 0.437881873727
16040 0.439918533605
16041 0.441955193483
16048 0.44399185336
16067 0.446028513238
16276 0.448065173116
16311 0.450101832994
16353 0.452138492872
16393 0.454175152749
16465 0.456211812627
16492 0.458248472505
16560 0.460285132383
16572 0.462321792261
16579 0.464358452138
16581 0.466395112016
16614 0.468431771894
16631 0.470468431772
16641 0.47250509165
16670 0.474541751527
16729 0.476578411405
16756 0.478615071283
16767 0.480651731161
16803 0.482688391039
16875 0.484725050916
16915 0.486761710794
17020 0.488798370672
17025 0.49083503055
17167 0.492871690428
17177 0.494908350305
17299 0.496945010183
17331 0.498981670061
17369 0.501018329939
17377 0.503054989817
17463 0.505091649695
17585 0.507128309572
17608 0.50916496945
17721 0.511201629328
17926 0.513238289206
18025 0.515274949084
18033 0.517311608961
18181 0.519348268839
18228 0.521384928717
18328 0.523421588595
18424 0.525458248473
18431 0.52749490835
18446 0.529531568228
18475 0.531568228106
18635 0.533604887984
18685 0.535641547862
18776 0.537678207739
18826 0.539714867617
18880 0.541751527495
19011 0.543788187373
19153 0.545824847251
19216 0.547861507128
19219 0.549898167006
19245 0.551934826884
19251 0.553971486762
19432 0.55600814664
19494 0.558044806517
19526 0.560081466395
19641 0.562118126273
19690 0.564154786151
19699 0.566191446029
19735 0.568228105906
19737 0.570264765784
19803 0.572301425662
19836 0.57433808554
19853 0.576374745418
20262 0.578411405295
20309 0.580448065173
20508 0.582484725051
20535 0.584521384929
20793 0.586558044807
20954 0.588594704684
21072 0.590631364562
21332 0.59266802444
21478 0.594704684318
21705 0.596741344196
21720 0.598778004073
21732 0.600814663951
21764 0.602851323829
22074 0.604887983707
22083 0.606924643585
22085 0.608961303462
22140 0.61099796334
22309 0.613034623218
22417 0.615071283096
22435 0.617107942974
22473 0.619144602851
22560 0.621181262729
22657 0.623217922607
22704 0.625254582485
22723 0.627291242363
22733 0.62932790224
22795 0.631364562118
22801 0.633401221996
22822 0.635437881874
22832 0.637474541752
23046 0.639511201629
23119 0.641547861507
23162 0.643584521385
23196 0.645621181263
23213 0.647657841141
23354 0.649694501018
23421 0.651731160896
23450 0.653767820774
23537 0.655804480652
23583 0.65784114053
23809 0.659877800407
23825 0.661914460285
23854 0.663951120163
23889 0.665987780041
24051 0.668024439919
24182 0.670061099796
24276 0.672097759674
24462 0.674134419552
24500 0.67617107943
24506 0.678207739308
24550 0.680244399185
24560 0.682281059063
24632 0.684317718941
24720 0.686354378819
24955 0.688391038697
24998 0.690427698574
25170 0.692464358452
25188 0.69450101833
25347 0.696537678208
25415 0.698574338086
25425 0.700610997963
25886 0.702647657841
25919 0.704684317719
25938 0.706720977597
26033 0.708757637475
26065 0.710794297352
26076 0.71283095723
26114 0.714867617108
26234 0.716904276986
26272 0.718940936864
26463 0.720977596741
26559 0.723014256619
26562 0.725050916497
26596 0.727087576375
26749 0.729124236253
26938 0.73116089613
26940 0.733197556008
27032 0.735234215886
27542 0.737270875764
27597 0.739307535642
27820 0.741344195519
27835 0.743380855397
27858 0.745417515275
27893 0.747454175153
28167 0.749490835031
28269 0.751527494908
28422 0.753564154786
28567 0.755600814664
28591 0.757637474542
28836 0.75967413442
28896 0.761710794297
28905 0.763747454175
28973 0.765784114053
29062 0.767820773931
29136 0.769857433809
29551 0.771894093686
29576 0.773930753564
29782 0.775967413442
30008 0.77800407332
30123 0.780040733198
30141 0.782077393075
30170 0.784114052953
30236 0.786150712831
30517 0.788187372709
30520 0.790224032587
30540 0.792260692464
30544 0.794297352342
30691 0.79633401222
30932 0.798370672098
31352 0.800407331976
31394 0.802443991853
31630 0.804480651731
31666 0.806517311609
31745 0.808553971487
31874 0.810590631365
31893 0.812627291242
32084 0.81466395112
32492 0.816700610998
32738 0.818737270876
32809 0.820773930754
33215 0.822810590631
33388 0.824847250509
33598 0.826883910387
33760 0.828920570265
33960 0.830957230143
34017 0.83299389002
34149 0.835030549898
34573 0.837067209776
34783 0.839103869654
34931 0.841140529532
34998 0.843177189409
35476 0.845213849287
35514 0.847250509165
35597 0.849287169043
36310 0.851323828921
36613 0.853360488798
36997 0.855397148676
37254 0.857433808554
37324 0.859470468432
37819 0.86150712831
37844 0.863543788187
37971 0.865580448065
38243 0.867617107943
38262 0.869653767821
38500 0.871690427699
38976 0.873727087576
39007 0.875763747454
39277 0.877800407332
39702 0.87983706721
40265 0.881873727088
40722 0.883910386965
42082 0.885947046843
43167 0.887983706721
43237 0.890020366599
44126 0.892057026477
44494 0.894093686354
44648 0.896130346232
44709 0.89816700611
45363 0.900203665988
46401 0.902240325866
46456 0.904276985743
47300 0.906313645621
47993 0.908350305499
49049 0.910386965377
50285 0.912423625255
52167 0.914460285132
52692 0.91649694501
54645 0.918533604888
55228 0.920570264766
58502 0.922606924644
58662 0.924643584521
60199 0.926680244399
60911 0.928716904277
61638 0.930753564155
62189 0.932790224033
63618 0.93482688391
64046 0.936863543788
70340 0.938900203666
70393 0.940936863544
70818 0.942973523422
73820 0.945010183299
76361 0.947046843177
77642 0.949083503055
78828 0.951120162933
79002 0.953156822811
79894 0.955193482688
80264 0.957230142566
80532 0.959266802444
80625 0.961303462322
82558 0.9633401222
87157 0.965376782077
87348 0.967413441955
87939 0.969450101833
87988 0.971486761711
88375 0.973523421589
89272 0.975560081466
91959 0.977596741344
110166 0.979633401222
112890 0.9816700611
113510 0.983706720978
116691 0.985743380855
118162 0.987780040733
124982 0.989816700611
135008 0.991853360489
156106 0.993890020367
168918 0.995926680244
176403 0.997963340122
454849 1.0
