61 0.00202429149798
852 0.00404858299595
1007 0.00607287449393
1011 0.0080971659919
1064 0.0101214574899
1071 0.0121457489879
1289 0.0141700404858
1302 0.0161943319838
1452 0.0182186234818
1479 0.0202429149798
1482 0.0222672064777
1499 0.0242914979757
1504 0.0263157894737
1506 0.0283400809717
1511 0.0303643724696
1515 0.0323886639676
1577 0.0344129554656
1579 0.0364372469636
1624 0.0384615384615
1630 0.0404858299595
1700 0.0425101214575
1736 0.0445344129555
1740 0.0465587044534
1754 0.0485829959514
1755 0.0506072874494
1760 0.0526315789474
1790 0.0546558704453
1820 0.0566801619433
1869 0.0587044534413
1870 0.0607287449393
1871 0.0627530364372
1877 0.0647773279352
1898 0.0668016194332
1925 0.0688259109312
1935 0.0708502024291
1936 0.0728744939271
1940 0.0748987854251
1951 0.0769230769231
2013 0.0789473684211
2018 0.080971659919
2063 0.082995951417
2094 0.085020242915
2105 0.087044534413
2134 0.0890688259109
2152 0.0910931174089
2157 0.0931174089069
2200 0.0951417004049
2234 0.0971659919028
2235 0.0991902834008
2284 0.101214574899
2296 0.103238866397
2306 0.105263157895
2311 0.107287449393
2347 0.109311740891
2352 0.111336032389
2354 0.113360323887
2359 0.115384615385
2383 0.117408906883
2433 0.119433198381
2437 0.121457489879
2447 0.123481781377
2478 0.125506072874
2489 0.127530364372
2491 0.12955465587
2508 0.131578947368
2530 0.135627530364
2530 0.135627530364
2543 0.13967611336
2543 0.13967611336
2551 0.141700404858
2553 0.143724696356
2558 0.145748987854
2568 0.147773279352
2587 0.14979757085
2594 0.151821862348
2595 0.153846153846
2613 0.155870445344
2653 0.157894736842
2664 0.161943319838
2664 0.161943319838
2670 0.163967611336
2682 0.165991902834
2693 0.168016194332
2699 0.17004048583
2720 0.172064777328
2722 0.174089068826
2755 0.176113360324
2761 0.178137651822
2768 0.18016194332
2771 0.182186234818
2776 0.184210526316
2780 0.186234817814
2793 0.188259109312
2812 0.19028340081
2822 0.192307692308
2829 0.194331983806
2846 0.196356275304
2852 0.198380566802
2854 0.2004048583
2860 0.202429149798
2868 0.204453441296
2872 0.206477732794
2958 0.208502024291
2963 0.210526315789
2971 0.212550607287
2977 0.214574898785
2982 0.216599190283
3012 0.218623481781
3014 0.220647773279
3015 0.224696356275
3015 0.224696356275
3018 0.226720647773
3055 0.228744939271
3066 0.230769230769
3095 0.232793522267
3106 0.234817813765
3107 0.236842105263
3112 0.238866396761
3123 0.240890688259
3131 0.242914979757
3134 0.244939271255
3154 0.246963562753
3156 0.248987854251
3159 0.251012145749
3161 0.253036437247
3164 0.255060728745
3196 0.257085020243
3205 0.259109311741
3206 0.261133603239
3209 0.263157894737
3229 0.267206477733
3229 0.267206477733
3239 0.269230769231
3244 0.271255060729
3247 0.273279352227
3249 0.275303643725
3252 0.277327935223
3253 0.279352226721
3263 0.281376518219
3264 0.283400809717
3281 0.285425101215
3292 0.287449392713
3297 0.289473684211
3298 0.291497975709
3306 0.293522267206
3320 0.295546558704
3333 0.2995951417
3333 0.2995951417
3349 0.301619433198
3359 0.303643724696
3386 0.305668016194
3390 0.307692307692
3405 0.30971659919
3418 0.311740890688
3425 0.313765182186
3430 0.315789473684
3446 0.317813765182
3461 0.31983805668
3495 0.321862348178
3509 0.323886639676
3526 0.325910931174
3540 0.327935222672
3546 0.32995951417
3557 0.331983805668
3559 0.334008097166
3573 0.336032388664
3577 0.338056680162
3604 0.342105263158
3604 0.342105263158
3606 0.344129554656
3615 0.346153846154
3627 0.348178137652
3645 0.35020242915
3678 0.352226720648
3691 0.354251012146
3711 0.356275303644
3721 0.358299595142
3751 0.36032388664
3755 0.362348178138
3756 0.364372469636
3765 0.366396761134
3776 0.368421052632
3780 0.37044534413
3793 0.372469635628
3819 0.374493927126
3820 0.376518218623
3831 0.378542510121
3838 0.380566801619
3850 0.382591093117
3856 0.384615384615
3866 0.386639676113
3867 0.388663967611
3868 0.390688259109
3887 0.392712550607
3899 0.394736842105
3908 0.396761133603
3918 0.398785425101
3942 0.400809716599
3945 0.402834008097
3962 0.404858299595
3963 0.406882591093
3965 0.408906882591
3973 0.410931174089
3989 0.412955465587
4023 0.414979757085
4036 0.417004048583
4040 0.419028340081
4050 0.421052631579
4054 0.423076923077
4060 0.425101214575
4092 0.427125506073
4096 0.429149797571
4117 0.431174089069
4153 0.433198380567
4175 0.435222672065
4191 0.437246963563
4204 0.439271255061
4206 0.441295546559
4219 0.443319838057
4224 0.445344129555
4226 0.447368421053
4237 0.449392712551
4252 0.451417004049
4253 0.453441295547
4260 0.455465587045
4278 0.457489878543
4281 0.45951417004
4284 0.461538461538
4287 0.463562753036
4293 0.465587044534
4332 0.467611336032
4348 0.46963562753
4358 0.471659919028
4366 0.473684210526
4438 0.475708502024
4454 0.477732793522
4457 0.47975708502
4460 0.481781376518
4467 0.483805668016
4471 0.485829959514
4519 0.487854251012
4527 0.48987854251
4529 0.491902834008
4560 0.493927125506
4562 0.495951417004
4577 0.5
4577 0.5
4582 0.502024291498
4610 0.504048582996
4640 0.506072874494
4654 0.508097165992
4662 0.51012145749
4674 0.512145748988
4683 0.514170040486
4690 0.516194331984
4691 0.518218623482
4697 0.52024291498
4774 0.522267206478
4778 0.524291497976
4786 0.526315789474
4790 0.528340080972
4796 0.53036437247
4805 0.532388663968
4809 0.534412955466
4828 0.536437246964
4836 0.538461538462
4866 0.54048582996
4869 0.542510121457
4873 0.544534412955
4878 0.546558704453
4886 0.548582995951
4889 0.550607287449
4891 0.552631578947
4904 0.554655870445
4910 0.556680161943
4911 0.558704453441
4997 0.560728744939
5001 0.562753036437
5003 0.564777327935
5004 0.566801619433
5020 0.568825910931
5022 0.570850202429
5030 0.572874493927
5059 0.574898785425
5104 0.576923076923
5113 0.578947368421
5126 0.580971659919
5185 0.582995951417
5200 0.585020242915
5201 0.587044534413
5223 0.589068825911
5226 0.591093117409
5238 0.593117408907
5241 0.595141700405
5251 0.597165991903
5260 0.599190283401
5278 0.601214574899
5317 0.603238866397
5329 0.605263157895
5334 0.607287449393
5335 0.609311740891
5362 0.611336032389
5396 0.613360323887
5414 0.615384615385
5472 0.617408906883
5488 0.619433198381
5497 0.621457489879
5517 0.623481781377
5537 0.625506072874
5544 0.62955465587
5544 0.62955465587
5563 0.631578947368
5566 0.633603238866
5590 0.635627530364
5592 0.637651821862
5621 0.63967611336
5639 0.641700404858
5656 0.643724696356
5663 0.645748987854
5677 0.647773279352
5685 0.64979757085
5686 0.651821862348
5710 0.653846153846
5722 0.655870445344
5742 0.657894736842
5763 0.65991902834
5778 0.661943319838
5799 0.663967611336
5820 0.665991902834
5840 0.668016194332
5868 0.67004048583
5915 0.672064777328
5944 0.676113360324
5944 0.676113360324
5961 0.678137651822
5994 0.68016194332
6042 0.682186234818
6051 0.684210526316
6056 0.686234817814
6075 0.688259109312
6095 0.69028340081
6112 0.692307692308
6142 0.694331983806
6152 0.696356275304
6171 0.698380566802
6190 0.7004048583
6199 0.702429149798
6255 0.704453441296
6256 0.706477732794
6274 0.708502024291
6350 0.710526315789
6364 0.712550607287
6371 0.714574898785
6382 0.716599190283
6388 0.718623481781
6456 0.720647773279
6477 0.722672064777
6493 0.724696356275
6505 0.726720647773
6510 0.728744939271
6535 0.730769230769
6582 0.732793522267
6603 0.734817813765
6628 0.736842105263
6645 0.738866396761
6661 0.740890688259
6719 0.742914979757
6760 0.744939271255
6768 0.746963562753
6786 0.748987854251
6824 0.751012145749
6825 0.753036437247
6832 0.755060728745
6834 0.757085020243
6847 0.759109311741
6871 0.761133603239
6876 0.763157894737
6892 0.765182186235
6898 0.767206477733
6971 0.769230769231
6977 0.771255060729
6990 0.773279352227
7011 0.775303643725
7097 0.777327935223
7179 0.779352226721
7180 0.781376518219
7252 0.783400809717
7320 0.785425101215
7333 0.787449392713
7356 0.789473684211
7409 0.791497975709
7413 0.793522267206
7419 0.795546558704
7437 0.797570850202
7456 0.7995951417
7477 0.801619433198
7513 0.803643724696
7550 0.805668016194
7574 0.807692307692
7580 0.80971659919
7583 0.811740890688
7588 0.815789473684
7588 0.815789473684
7615 0.817813765182
7649 0.81983805668
7654 0.821862348178
7656 0.823886639676
7721 0.825910931174
7782 0.827935222672
7792 0.82995951417
7854 0.831983805668
7898 0.834008097166
7936 0.836032388664
7941 0.838056680162
8016 0.84008097166
8037 0.842105263158
8066 0.844129554656
8134 0.846153846154
8157 0.848178137652
8205 0.85020242915
8208 0.852226720648
8242 0.854251012146
8253 0.856275303644
8399 0.858299595142
8552 0.86032388664
8561 0.862348178138
8687 0.864372469636
8860 0.866396761134
8895 0.868421052632
8918 0.87044534413
8948 0.872469635628
9056 0.874493927126
9165 0.876518218623
9168 0.878542510121
9204 0.880566801619
9207 0.882591093117
9240 0.884615384615
9322 0.888663967611
9322 0.888663967611
9343 0.890688259109
9367 0.892712550607
9407 0.894736842105
9431 0.896761133603
9486 0.898785425101
9517 0.900809716599
9521 0.902834008097
9563 0.904858299595
9707 0.906882591093
9714 0.908906882591
9719 0.910931174089
9752 0.912955465587
9792 0.914979757085
9914 0.917004048583
9936 0.919028340081
10074 0.921052631579
10101 0.923076923077
10113 0.925101214575
10223 0.927125506073
10252 0.929149797571
10592 0.931174089069
10620 0.933198380567
10702 0.935222672065
10712 0.937246963563
10732 0.939271255061
10793 0.941295546559
10894 0.943319838057
10918 0.945344129555
11136 0.947368421053
11335 0.949392712551
11401 0.951417004049
11454 0.953441295547
11562 0.955465587045
11564 0.957489878543
11652 0.95951417004
11902 0.961538461538
12124 0.963562753036
12470 0.965587044534
12514 0.967611336032
12771 0.96963562753
12841 0.971659919028
13112 0.973684210526
13260 0.975708502024
13440 0.977732793522
13755 0.97975708502
14203 0.981781376518
14261 0.983805668016
15239 0.985829959514
15743 0.987854251012
17910 0.98987854251
25786 0.991902834008
92813 0.993927125506
97707 0.995951417004
123724 0.997975708502
434364 1.0
