67 0.00202429149798
1686 0.00404858299595
1874 0.00607287449393
1934 0.0080971659919
1995 0.0101214574899
2260 0.0121457489879
2405 0.0141700404858
2485 0.0161943319838
2512 0.0182186234818
2711 0.0202429149798
2789 0.0222672064777
2852 0.0242914979757
2953 0.0263157894737
3026 0.0283400809717
3146 0.0303643724696
3353 0.0323886639676
3371 0.0344129554656
3439 0.0364372469636
3488 0.0384615384615
3529 0.0404858299595
3538 0.0425101214575
3582 0.0445344129555
3584 0.0465587044534
3594 0.0485829959514
3607 0.0506072874494
3631 0.0526315789474
3655 0.0546558704453
3705 0.0566801619433
3710 0.0587044534413
3723 0.0607287449393
3725 0.0627530364372
3904 0.0647773279352
3939 0.0668016194332
3993 0.0688259109312
4082 0.0708502024291
4140 0.0728744939271
4185 0.0748987854251
4198 0.0769230769231
4225 0.080971659919
4225 0.080971659919
4240 0.082995951417
4276 0.085020242915
4363 0.087044534413
4372 0.0890688259109
4393 0.0910931174089
4403 0.0931174089069
4435 0.0951417004049
4445 0.0971659919028
4451 0.0991902834008
4479 0.101214574899
4519 0.105263157895
4519 0.105263157895
4546 0.107287449393
4552 0.109311740891
4580 0.111336032389
4596 0.113360323887
4621 0.115384615385
4649 0.117408906883
4696 0.119433198381
4715 0.121457489879
4719 0.123481781377
4725 0.125506072874
4735 0.127530364372
4747 0.12955465587
4762 0.131578947368
4898 0.133603238866
4948 0.135627530364
4968 0.137651821862
5005 0.13967611336
5020 0.141700404858
5075 0.143724696356
5127 0.145748987854
5146 0.147773279352
5186 0.14979757085
5194 0.151821862348
5241 0.153846153846
5250 0.155870445344
5275 0.157894736842
5289 0.15991902834
5299 0.161943319838
5311 0.165991902834
5311 0.165991902834
5316 0.168016194332
5357 0.17004048583
5369 0.172064777328
5380 0.174089068826
5384 0.176113360324
5392 0.178137651822
5403 0.18016194332
5409 0.182186234818
5425 0.184210526316
5428 0.186234817814
5436 0.188259109312
5441 0.19028340081
5445 0.192307692308
5470 0.194331983806
5484 0.196356275304
5497 0.198380566802
5503 0.2004048583
5507 0.202429149798
5516 0.204453441296
5524 0.206477732794
5528 0.208502024291
5626 0.210526315789
5631 0.212550607287
5632 0.214574898785
5635 0.218623481781
5635 0.218623481781
5653 0.220647773279
5662 0.222672064777
5665 0.224696356275
5676 0.226720647773
5681 0.228744939271
5695 0.230769230769
5698 0.232793522267
5725 0.234817813765
5731 0.236842105263
5737 0.238866396761
5790 0.240890688259
5791 0.242914979757
5811 0.244939271255
5839 0.246963562753
5843 0.248987854251
5848 0.251012145749
5862 0.253036437247
5873 0.255060728745
5878 0.257085020243
5902 0.259109311741
5913 0.261133603239
5915 0.263157894737
5921 0.265182186235
5935 0.267206477733
5936 0.269230769231
5970 0.273279352227
5970 0.273279352227
5973 0.275303643725
6009 0.277327935223
6020 0.279352226721
6032 0.281376518219
6051 0.285425101215
6051 0.285425101215
6140 0.287449392713
6146 0.289473684211
6154 0.291497975709
6158 0.293522267206
6193 0.295546558704
6211 0.297570850202
6263 0.2995951417
6285 0.301619433198
6313 0.303643724696
6342 0.305668016194
6374 0.307692307692
6378 0.30971659919
6385 0.311740890688
6404 0.313765182186
6436 0.315789473684
6463 0.317813765182
6466 0.31983805668
6474 0.321862348178
6480 0.323886639676
6491 0.325910931174
6502 0.327935222672
6561 0.32995951417
6581 0.331983805668
6601 0.334008097166
6639 0.336032388664
6647 0.338056680162
6653 0.34008097166
6659 0.342105263158
6683 0.344129554656
6685 0.346153846154
6706 0.348178137652
6756 0.35020242915
6794 0.352226720648
6845 0.354251012146
6875 0.356275303644
6895 0.358299595142
6922 0.36032388664
6948 0.362348178138
6953 0.364372469636
6968 0.366396761134
6980 0.368421052632
6988 0.37044534413
6990 0.372469635628
6996 0.374493927126
7039 0.376518218623
7057 0.378542510121
7079 0.380566801619
7088 0.382591093117
7101 0.384615384615
7111 0.386639676113
7129 0.388663967611
7134 0.390688259109
7169 0.392712550607
7222 0.394736842105
7253 0.396761133603
7345 0.398785425101
7391 0.400809716599
7397 0.402834008097
7415 0.404858299595
7423 0.406882591093
7425 0.408906882591
7479 0.410931174089
7501 0.412955465587
7511 0.414979757085
7519 0.417004048583
7525 0.419028340081
7533 0.421052631579
7534 0.423076923077
7537 0.425101214575
7541 0.427125506073
7571 0.429149797571
7572 0.433198380567
7572 0.433198380567
7579 0.435222672065
7589 0.437246963563
7637 0.439271255061
7655 0.441295546559
7683 0.443319838057
7688 0.445344129555
7692 0.447368421053
7744 0.449392712551
7777 0.451417004049
7829 0.453441295547
7849 0.455465587045
7868 0.457489878543
7874 0.45951417004
7883 0.461538461538
7933 0.463562753036
7954 0.465587044534
7962 0.467611336032
7968 0.46963562753
7985 0.471659919028
7995 0.473684210526
8041 0.475708502024
8058 0.477732793522
8065 0.47975708502
8071 0.481781376518
8089 0.483805668016
8092 0.485829959514
8106 0.487854251012
8108 0.48987854251
8121 0.491902834008
8162 0.493927125506
8181 0.495951417004
8212 0.497975708502
8218 0.5
8269 0.502024291498
8271 0.504048582996
8276 0.506072874494
8287 0.508097165992
8291 0.51012145749
8329 0.512145748988
8333 0.514170040486
8357 0.516194331984
8401 0.518218623482
8402 0.52024291498
8428 0.522267206478
8430 0.524291497976
8536 0.526315789474
8538 0.528340080972
8546 0.53036437247
8548 0.532388663968
8573 0.534412955466
8585 0.536437246964
8617 0.538461538462
8663 0.54048582996
8673 0.542510121457
8704 0.544534412955
8708 0.546558704453
8713 0.548582995951
8716 0.550607287449
8726 0.552631578947
8784 0.554655870445
8809 0.556680161943
8828 0.558704453441
8863 0.562753036437
8863 0.562753036437
8914 0.564777327935
8918 0.566801619433
8944 0.568825910931
8959 0.570850202429
8970 0.572874493927
8987 0.574898785425
9028 0.576923076923
9067 0.578947368421
9069 0.580971659919
9134 0.582995951417
9138 0.585020242915
9176 0.589068825911
9176 0.589068825911
9205 0.591093117409
9224 0.593117408907
9289 0.595141700405
9313 0.597165991903
9338 0.599190283401
9351 0.601214574899
9359 0.603238866397
9444 0.605263157895
9448 0.607287449393
9503 0.609311740891
9511 0.611336032389
9560 0.613360323887
9575 0.615384615385
9586 0.617408906883
9590 0.619433198381
9629 0.621457489879
9632 0.623481781377
9657 0.625506072874
9671 0.627530364372
9681 0.62955465587
9700 0.631578947368
9701 0.633603238866
9712 0.635627530364
9757 0.637651821862
9766 0.63967611336
9798 0.641700404858
9818 0.643724696356
9823 0.645748987854
9837 0.647773279352
9875 0.64979757085
9890 0.651821862348
9992 0.653846153846
9995 0.655870445344
10049 0.657894736842
10095 0.65991902834
10097 0.661943319838
10192 0.663967611336
10238 0.665991902834
10250 0.668016194332
10261 0.67004048583
10290 0.672064777328
10304 0.674089068826
10321 0.676113360324
10351 0.678137651822
10359 0.68016194332
10369 0.682186234818
10439 0.684210526316
10451 0.686234817814
10474 0.688259109312
10477 0.69028340081
10484 0.692307692308
10539 0.694331983806
10545 0.696356275304
10599 0.698380566802
10614 0.7004048583
10625 0.702429149798
10628 0.704453441296
10680 0.706477732794
10713 0.708502024291
10734 0.710526315789
10780 0.712550607287
10793 0.714574898785
10822 0.716599190283
10823 0.718623481781
10824 0.720647773279
10881 0.722672064777
10907 0.724696356275
10939 0.726720647773
11086 0.728744939271
11091 0.730769230769
11132 0.732793522267
11198 0.734817813765
11237 0.736842105263
11369 0.738866396761
11474 0.740890688259
11494 0.742914979757
11626 0.744939271255
11687 0.746963562753
11710 0.748987854251
11723 0.751012145749
11796 0.753036437247
11859 0.755060728745
11924 0.757085020243
11946 0.759109311741
12053 0.761133603239
12076 0.763157894737
12112 0.765182186235
12123 0.767206477733
12124 0.769230769231
12183 0.771255060729
12242 0.773279352227
12246 0.775303643725
12377 0.777327935223
12419 0.779352226721
12436 0.781376518219
12461 0.783400809717
12493 0.785425101215
12501 0.787449392713
12503 0.789473684211
12514 0.791497975709
12544 0.793522267206
12549 0.795546558704
12609 0.797570850202
12625 0.7995951417
12631 0.801619433198
12647 0.803643724696
12655 0.805668016194
12947 0.807692307692
13061 0.80971659919
13171 0.811740890688
13188 0.813765182186
13197 0.815789473684
13219 0.817813765182
13220 0.81983805668
13485 0.821862348178
13496 0.823886639676
13522 0.825910931174
13558 0.827935222672
13676 0.82995951417
13721 0.831983805668
13771 0.834008097166
13774 0.836032388664
13856 0.838056680162
14054 0.84008097166
14133 0.842105263158
14217 0.844129554656
14325 0.846153846154
14331 0.848178137652
14575 0.85020242915
14600 0.852226720648
14615 0.854251012146
14781 0.856275303644
14785 0.858299595142
14841 0.86032388664
14869 0.862348178138
15126 0.864372469636
15154 0.866396761134
15179 0.868421052632
15348 0.87044534413
15517 0.872469635628
15588 0.874493927126
15637 0.876518218623
15733 0.878542510121
15805 0.880566801619
15814 0.882591093117
15866 0.884615384615
16195 0.886639676113
16210 0.888663967611
16229 0.890688259109
16374 0.892712550607
16447 0.894736842105
16643 0.896761133603
16715 0.898785425101
16906 0.900809716599
16918 0.902834008097
16953 0.906882591093
16953 0.906882591093
17031 0.908906882591
17228 0.912955465587
17228 0.912955465587
17257 0.914979757085
17337 0.917004048583
17437 0.919028340081
17672 0.921052631579
18031 0.923076923077
18037 0.925101214575
18248 0.927125506073
18257 0.929149797571
18398 0.931174089069
18489 0.933198380567
18505 0.935222672065
18573 0.937246963563
18590 0.939271255061
18670 0.941295546559
18783 0.943319838057
19211 0.945344129555
19445 0.947368421053
19498 0.949392712551
19562 0.951417004049
19867 0.953441295547
20011 0.955465587045
20170 0.957489878543
20495 0.95951417004
20608 0.961538461538
20616 0.963562753036
20775 0.965587044534
21066 0.967611336032
22213 0.96963562753
23140 0.971659919028
24058 0.973684210526
24069 0.975708502024
25914 0.977732793522
26134 0.97975708502
26373 0.981781376518
28781 0.983805668016
29467 0.985829959514
32912 0.987854251012
33783 0.98987854251
36098 0.991902834008
77650 0.993927125506
125320 0.995951417004
129570 0.997975708502
466817 1.0
