61 0.00202429149798
1145 0.00404858299595
1166 0.00607287449393
1194 0.0080971659919
1243 0.0101214574899
1343 0.0121457489879
1424 0.0141700404858
1455 0.0161943319838
1519 0.0182186234818
1717 0.0202429149798
1732 0.0222672064777
1748 0.0263157894737
1748 0.0263157894737
1796 0.0283400809717
1874 0.0303643724696
1935 0.0323886639676
1946 0.0344129554656
1959 0.0364372469636
1980 0.0384615384615
1987 0.0404858299595
2028 0.0425101214575
2076 0.0445344129555
2118 0.0465587044534
2122 0.0485829959514
2126 0.0506072874494
2131 0.0526315789474
2134 0.0546558704453
2160 0.0566801619433
2176 0.0587044534413
2214 0.0607287449393
2254 0.0627530364372
2280 0.0647773279352
2294 0.0668016194332
2316 0.0688259109312
2351 0.0708502024291
2377 0.0728744939271
2390 0.0748987854251
2416 0.0769230769231
2447 0.0789473684211
2454 0.080971659919
2496 0.082995951417
2500 0.085020242915
2517 0.087044534413
2534 0.0890688259109
2549 0.0910931174089
2556 0.0931174089069
2561 0.0951417004049
2581 0.0971659919028
2585 0.0991902834008
2610 0.101214574899
2623 0.103238866397
2629 0.105263157895
2658 0.107287449393
2659 0.109311740891
2708 0.111336032389
2724 0.113360323887
2744 0.115384615385
2745 0.117408906883
2763 0.119433198381
2775 0.121457489879
2785 0.123481781377
2800 0.125506072874
2806 0.127530364372
2832 0.12955465587
2835 0.131578947368
2845 0.133603238866
2901 0.135627530364
2919 0.137651821862
2921 0.13967611336
2934 0.141700404858
2975 0.143724696356
2993 0.145748987854
2995 0.147773279352
3002 0.14979757085
3030 0.151821862348
3067 0.153846153846
3070 0.155870445344
3087 0.157894736842
3113 0.15991902834
3120 0.161943319838
3142 0.163967611336
3161 0.165991902834
3180 0.168016194332
3185 0.17004048583
3186 0.172064777328
3187 0.174089068826
3189 0.176113360324
3200 0.178137651822
3203 0.18016194332
3204 0.182186234818
3223 0.186234817814
3223 0.186234817814
3227 0.188259109312
3228 0.19028340081
3230 0.194331983806
3230 0.194331983806
3238 0.198380566802
3238 0.198380566802
3280 0.2004048583
3288 0.202429149798
3298 0.204453441296
3301 0.206477732794
3323 0.208502024291
3340 0.210526315789
3353 0.212550607287
3354 0.214574898785
3358 0.216599190283
3391 0.218623481781
3457 0.220647773279
3466 0.222672064777
3477 0.224696356275
3481 0.226720647773
3482 0.228744939271
3483 0.230769230769
3510 0.232793522267
3516 0.234817813765
3523 0.236842105263
3547 0.238866396761
3550 0.240890688259
3559 0.242914979757
3568 0.244939271255
3570 0.246963562753
3573 0.248987854251
3577 0.251012145749
3591 0.253036437247
3601 0.255060728745
3616 0.257085020243
3629 0.259109311741
3636 0.261133603239
3638 0.263157894737
3651 0.265182186235
3661 0.267206477733
3679 0.269230769231
3682 0.271255060729
3684 0.273279352227
3714 0.275303643725
3733 0.277327935223
3750 0.279352226721
3763 0.281376518219
3771 0.283400809717
3781 0.285425101215
3792 0.287449392713
3799 0.289473684211
3817 0.291497975709
3831 0.293522267206
3838 0.295546558704
3842 0.297570850202
3883 0.2995951417
3912 0.301619433198
3913 0.303643724696
3914 0.305668016194
3924 0.307692307692
3925 0.30971659919
3929 0.311740890688
3932 0.313765182186
3946 0.315789473684
3947 0.317813765182
3958 0.31983805668
3960 0.321862348178
3973 0.323886639676
3990 0.327935222672
3990 0.327935222672
4043 0.32995951417
4054 0.331983805668
4070 0.334008097166
4071 0.336032388664
4093 0.338056680162
4107 0.34008097166
4109 0.342105263158
4122 0.344129554656
4123 0.346153846154
4139 0.348178137652
4143 0.35020242915
4150 0.352226720648
4190 0.354251012146
4195 0.356275303644
4198 0.358299595142
4205 0.36032388664
4208 0.362348178138
4210 0.364372469636
4216 0.366396761134
4240 0.368421052632
4243 0.37044534413
4250 0.372469635628
4263 0.374493927126
4266 0.376518218623
4272 0.378542510121
4274 0.380566801619
4284 0.382591093117
4312 0.384615384615
4325 0.386639676113
4338 0.388663967611
4346 0.390688259109
4349 0.392712550607
4441 0.394736842105
4454 0.396761133603
4458 0.398785425101
4467 0.400809716599
4476 0.402834008097
4530 0.404858299595
4535 0.406882591093
4536 0.408906882591
4561 0.410931174089
4562 0.412955465587
4571 0.414979757085
4585 0.417004048583
4587 0.419028340081
4599 0.421052631579
4610 0.423076923077
4627 0.425101214575
4628 0.427125506073
4646 0.429149797571
4661 0.431174089069
4674 0.433198380567
4677 0.439271255061
4677 0.439271255061
4677 0.439271255061
4680 0.441295546559
4701 0.443319838057
4702 0.445344129555
4724 0.447368421053
4734 0.449392712551
4737 0.451417004049
4748 0.453441295547
4751 0.455465587045
4803 0.457489878543
4812 0.45951417004
4813 0.461538461538
4814 0.463562753036
4840 0.465587044534
4843 0.467611336032
4859 0.46963562753
4872 0.471659919028
4892 0.473684210526
4897 0.475708502024
4905 0.477732793522
4907 0.47975708502
4954 0.481781376518
4988 0.483805668016
4991 0.485829959514
5035 0.487854251012
5041 0.48987854251
5042 0.491902834008
5076 0.493927125506
5085 0.495951417004
5087 0.497975708502
5113 0.502024291498
5113 0.502024291498
5122 0.504048582996
5127 0.506072874494
5140 0.508097165992
5142 0.512145748988
5142 0.512145748988
5150 0.514170040486
5158 0.516194331984
5195 0.518218623482
5229 0.52024291498
5238 0.522267206478
5244 0.524291497976
5250 0.526315789474
5281 0.528340080972
5286 0.53036437247
5295 0.532388663968
5322 0.534412955466
5331 0.536437246964
5340 0.538461538462
5344 0.54048582996
5345 0.542510121457
5346 0.544534412955
5370 0.548582995951
5370 0.548582995951
5395 0.550607287449
5401 0.552631578947
5416 0.554655870445
5469 0.556680161943
5475 0.558704453441
5491 0.560728744939
5542 0.562753036437
5563 0.564777327935
5587 0.566801619433
5658 0.568825910931
5662 0.570850202429
5663 0.572874493927
5665 0.574898785425
5670 0.576923076923
5683 0.578947368421
5694 0.580971659919
5743 0.582995951417
5753 0.585020242915
5755 0.587044534413
5757 0.589068825911
5759 0.591093117409
5768 0.593117408907
5775 0.595141700405
5797 0.597165991903
5872 0.599190283401
5894 0.601214574899
5911 0.605263157895
5911 0.605263157895
5954 0.607287449393
5968 0.609311740891
5972 0.611336032389
5973 0.613360323887
6002 0.615384615385
6069 0.617408906883
6070 0.619433198381
6075 0.621457489879
6086 0.623481781377
6090 0.625506072874
6113 0.627530364372
6138 0.62955465587
6181 0.631578947368
6230 0.633603238866
6270 0.635627530364
6278 0.637651821862
6309 0.63967611336
6310 0.641700404858
6312 0.643724696356
6314 0.645748987854
6336 0.647773279352
6349 0.64979757085
6369 0.651821862348
6371 0.653846153846
6409 0.655870445344
6433 0.657894736842
6467 0.65991902834
6469 0.661943319838
6476 0.663967611336
6493 0.665991902834
6545 0.668016194332
6624 0.67004048583
6629 0.672064777328
6634 0.674089068826
6644 0.676113360324
6657 0.678137651822
6686 0.68016194332
6689 0.682186234818
6702 0.684210526316
6708 0.686234817814
6762 0.688259109312
6795 0.69028340081
6805 0.692307692308
6813 0.694331983806
6888 0.696356275304
6891 0.698380566802
6905 0.7004048583
6951 0.702429149798
6983 0.704453441296
7006 0.708502024291
7006 0.708502024291
7011 0.710526315789
7020 0.712550607287
7076 0.714574898785
7128 0.716599190283
7152 0.718623481781
7157 0.720647773279
7174 0.722672064777
7233 0.724696356275
7263 0.726720647773
7273 0.728744939271
7288 0.730769230769
7306 0.732793522267
7307 0.734817813765
7322 0.736842105263
7363 0.738866396761
7367 0.740890688259
7375 0.742914979757
7432 0.744939271255
7491 0.746963562753
7496 0.748987854251
7514 0.751012145749
7548 0.753036437247
7593 0.755060728745
7689 0.757085020243
7698 0.759109311741
7762 0.761133603239
7771 0.763157894737
7819 0.765182186235
7836 0.767206477733
7844 0.769230769231
7846 0.771255060729
7868 0.773279352227
7950 0.775303643725
7960 0.777327935223
7969 0.779352226721
7973 0.781376518219
7983 0.783400809717
8021 0.785425101215
8031 0.787449392713
8057 0.789473684211
8103 0.791497975709
8145 0.793522267206
8161 0.795546558704
8188 0.797570850202
8205 0.7995951417
8224 0.801619433198
8236 0.805668016194
8236 0.805668016194
8238 0.807692307692
8251 0.811740890688
8251 0.811740890688
8271 0.813765182186
8360 0.815789473684
8381 0.817813765182
8396 0.81983805668
8465 0.821862348178
8493 0.823886639676
8511 0.825910931174
8518 0.827935222672
8549 0.82995951417
8579 0.831983805668
8597 0.834008097166
8610 0.836032388664
8642 0.838056680162
8783 0.84008097166
8936 0.842105263158
8938 0.844129554656
8992 0.846153846154
9017 0.848178137652
9026 0.85020242915
9102 0.852226720648
9245 0.854251012146
9256 0.856275303644
9264 0.858299595142
9303 0.86032388664
9322 0.862348178138
9355 0.864372469636
9481 0.866396761134
9517 0.868421052632
9589 0.87044534413
9591 0.872469635628
9701 0.874493927126
9727 0.876518218623
9757 0.878542510121
9854 0.880566801619
9874 0.882591093117
9912 0.884615384615
9946 0.886639676113
10135 0.888663967611
10172 0.890688259109
10197 0.892712550607
10213 0.894736842105
10257 0.896761133603
10285 0.898785425101
10297 0.900809716599
10394 0.902834008097
10471 0.904858299595
10500 0.906882591093
10567 0.908906882591
10581 0.910931174089
10632 0.912955465587
10657 0.914979757085
10737 0.917004048583
10750 0.919028340081
10902 0.921052631579
11021 0.923076923077
11038 0.925101214575
11125 0.927125506073
11275 0.929149797571
11306 0.931174089069
11330 0.933198380567
11529 0.935222672065
11612 0.937246963563
11687 0.939271255061
11762 0.941295546559
11830 0.943319838057
12175 0.945344129555
12336 0.947368421053
12339 0.949392712551
12626 0.951417004049
12752 0.953441295547
12908 0.957489878543
12908 0.957489878543
13038 0.95951417004
13054 0.961538461538
13424 0.963562753036
13600 0.965587044534
13975 0.967611336032
14342 0.96963562753
14382 0.971659919028
14517 0.973684210526
15095 0.975708502024
15102 0.977732793522
15318 0.97975708502
15441 0.981781376518
16187 0.983805668016
16351 0.985829959514
17082 0.987854251012
17382 0.98987854251
26244 0.991902834008
96544 0.993927125506
98276 0.995951417004
124931 0.997975708502
425970 1.0
