35 0.0020202020202
546 0.0040404040404
1043 0.00606060606061
1156 0.00808080808081
1226 0.010101010101
1246 0.0121212121212
1303 0.0141414141414
1432 0.0161616161616
1454 0.0181818181818
1538 0.020202020202
1609 0.0222222222222
1626 0.0242424242424
1774 0.0262626262626
1841 0.0282828282828
1886 0.030303030303
1933 0.0323232323232
1951 0.0343434343434
1955 0.0383838383838
1955 0.0383838383838
1962 0.040404040404
2040 0.0424242424242
2074 0.0444444444444
2108 0.0464646464646
2145 0.0484848484848
2189 0.0505050505051
2210 0.0525252525253
2212 0.0545454545455
2245 0.0565656565657
2271 0.0585858585859
2275 0.0606060606061
2297 0.0626262626263
2323 0.0646464646465
2351 0.0666666666667
2352 0.0686868686869
2392 0.0707070707071
2412 0.0727272727273
2452 0.0747474747475
2453 0.0767676767677
2503 0.0787878787879
2557 0.0808080808081
2572 0.0828282828283
2577 0.0848484848485
2585 0.0868686868687
2615 0.0888888888889
2651 0.0909090909091
2655 0.0929292929293
2659 0.0969696969697
2659 0.0969696969697
2670 0.0989898989899
2680 0.10101010101
2685 0.10303030303
2718 0.105050505051
2769 0.107070707071
2788 0.109090909091
2810 0.111111111111
2820 0.113131313131
2825 0.115151515152
2843 0.117171717172
2853 0.119191919192
2856 0.121212121212
2873 0.123232323232
2891 0.125252525253
2901 0.127272727273
2911 0.129292929293
2913 0.131313131313
2940 0.133333333333
2968 0.135353535354
2987 0.137373737374
2993 0.141414141414
2993 0.141414141414
3010 0.143434343434
3011 0.145454545455
3013 0.147474747475
3015 0.149494949495
3016 0.151515151515
3020 0.153535353535
3039 0.155555555556
3068 0.157575757576
3069 0.159595959596
3100 0.161616161616
3111 0.163636363636
3115 0.165656565657
3121 0.169696969697
3121 0.169696969697
3148 0.171717171717
3158 0.173737373737
3164 0.175757575758
3184 0.177777777778
3188 0.179797979798
3208 0.183838383838
3208 0.183838383838
3216 0.185858585859
3218 0.187878787879
3222 0.189898989899
3230 0.191919191919
3234 0.193939393939
3272 0.19595959596
3277 0.19797979798
3283 0.2
3285 0.20202020202
3305 0.20404040404
3321 0.206060606061
3327 0.208080808081
3335 0.210101010101
3338 0.212121212121
3343 0.214141414141
3349 0.216161616162
3350 0.218181818182
3352 0.220202020202
3364 0.224242424242
3364 0.224242424242
3378 0.226262626263
3384 0.228282828283
3391 0.230303030303
3392 0.232323232323
3399 0.234343434343
3426 0.236363636364
3463 0.238383838384
3466 0.242424242424
3466 0.242424242424
3479 0.244444444444
3495 0.246464646465
3528 0.248484848485
3531 0.250505050505
3538 0.252525252525
3552 0.254545454545
3553 0.256565656566
3557 0.258585858586
3569 0.260606060606
3570 0.262626262626
3572 0.266666666667
3572 0.266666666667
3576 0.268686868687
3590 0.270707070707
3597 0.272727272727
3618 0.274747474747
3621 0.276767676768
3628 0.278787878788
3637 0.280808080808
3641 0.282828282828
3649 0.284848484848
3673 0.286868686869
3685 0.288888888889
3690 0.290909090909
3736 0.292929292929
3744 0.294949494949
3751 0.29696969697
3752 0.29898989899
3753 0.30101010101
3766 0.30303030303
3768 0.305050505051
3777 0.307070707071
3790 0.309090909091
3794 0.311111111111
3801 0.313131313131
3809 0.315151515152
3813 0.317171717172
3823 0.319191919192
3833 0.321212121212
3847 0.323232323232
3877 0.325252525253
3925 0.327272727273
3934 0.329292929293
3936 0.331313131313
3953 0.333333333333
3965 0.335353535354
3966 0.337373737374
3985 0.339393939394
3988 0.341414141414
3990 0.345454545455
3990 0.345454545455
3991 0.347474747475
4008 0.351515151515
4008 0.351515151515
4022 0.353535353535
4023 0.355555555556
4031 0.357575757576
4041 0.359595959596
4056 0.361616161616
4083 0.363636363636
4091 0.365656565657
4093 0.367676767677
4100 0.369696969697
4126 0.371717171717
4143 0.373737373737
4144 0.375757575758
4161 0.377777777778
4164 0.379797979798
4170 0.381818181818
4187 0.383838383838
4195 0.385858585859
4203 0.387878787879
4207 0.389898989899
4208 0.391919191919
4215 0.393939393939
4226 0.39595959596
4227 0.39797979798
4242 0.4
4244 0.40202020202
4247 0.40404040404
4249 0.408080808081
4249 0.408080808081
4261 0.410101010101
4264 0.412121212121
4275 0.414141414141
4276 0.416161616162
4277 0.418181818182
4304 0.422222222222
4304 0.422222222222
4317 0.424242424242
4321 0.426262626263
4322 0.428282828283
4342 0.430303030303
4349 0.432323232323
4365 0.434343434343
4367 0.436363636364
4369 0.438383838384
4383 0.440404040404
4399 0.442424242424
4401 0.444444444444
4423 0.446464646465
4445 0.448484848485
4456 0.450505050505
4472 0.452525252525
4492 0.454545454545
4506 0.456565656566
4512 0.458585858586
4513 0.460606060606
4526 0.462626262626
4563 0.464646464646
4577 0.466666666667
4586 0.468686868687
4608 0.470707070707
4630 0.472727272727
4636 0.474747474747
4644 0.476767676768
4650 0.478787878788
4661 0.480808080808
4667 0.482828282828
4669 0.484848484848
4676 0.486868686869
4679 0.488888888889
4698 0.490909090909
4706 0.492929292929
4711 0.494949494949
4717 0.49696969697
4718 0.49898989899
4727 0.50101010101
4742 0.50303030303
4751 0.505050505051
4771 0.507070707071
4772 0.509090909091
4777 0.511111111111
4830 0.513131313131
4837 0.515151515152
4849 0.517171717172
4851 0.519191919192
4861 0.521212121212
4869 0.523232323232
4876 0.525252525253
4885 0.527272727273
4904 0.529292929293
4914 0.531313131313
4915 0.533333333333
4922 0.535353535354
4942 0.537373737374
4961 0.539393939394
4964 0.541414141414
4973 0.543434343434
4974 0.545454545455
4977 0.547474747475
4996 0.549494949495
5010 0.551515151515
5016 0.553535353535
5029 0.555555555556
5032 0.557575757576
5068 0.559595959596
5074 0.561616161616
5081 0.563636363636
5089 0.565656565657
5127 0.567676767677
5130 0.569696969697
5141 0.571717171717
5144 0.573737373737
5196 0.575757575758
5199 0.577777777778
5215 0.579797979798
5220 0.583838383838
5220 0.583838383838
5255 0.585858585859
5256 0.587878787879
5261 0.589898989899
5269 0.591919191919
5278 0.593939393939
5284 0.59595959596
5294 0.59797979798
5315 0.6
5329 0.60202020202
5336 0.60404040404
5353 0.606060606061
5367 0.608080808081
5390 0.610101010101
5449 0.612121212121
5453 0.614141414141
5454 0.616161616162
5478 0.618181818182
5494 0.620202020202
5498 0.622222222222
5514 0.624242424242
5526 0.626262626263
5533 0.628282828283
5536 0.630303030303
5542 0.632323232323
5567 0.634343434343
5607 0.636363636364
5653 0.638383838384
5662 0.640404040404
5666 0.642424242424
5688 0.644444444444
5690 0.646464646465
5731 0.648484848485
5749 0.650505050505
5759 0.652525252525
5762 0.654545454545
5773 0.656565656566
5784 0.658585858586
5794 0.660606060606
5809 0.662626262626
5814 0.664646464646
5893 0.666666666667
5937 0.670707070707
5937 0.670707070707
5980 0.672727272727
5998 0.674747474747
6000 0.676767676768
6063 0.678787878788
6075 0.680808080808
6076 0.682828282828
6097 0.684848484848
6099 0.686868686869
6112 0.688888888889
6123 0.690909090909
6168 0.692929292929
6184 0.694949494949
6256 0.69696969697
6309 0.69898989899
6331 0.70101010101
6355 0.70303030303
6401 0.705050505051
6404 0.713131313131
6404 0.713131313131
6404 0.713131313131
6404 0.713131313131
6406 0.715151515152
6418 0.717171717172
6426 0.719191919192
6429 0.721212121212
6455 0.723232323232
6463 0.725252525253
6484 0.727272727273
6506 0.729292929293
6509 0.731313131313
6570 0.733333333333
6576 0.735353535354
6587 0.737373737374
6594 0.739393939394
6604 0.741414141414
6608 0.743434343434
6649 0.745454545455
6663 0.747474747475
6701 0.749494949495
6760 0.751515151515
6793 0.753535353535
6814 0.755555555556
6889 0.757575757576
6910 0.759595959596
6961 0.761616161616
7033 0.763636363636
7038 0.765656565657
7071 0.767676767677
7127 0.769696969697
7235 0.773737373737
7235 0.773737373737
7243 0.777777777778
7243 0.777777777778
7249 0.779797979798
7253 0.781818181818
7263 0.783838383838
7278 0.785858585859
7282 0.787878787879
7295 0.789898989899
7306 0.791919191919
7443 0.793939393939
7465 0.79595959596
7502 0.79797979798
7512 0.8
7514 0.80202020202
7517 0.80404040404
7527 0.806060606061
7529 0.808080808081
7581 0.810101010101
7587 0.812121212121
7613 0.814141414141
7616 0.816161616162
7652 0.818181818182
7695 0.820202020202
7703 0.822222222222
7715 0.824242424242
7730 0.826262626263
7740 0.828282828283
7767 0.830303030303
7824 0.832323232323
7825 0.834343434343
7827 0.836363636364
7864 0.840404040404
7864 0.840404040404
7869 0.842424242424
7897 0.844444444444
7995 0.846464646465
8038 0.848484848485
8041 0.850505050505
8056 0.852525252525
8067 0.854545454545
8108 0.856565656566
8133 0.858585858586
8213 0.860606060606
8235 0.862626262626
8247 0.864646464646
8295 0.866666666667
8300 0.868686868687
8382 0.870707070707
8465 0.874747474747
8465 0.874747474747
8476 0.876767676768
8508 0.878787878788
8563 0.880808080808
8573 0.882828282828
8577 0.884848484848
8607 0.886868686869
8608 0.888888888889
8648 0.890909090909
8672 0.892929292929
8687 0.894949494949
8696 0.89696969697
8735 0.89898989899
8786 0.90101010101
8794 0.90303030303
8817 0.905050505051
8838 0.907070707071
9198 0.909090909091
9393 0.911111111111
9396 0.913131313131
9483 0.915151515152
9506 0.917171717172
9514 0.919191919192
9569 0.921212121212
9632 0.923232323232
9660 0.925252525253
9813 0.927272727273
9828 0.929292929293
9930 0.931313131313
9979 0.933333333333
10112 0.937373737374
10112 0.937373737374
10257 0.939393939394
10392 0.941414141414
10468 0.943434343434
10496 0.945454545455
10805 0.947474747475
10913 0.949494949495
10982 0.951515151515
11074 0.953535353535
11083 0.955555555556
11174 0.957575757576
11195 0.959595959596
11212 0.961616161616
11366 0.963636363636
11378 0.965656565657
11426 0.967676767677
12030 0.969696969697
12139 0.971717171717
12159 0.975757575758
12159 0.975757575758
12549 0.977777777778
12679 0.979797979798
13240 0.981818181818
13634 0.983838383838
13831 0.985858585859
17491 0.987878787879
29602 0.989898989899
78526 0.991919191919
92173 0.993939393939
100118 0.99595959596
123463 0.99797979798
429846 1.0
