37 0.00204081632653
930 0.00408163265306
1547 0.00612244897959
2704 0.00816326530612
2941 0.0102040816327
3031 0.0122448979592
3527 0.0142857142857
3565 0.0163265306122
3916 0.0183673469388
4238 0.0204081632653
4339 0.0224489795918
4591 0.0244897959184
4735 0.0265306122449
4802 0.0285714285714
4804 0.030612244898
4857 0.0326530612245
5107 0.034693877551
5135 0.0367346938776
5254 0.0387755102041
5306 0.0408163265306
5339 0.0428571428571
5403 0.0448979591837
5544 0.0469387755102
5644 0.0489795918367
5693 0.0510204081633
6119 0.0530612244898
6153 0.0551020408163
6279 0.0571428571429
6294 0.0591836734694
6637 0.0612244897959
6991 0.0632653061224
7005 0.065306122449
7055 0.0673469387755
7376 0.069387755102
7879 0.0714285714286
7924 0.0734693877551
8547 0.0755102040816
8548 0.0775510204082
8642 0.0795918367347
8647 0.0816326530612
8766 0.0836734693878
8836 0.0857142857143
8927 0.0877551020408
8951 0.0897959183673
9251 0.0918367346939
9359 0.0938775510204
9416 0.0959183673469
9479 0.0979591836735
9887 0.1
9966 0.102040816327
10150 0.104081632653
10208 0.10612244898
10320 0.108163265306
10460 0.110204081633
10498 0.112244897959
10502 0.114285714286
10543 0.116326530612
10548 0.118367346939
10745 0.120408163265
10778 0.122448979592
10788 0.124489795918
10835 0.126530612245
10842 0.128571428571
11000 0.130612244898
11070 0.132653061224
11268 0.134693877551
11338 0.136734693878
11419 0.138775510204
11506 0.140816326531
11610 0.142857142857
11637 0.144897959184
11662 0.14693877551
11678 0.148979591837
11934 0.151020408163
11964 0.15306122449
12004 0.155102040816
12070 0.157142857143
12094 0.159183673469
12339 0.161224489796
12420 0.163265306122
12425 0.165306122449
12517 0.167346938776
12593 0.169387755102
12609 0.171428571429
12659 0.173469387755
12673 0.175510204082
12759 0.177551020408
12903 0.179591836735
12905 0.181632653061
12975 0.183673469388
13027 0.185714285714
13042 0.187755102041
13059 0.189795918367
13132 0.191836734694
13406 0.19387755102
13460 0.195918367347
13564 0.197959183673
13578 0.2
13632 0.202040816327
13663 0.204081632653
13673 0.20612244898
13680 0.208163265306
13820 0.210204081633
13825 0.212244897959
13870 0.214285714286
13894 0.216326530612
14046 0.218367346939
14100 0.220408163265
14307 0.222448979592
14326 0.224489795918
14340 0.226530612245
14349 0.228571428571
14446 0.230612244898
14453 0.232653061224
14522 0.234693877551
14646 0.236734693878
14703 0.238775510204
14714 0.240816326531
14945 0.242857142857
15040 0.244897959184
15091 0.24693877551
15407 0.248979591837
15454 0.251020408163
15498 0.25306122449
15630 0.255102040816
15819 0.257142857143
15848 0.259183673469
15849 0.261224489796
15877 0.263265306122
16256 0.265306122449
16386 0.267346938776
16479 0.269387755102
16538 0.271428571429
16570 0.273469387755
16876 0.275510204082
17019 0.277551020408
17060 0.279591836735
17103 0.281632653061
17139 0.283673469388
17147 0.285714285714
17206 0.287755102041
17280 0.289795918367
17357 0.291836734694
17455 0.29387755102
17525 0.295918367347
17611 0.297959183673
17613 0.3
17654 0.302040816327
17761 0.304081632653
17944 0.30612244898
18084 0.308163265306
18166 0.310204081633
18321 0.312244897959
18412 0.314285714286
18504 0.316326530612
18580 0.318367346939
18604 0.320408163265
18685 0.322448979592
19133 0.324489795918
19232 0.326530612245
19237 0.328571428571
19266 0.330612244898
19886 0.332653061224
19912 0.334693877551
19954 0.336734693878
20011 0.338775510204
20034 0.340816326531
20066 0.342857142857
20075 0.344897959184
20131 0.34693877551
20161 0.348979591837
20476 0.351020408163
20485 0.35306122449
20535 0.355102040816
20539 0.357142857143
20689 0.359183673469
20735 0.361224489796
20819 0.363265306122
20820 0.365306122449
20836 0.367346938776
20867 0.369387755102
21259 0.371428571429
21281 0.373469387755
21349 0.375510204082
21681 0.377551020408
21684 0.379591836735
21703 0.381632653061
21706 0.383673469388
21791 0.385714285714
21916 0.387755102041
21918 0.389795918367
21961 0.391836734694
22355 0.39387755102
22374 0.395918367347
22393 0.397959183673
22471 0.4
22513 0.402040816327
22603 0.404081632653
22721 0.40612244898
22904 0.408163265306
22938 0.410204081633
23024 0.412244897959
23092 0.414285714286
23301 0.416326530612
23454 0.418367346939
23470 0.420408163265
23498 0.422448979592
23568 0.424489795918
23577 0.426530612245
23602 0.428571428571
23684 0.430612244898
23949 0.432653061224
23972 0.434693877551
24007 0.436734693878
24063 0.438775510204
24094 0.440816326531
24167 0.442857142857
24245 0.444897959184
24398 0.44693877551
24451 0.448979591837
24670 0.451020408163
24827 0.45306122449
24834 0.455102040816
24944 0.457142857143
25029 0.459183673469
25034 0.461224489796
25147 0.463265306122
25156 0.465306122449
25335 0.467346938776
25361 0.469387755102
25379 0.471428571429
25393 0.473469387755
25612 0.475510204082
25718 0.477551020408
25759 0.481632653061
25759 0.481632653061
26073 0.483673469388
26075 0.485714285714
26254 0.487755102041
26348 0.489795918367
26888 0.491836734694
26994 0.49387755102
27177 0.495918367347
27179 0.497959183673
27188 0.5
27216 0.502040816327
27473 0.504081632653
27744 0.50612244898
27759 0.508163265306
27769 0.510204081633
27834 0.512244897959
28024 0.514285714286
28045 0.516326530612
28051 0.518367346939
28064 0.520408163265
28096 0.522448979592
28151 0.524489795918
28202 0.526530612245
28214 0.528571428571
28298 0.530612244898
28306 0.532653061224
28507 0.534693877551
28597 0.536734693878
29075 0.538775510204
29157 0.540816326531
29373 0.542857142857
29468 0.544897959184
29519 0.54693877551
29616 0.548979591837
29640 0.551020408163
29721 0.55306122449
29729 0.555102040816
29886 0.557142857143
29983 0.559183673469
30181 0.561224489796
30368 0.563265306122
30410 0.565306122449
30523 0.567346938776
30538 0.569387755102
30819 0.571428571429
30823 0.573469387755
30825 0.575510204082
30972 0.577551020408
31040 0.579591836735
31392 0.581632653061
31430 0.583673469388
31480 0.585714285714
31527 0.587755102041
31541 0.589795918367
31766 0.591836734694
32041 0.59387755102
32205 0.595918367347
32361 0.597959183673
32695 0.6
32720 0.602040816327
32754 0.604081632653
32876 0.60612244898
33007 0.608163265306
33011 0.610204081633
33028 0.612244897959
33121 0.614285714286
33158 0.616326530612
33181 0.618367346939
33192 0.620408163265
33208 0.622448979592
33442 0.624489795918
33533 0.626530612245
33548 0.628571428571
33798 0.630612244898
33896 0.632653061224
34010 0.634693877551
34130 0.636734693878
34323 0.638775510204
34533 0.640816326531
34584 0.642857142857
34680 0.644897959184
34734 0.64693877551
34794 0.648979591837
34943 0.651020408163
35205 0.65306122449
35590 0.655102040816
35611 0.657142857143
35912 0.659183673469
36110 0.661224489796
36121 0.663265306122
36229 0.665306122449
36288 0.667346938776
36422 0.669387755102
36738 0.671428571429
36973 0.673469387755
37182 0.675510204082
37221 0.677551020408
37226 0.679591836735
37358 0.681632653061
37393 0.683673469388
37604 0.685714285714
37757 0.687755102041
37811 0.689795918367
37917 0.691836734694
37939 0.69387755102
37943 0.695918367347
38412 0.697959183673
38435 0.7
38527 0.702040816327
39105 0.704081632653
39359 0.70612244898
39616 0.708163265306
39801 0.710204081633
39853 0.712244897959
40006 0.714285714286
40150 0.716326530612
40527 0.718367346939
40608 0.720408163265
40681 0.722448979592
40712 0.724489795918
40849 0.726530612245
41033 0.728571428571
41228 0.730612244898
41437 0.732653061224
41587 0.734693877551
41618 0.736734693878
41832 0.738775510204
41835 0.740816326531
41839 0.742857142857
41875 0.744897959184
41951 0.74693877551
42335 0.748979591837
42405 0.751020408163
42627 0.75306122449
42803 0.755102040816
42902 0.757142857143
43223 0.759183673469
43422 0.761224489796
43454 0.763265306122
43519 0.765306122449
43529 0.767346938776
43617 0.769387755102
43739 0.771428571429
43850 0.773469387755
43916 0.775510204082
44489 0.777551020408
44579 0.779591836735
44701 0.781632653061
44930 0.783673469388
44955 0.785714285714
45549 0.787755102041
45574 0.789795918367
45960 0.791836734694
46329 0.79387755102
46434 0.795918367347
47031 0.797959183673
47694 0.8
47775 0.802040816327
47957 0.804081632653
48029 0.80612244898
48340 0.808163265306
48426 0.810204081633
48548 0.812244897959
48911 0.814285714286
49176 0.816326530612
49804 0.818367346939
49889 0.820408163265
49908 0.822448979592
49951 0.824489795918
50047 0.826530612245
50053 0.828571428571
50219 0.830612244898
50257 0.832653061224
50670 0.834693877551
52826 0.836734693878
52945 0.838775510204
52973 0.840816326531
53202 0.842857142857
53807 0.844897959184
54419 0.84693877551
54440 0.848979591837
54929 0.851020408163
55277 0.85306122449
55300 0.855102040816
55792 0.857142857143
56505 0.859183673469
56864 0.861224489796
57322 0.863265306122
58126 0.865306122449
59008 0.867346938776
60506 0.869387755102
60665 0.871428571429
60809 0.873469387755
61255 0.875510204082
61425 0.877551020408
61664 0.879591836735
61760 0.881632653061
62082 0.883673469388
62838 0.885714285714
63561 0.887755102041
64207 0.889795918367
65542 0.891836734694
65766 0.89387755102
65783 0.895918367347
66946 0.897959183673
67025 0.9
71854 0.902040816327
71939 0.904081632653
72202 0.90612244898
73903 0.908163265306
77647 0.910204081633
82285 0.912244897959
82399 0.914285714286
82951 0.916326530612
84181 0.918367346939
85680 0.920408163265
89552 0.922448979592
92365 0.924489795918
93950 0.926530612245
97442 0.928571428571
98657 0.930612244898
101315 0.932653061224
101986 0.934693877551
103933 0.936734693878
104157 0.938775510204
108035 0.940816326531
108144 0.942857142857
110008 0.944897959184
110956 0.94693877551
111114 0.948979591837
111706 0.951020408163
111761 0.95306122449
112382 0.955102040816
113879 0.957142857143
113966 0.959183673469
114679 0.961224489796
115467 0.963265306122
119535 0.965306122449
123502 0.967346938776
123918 0.969387755102
126346 0.971428571429
129777 0.973469387755
147616 0.975510204082
154788 0.977551020408
156047 0.979591836735
156402 0.981632653061
161010 0.983673469388
164239 0.985714285714
166136 0.987755102041
176456 0.989795918367
212402 0.991836734694
240583 0.99387755102
246584 0.995918367347
454620 0.997959183673
961406 1.0
