110 0.0020325203252
776 0.00406504065041
1861 0.00609756097561
1944 0.00813008130081
2121 0.010162601626
2288 0.0121951219512
2705 0.0142276422764
2775 0.0162601626016
2843 0.0182926829268
3114 0.020325203252
3311 0.0223577235772
3351 0.0243902439024
3463 0.0264227642276
3573 0.0284552845528
3709 0.030487804878
3756 0.0325203252033
3817 0.0345528455285
3911 0.0365853658537
4131 0.0386178861789
4171 0.0406504065041
4182 0.0426829268293
4414 0.0447154471545
4437 0.0467479674797
4562 0.0487804878049
4663 0.0508130081301
4690 0.0528455284553
4790 0.0548780487805
4791 0.0569105691057
5026 0.0589430894309
5044 0.0609756097561
5105 0.0630081300813
5191 0.0650406504065
5198 0.0670731707317
5281 0.0691056910569
5405 0.0711382113821
5450 0.0731707317073
5490 0.0752032520325
5682 0.0772357723577
5915 0.0792682926829
6036 0.0813008130081
6281 0.0833333333333
6283 0.0853658536585
6545 0.0873983739837
6649 0.0894308943089
6717 0.0914634146341
6803 0.0934959349593
6820 0.0955284552846
6852 0.0975609756098
6929 0.099593495935
6963 0.10162601626
7048 0.103658536585
7105 0.105691056911
7175 0.107723577236
7264 0.109756097561
7341 0.111788617886
7373 0.113821138211
7444 0.115853658537
7449 0.117886178862
7497 0.119918699187
7585 0.121951219512
7866 0.123983739837
7882 0.126016260163
7956 0.130081300813
7956 0.130081300813
7970 0.132113821138
8065 0.134146341463
8070 0.136178861789
8082 0.138211382114
8165 0.140243902439
8290 0.142276422764
8356 0.144308943089
8444 0.146341463415
8478 0.14837398374
8479 0.150406504065
8514 0.15243902439
8588 0.154471544715
8627 0.156504065041
8689 0.158536585366
8732 0.160569105691
8752 0.162601626016
8783 0.164634146341
8818 0.166666666667
8883 0.168699186992
8970 0.170731707317
8981 0.172764227642
9087 0.174796747967
9098 0.176829268293
9127 0.178861788618
9130 0.180894308943
9182 0.182926829268
9210 0.184959349593
9272 0.186991869919
9275 0.189024390244
9293 0.191056910569
9311 0.193089430894
9328 0.19512195122
9467 0.197154471545
9550 0.19918699187
9559 0.201219512195
9658 0.20325203252
9678 0.205284552846
9739 0.207317073171
9751 0.209349593496
9785 0.211382113821
9900 0.213414634146
9909 0.215447154472
9913 0.217479674797
9971 0.219512195122
9972 0.221544715447
9995 0.223577235772
10012 0.225609756098
10065 0.227642276423
10189 0.231707317073
10189 0.231707317073
10278 0.233739837398
10334 0.235772357724
10398 0.237804878049
10424 0.239837398374
10475 0.241869918699
10483 0.243902439024
10512 0.24593495935
10697 0.247967479675
10699 0.25
10710 0.252032520325
10753 0.25406504065
10807 0.256097560976
10817 0.258130081301
10839 0.260162601626
10927 0.262195121951
10984 0.264227642276
11220 0.266260162602
11233 0.268292682927
11250 0.270325203252
11290 0.272357723577
11292 0.274390243902
11318 0.276422764228
11328 0.278455284553
11341 0.280487804878
11344 0.282520325203
11508 0.284552845528
11548 0.286585365854
11726 0.288617886179
11751 0.290650406504
11792 0.292682926829
11813 0.294715447154
11816 0.29674796748
11874 0.298780487805
11930 0.30081300813
11937 0.302845528455
11955 0.30487804878
11975 0.306910569106
11979 0.308943089431
12056 0.310975609756
12214 0.313008130081
12218 0.315040650407
12229 0.317073170732
12323 0.319105691057
12446 0.321138211382
12486 0.323170731707
12531 0.325203252033
12943 0.331300813008
12943 0.331300813008
12943 0.331300813008
12946 0.333333333333
12986 0.335365853659
13000 0.337398373984
13042 0.339430894309
13169 0.341463414634
13257 0.343495934959
13402 0.345528455285
13411 0.34756097561
13418 0.349593495935
13448 0.35162601626
13472 0.353658536585
13483 0.355691056911
13587 0.357723577236
13599 0.359756097561
13677 0.361788617886
13822 0.363821138211
13914 0.365853658537
13917 0.367886178862
13933 0.369918699187
13991 0.371951219512
14025 0.373983739837
14069 0.376016260163
14166 0.378048780488
14219 0.380081300813
14284 0.382113821138
14286 0.384146341463
14450 0.386178861789
14456 0.388211382114
14466 0.390243902439
14467 0.392276422764
14499 0.394308943089
14604 0.396341463415
14771 0.39837398374
14793 0.400406504065
14895 0.40243902439
14903 0.404471544715
14924 0.406504065041
14950 0.408536585366
14970 0.410569105691
14998 0.412601626016
15003 0.414634146341
15058 0.416666666667
15072 0.418699186992
15083 0.420731707317
15097 0.422764227642
15142 0.424796747967
15313 0.426829268293
15447 0.428861788618
15459 0.430894308943
15579 0.432926829268
15597 0.434959349593
15616 0.436991869919
15754 0.439024390244
15804 0.441056910569
15829 0.443089430894
15830 0.44512195122
15883 0.447154471545
15898 0.44918699187
15913 0.451219512195
15993 0.45325203252
16123 0.455284552846
16178 0.457317073171
16280 0.459349593496
16430 0.461382113821
16616 0.463414634146
16672 0.465447154472
16724 0.467479674797
16762 0.469512195122
16821 0.471544715447
16868 0.473577235772
16888 0.475609756098
16894 0.477642276423
16974 0.479674796748
16998 0.481707317073
17098 0.483739837398
17130 0.485772357724
17157 0.487804878049
17261 0.489837398374
17262 0.491869918699
17309 0.493902439024
17451 0.49593495935
17454 0.497967479675
17648 0.5
17686 0.502032520325
17700 0.50406504065
17777 0.506097560976
17793 0.508130081301
17800 0.510162601626
17823 0.512195121951
17826 0.514227642276
17847 0.516260162602
17965 0.518292682927
18066 0.520325203252
18127 0.522357723577
18153 0.524390243902
18172 0.526422764228
18174 0.528455284553
18333 0.530487804878
18350 0.532520325203
18362 0.534552845528
18372 0.536585365854
18511 0.538617886179
18536 0.540650406504
18573 0.542682926829
18709 0.544715447154
18808 0.54674796748
18963 0.548780487805
19110 0.55081300813
19147 0.552845528455
19186 0.55487804878
19206 0.556910569106
19270 0.558943089431
19315 0.560975609756
19332 0.563008130081
19377 0.565040650407
19381 0.567073170732
19382 0.569105691057
19496 0.571138211382
19615 0.573170731707
19699 0.575203252033
19807 0.577235772358
19823 0.579268292683
19898 0.581300813008
19973 0.583333333333
20063 0.585365853659
20078 0.587398373984
20128 0.589430894309
20364 0.591463414634
20501 0.593495934959
20651 0.595528455285
20699 0.59756097561
20711 0.599593495935
20811 0.60162601626
20851 0.603658536585
20868 0.605691056911
20876 0.607723577236
20909 0.609756097561
21003 0.611788617886
21096 0.613821138211
21158 0.615853658537
21275 0.617886178862
21402 0.619918699187
21420 0.621951219512
21485 0.623983739837
21533 0.626016260163
21682 0.628048780488
21689 0.630081300813
21723 0.632113821138
21835 0.634146341463
21974 0.636178861789
22020 0.638211382114
22085 0.640243902439
22135 0.642276422764
22137 0.644308943089
22250 0.646341463415
22342 0.64837398374
22369 0.650406504065
22393 0.65243902439
22473 0.654471544715
22526 0.656504065041
22545 0.658536585366
22577 0.660569105691
22722 0.662601626016
22746 0.664634146341
22900 0.666666666667
22981 0.668699186992
23016 0.670731707317
23110 0.672764227642
23114 0.674796747967
23156 0.676829268293
23212 0.678861788618
23310 0.680894308943
23337 0.682926829268
23349 0.684959349593
23442 0.686991869919
23463 0.689024390244
23493 0.691056910569
23514 0.693089430894
23766 0.69512195122
23821 0.697154471545
24009 0.69918699187
24271 0.701219512195
24493 0.70325203252
24621 0.705284552846
24737 0.707317073171
24781 0.709349593496
24782 0.711382113821
24876 0.713414634146
24935 0.715447154472
24999 0.717479674797
25038 0.719512195122
25211 0.721544715447
25360 0.723577235772
25374 0.725609756098
25398 0.727642276423
25426 0.729674796748
25593 0.731707317073
25613 0.733739837398
25881 0.735772357724
25980 0.737804878049
26006 0.739837398374
26157 0.741869918699
26374 0.743902439024
26390 0.74593495935
26413 0.747967479675
26544 0.75
26643 0.752032520325
26709 0.75406504065
26765 0.756097560976
26819 0.758130081301
26952 0.760162601626
27018 0.762195121951
27128 0.764227642276
27136 0.766260162602
27282 0.768292682927
27389 0.770325203252
27399 0.772357723577
27470 0.774390243902
27537 0.776422764228
27568 0.778455284553
28032 0.780487804878
28054 0.782520325203
28065 0.784552845528
28119 0.786585365854
28128 0.788617886179
28191 0.790650406504
28401 0.792682926829
28422 0.794715447154
28462 0.79674796748
28684 0.798780487805
28783 0.80081300813
28864 0.802845528455
28881 0.80487804878
28975 0.806910569106
28996 0.808943089431
29428 0.810975609756
29520 0.813008130081
29656 0.815040650407
29657 0.817073170732
29687 0.819105691057
29754 0.821138211382
30006 0.823170731707
30425 0.825203252033
30433 0.827235772358
30452 0.829268292683
30661 0.831300813008
30751 0.833333333333
30771 0.835365853659
31310 0.837398373984
31406 0.839430894309
31525 0.841463414634
31665 0.843495934959
31752 0.845528455285
31781 0.84756097561
32274 0.849593495935
32313 0.85162601626
32933 0.853658536585
33059 0.855691056911
33174 0.857723577236
33188 0.859756097561
34210 0.861788617886
34269 0.863821138211
34916 0.865853658537
34957 0.867886178862
35089 0.869918699187
35108 0.871951219512
35158 0.873983739837
35569 0.876016260163
35642 0.878048780488
36122 0.880081300813
36788 0.882113821138
36947 0.884146341463
37345 0.886178861789
37409 0.888211382114
38015 0.890243902439
38298 0.892276422764
38834 0.894308943089
39285 0.896341463415
39846 0.89837398374
40483 0.900406504065
40570 0.90243902439
40590 0.904471544715
41627 0.906504065041
42414 0.908536585366
42743 0.910569105691
43384 0.912601626016
46231 0.914634146341
46615 0.916666666667
48399 0.918699186992
49819 0.920731707317
49880 0.922764227642
51847 0.924796747967
52721 0.926829268293
53272 0.928861788618
53308 0.930894308943
59467 0.932926829268
59605 0.934959349593
60562 0.936991869919
60741 0.939024390244
61939 0.941056910569
63375 0.943089430894
65764 0.94512195122
65935 0.947154471545
66296 0.94918699187
66513 0.951219512195
66714 0.95325203252
67464 0.955284552846
67690 0.957317073171
68003 0.959349593496
69412 0.961382113821
71311 0.963414634146
71523 0.965447154472
72025 0.967479674797
73823 0.969512195122
74607 0.971544715447
74740 0.973577235772
78070 0.975609756098
90602 0.977642276423
93657 0.979674796748
98439 0.981707317073
100704 0.983739837398
101140 0.985772357724
104037 0.987804878049
113947 0.989837398374
122059 0.991869918699
133285 0.993902439024
140436 0.99593495935
145851 0.997967479675
452699 1.0
