64 0.00202429149798
800 0.00404858299595
1382 0.00607287449393
1434 0.0080971659919
1461 0.0101214574899
1521 0.0121457489879
1844 0.0141700404858
1845 0.0161943319838
1925 0.0182186234818
2034 0.0202429149798
2131 0.0222672064777
2199 0.0242914979757
2210 0.0263157894737
2240 0.0283400809717
2298 0.0303643724696
2342 0.0323886639676
2367 0.0344129554656
2418 0.0364372469636
2434 0.0384615384615
2579 0.0404858299595
2618 0.0425101214575
2684 0.0445344129555
2736 0.0485829959514
2736 0.0485829959514
2742 0.0506072874494
2758 0.0526315789474
2779 0.0546558704453
2794 0.0566801619433
2799 0.0587044534413
2878 0.0607287449393
2919 0.0627530364372
2946 0.0647773279352
2960 0.0668016194332
2972 0.0688259109312
2999 0.0708502024291
3040 0.0728744939271
3054 0.0748987854251
3066 0.0769230769231
3197 0.0789473684211
3211 0.080971659919
3219 0.082995951417
3229 0.085020242915
3254 0.087044534413
3260 0.0890688259109
3275 0.0910931174089
3299 0.0931174089069
3318 0.0951417004049
3328 0.0971659919028
3336 0.0991902834008
3387 0.101214574899
3388 0.103238866397
3409 0.105263157895
3421 0.107287449393
3425 0.109311740891
3441 0.111336032389
3479 0.113360323887
3485 0.115384615385
3488 0.117408906883
3492 0.119433198381
3499 0.121457489879
3529 0.123481781377
3540 0.125506072874
3549 0.127530364372
3564 0.12955465587
3680 0.131578947368
3681 0.133603238866
3711 0.135627530364
3718 0.137651821862
3749 0.13967611336
3782 0.141700404858
3787 0.143724696356
3836 0.145748987854
3849 0.147773279352
3860 0.14979757085
3878 0.151821862348
3886 0.153846153846
3893 0.155870445344
3898 0.157894736842
3906 0.15991902834
3953 0.161943319838
3962 0.163967611336
3972 0.165991902834
3973 0.168016194332
3994 0.17004048583
4030 0.172064777328
4036 0.174089068826
4065 0.178137651822
4065 0.178137651822
4068 0.18016194332
4071 0.182186234818
4075 0.184210526316
4081 0.186234817814
4082 0.188259109312
4096 0.19028340081
4102 0.192307692308
4103 0.194331983806
4121 0.196356275304
4129 0.198380566802
4134 0.2004048583
4142 0.202429149798
4144 0.204453441296
4167 0.206477732794
4192 0.208502024291
4202 0.210526315789
4212 0.212550607287
4218 0.214574898785
4224 0.216599190283
4226 0.218623481781
4234 0.220647773279
4251 0.222672064777
4257 0.224696356275
4272 0.226720647773
4302 0.228744939271
4308 0.230769230769
4320 0.232793522267
4339 0.234817813765
4341 0.238866396761
4341 0.238866396761
4360 0.240890688259
4370 0.242914979757
4374 0.244939271255
4387 0.246963562753
4388 0.248987854251
4389 0.251012145749
4405 0.253036437247
4406 0.255060728745
4447 0.257085020243
4453 0.259109311741
4482 0.261133603239
4487 0.263157894737
4489 0.265182186235
4499 0.267206477733
4511 0.269230769231
4513 0.271255060729
4518 0.273279352227
4528 0.275303643725
4537 0.277327935223
4556 0.279352226721
4558 0.281376518219
4564 0.283400809717
4568 0.285425101215
4573 0.287449392713
4613 0.291497975709
4613 0.291497975709
4623 0.293522267206
4641 0.295546558704
4669 0.297570850202
4675 0.2995951417
4677 0.303643724696
4677 0.303643724696
4685 0.305668016194
4694 0.307692307692
4717 0.30971659919
4719 0.311740890688
4792 0.313765182186
4833 0.315789473684
4849 0.317813765182
4854 0.31983805668
4877 0.321862348178
4890 0.323886639676
4908 0.325910931174
4912 0.327935222672
4918 0.32995951417
4921 0.331983805668
4928 0.334008097166
4933 0.336032388664
4958 0.338056680162
4969 0.34008097166
4976 0.342105263158
4981 0.344129554656
5000 0.346153846154
5006 0.348178137652
5008 0.35020242915
5015 0.352226720648
5019 0.354251012146
5047 0.356275303644
5050 0.358299595142
5093 0.36032388664
5099 0.362348178138
5110 0.364372469636
5134 0.366396761134
5136 0.368421052632
5152 0.37044534413
5153 0.372469635628
5154 0.374493927126
5202 0.376518218623
5206 0.378542510121
5210 0.380566801619
5226 0.382591093117
5267 0.384615384615
5317 0.386639676113
5342 0.388663967611
5357 0.390688259109
5377 0.392712550607
5384 0.394736842105
5420 0.396761133603
5424 0.398785425101
5429 0.400809716599
5454 0.402834008097
5497 0.404858299595
5509 0.406882591093
5522 0.408906882591
5524 0.412955465587
5524 0.412955465587
5554 0.414979757085
5579 0.417004048583
5582 0.421052631579
5582 0.421052631579
5584 0.423076923077
5591 0.425101214575
5672 0.427125506073
5675 0.429149797571
5683 0.431174089069
5703 0.433198380567
5731 0.435222672065
5744 0.441295546559
5744 0.441295546559
5744 0.441295546559
5752 0.443319838057
5772 0.445344129555
5782 0.447368421053
5803 0.449392712551
5820 0.451417004049
5836 0.453441295547
5837 0.455465587045
5838 0.457489878543
5857 0.45951417004
5898 0.461538461538
5905 0.463562753036
5906 0.465587044534
5914 0.467611336032
5934 0.46963562753
5947 0.471659919028
5955 0.473684210526
5970 0.475708502024
5975 0.477732793522
5985 0.47975708502
6003 0.481781376518
6005 0.483805668016
6016 0.485829959514
6029 0.487854251012
6033 0.48987854251
6053 0.491902834008
6098 0.493927125506
6113 0.495951417004
6121 0.497975708502
6122 0.5
6126 0.502024291498
6132 0.504048582996
6145 0.506072874494
6152 0.51012145749
6152 0.51012145749
6208 0.512145748988
6219 0.514170040486
6300 0.516194331984
6303 0.518218623482
6312 0.52024291498
6354 0.522267206478
6355 0.524291497976
6366 0.526315789474
6390 0.528340080972
6399 0.53036437247
6401 0.532388663968
6415 0.534412955466
6442 0.536437246964
6468 0.538461538462
6481 0.54048582996
6493 0.542510121457
6501 0.544534412955
6552 0.546558704453
6557 0.550607287449
6557 0.550607287449
6559 0.552631578947
6575 0.554655870445
6616 0.556680161943
6660 0.558704453441
6672 0.560728744939
6675 0.562753036437
6678 0.564777327935
6683 0.566801619433
6724 0.570850202429
6724 0.570850202429
6732 0.572874493927
6735 0.574898785425
6755 0.576923076923
6769 0.578947368421
6835 0.580971659919
6839 0.582995951417
6844 0.585020242915
6847 0.587044534413
6855 0.589068825911
6875 0.593117408907
6875 0.593117408907
6928 0.595141700405
6953 0.597165991903
6964 0.599190283401
6981 0.601214574899
7004 0.603238866397
7015 0.607287449393
7015 0.607287449393
7031 0.609311740891
7083 0.611336032389
7090 0.613360323887
7123 0.615384615385
7148 0.617408906883
7172 0.619433198381
7198 0.621457489879
7233 0.623481781377
7240 0.625506072874
7294 0.627530364372
7311 0.62955465587
7322 0.631578947368
7350 0.633603238866
7384 0.635627530364
7417 0.637651821862
7419 0.63967611336
7423 0.641700404858
7431 0.643724696356
7434 0.645748987854
7451 0.647773279352
7466 0.64979757085
7503 0.651821862348
7528 0.653846153846
7590 0.655870445344
7605 0.657894736842
7643 0.65991902834
7651 0.661943319838
7657 0.663967611336
7661 0.665991902834
7675 0.668016194332
7682 0.67004048583
7720 0.672064777328
7723 0.674089068826
7727 0.676113360324
7730 0.678137651822
7737 0.68016194332
7741 0.682186234818
7753 0.684210526316
7779 0.686234817814
7872 0.688259109312
7876 0.69028340081
7933 0.692307692308
7954 0.694331983806
7956 0.696356275304
7967 0.698380566802
7978 0.7004048583
8021 0.702429149798
8052 0.704453441296
8102 0.706477732794
8123 0.708502024291
8162 0.712550607287
8162 0.712550607287
8172 0.714574898785
8176 0.716599190283
8178 0.718623481781
8202 0.720647773279
8224 0.722672064777
8266 0.724696356275
8281 0.726720647773
8305 0.728744939271
8309 0.730769230769
8338 0.732793522267
8366 0.734817813765
8369 0.736842105263
8449 0.738866396761
8456 0.740890688259
8507 0.742914979757
8542 0.744939271255
8543 0.746963562753
8551 0.748987854251
8592 0.751012145749
8599 0.753036437247
8756 0.755060728745
8801 0.757085020243
8816 0.759109311741
8843 0.761133603239
8899 0.763157894737
8952 0.765182186235
9045 0.767206477733
9046 0.769230769231
9180 0.771255060729
9183 0.773279352227
9191 0.775303643725
9234 0.777327935223
9245 0.779352226721
9254 0.781376518219
9284 0.783400809717
9304 0.785425101215
9313 0.787449392713
9402 0.789473684211
9404 0.791497975709
9421 0.793522267206
9425 0.795546558704
9453 0.797570850202
9521 0.7995951417
9529 0.801619433198
9531 0.803643724696
9535 0.805668016194
9560 0.807692307692
9606 0.80971659919
9671 0.811740890688
9700 0.813765182186
9778 0.815789473684
9785 0.817813765182
9840 0.81983805668
9851 0.821862348178
9885 0.823886639676
9899 0.825910931174
9901 0.827935222672
9944 0.82995951417
9945 0.831983805668
9998 0.834008097166
10024 0.836032388664
10038 0.838056680162
10075 0.84008097166
10130 0.842105263158
10230 0.844129554656
10241 0.846153846154
10468 0.848178137652
10511 0.85020242915
10635 0.852226720648
10636 0.854251012146
10660 0.856275303644
10692 0.858299595142
10748 0.86032388664
10753 0.862348178138
10774 0.864372469636
10780 0.866396761134
10818 0.868421052632
10882 0.87044534413
10976 0.872469635628
11018 0.874493927126
11112 0.876518218623
11159 0.878542510121
11269 0.880566801619
11321 0.882591093117
11323 0.884615384615
11329 0.886639676113
11349 0.888663967611
11387 0.890688259109
11392 0.892712550607
11530 0.894736842105
11637 0.896761133603
11707 0.898785425101
11826 0.900809716599
11857 0.902834008097
11869 0.904858299595
11982 0.906882591093
12041 0.908906882591
12047 0.910931174089
12092 0.912955465587
12126 0.914979757085
12149 0.917004048583
12283 0.919028340081
12299 0.921052631579
12554 0.923076923077
12724 0.925101214575
12808 0.927125506073
13030 0.929149797571
13065 0.931174089069
13140 0.933198380567
13181 0.935222672065
13202 0.937246963563
13263 0.939271255061
13397 0.941295546559
13604 0.943319838057
13803 0.945344129555
13993 0.947368421053
14137 0.949392712551
14310 0.951417004049
14418 0.953441295547
14428 0.955465587045
14551 0.957489878543
14600 0.95951417004
14875 0.961538461538
15027 0.963562753036
15066 0.965587044534
15218 0.967611336032
15475 0.96963562753
16374 0.971659919028
16542 0.973684210526
16882 0.975708502024
17271 0.977732793522
17316 0.97975708502
17411 0.981781376518
18536 0.983805668016
18874 0.985829959514
18951 0.987854251012
19300 0.98987854251
29307 0.991902834008
83201 0.993927125506
88183 0.995951417004
123079 0.997975708502
402160 1.0
