61 0.00202429149798
916 0.00404858299595
1491 0.00607287449393
1548 0.0080971659919
1647 0.0101214574899
1757 0.0121457489879
1979 0.0141700404858
2039 0.0161943319838
2187 0.0182186234818
2303 0.0202429149798
2322 0.0222672064777
2352 0.0242914979757
2443 0.0263157894737
2479 0.0283400809717
2562 0.0303643724696
2570 0.0323886639676
2580 0.0344129554656
2622 0.0364372469636
2710 0.0384615384615
2799 0.0404858299595
2828 0.0425101214575
2835 0.0445344129555
2853 0.0465587044534
2892 0.0485829959514
3031 0.0506072874494
3045 0.0526315789474
3060 0.0546558704453
3077 0.0566801619433
3083 0.0607287449393
3083 0.0607287449393
3175 0.0627530364372
3247 0.0647773279352
3252 0.0668016194332
3300 0.0688259109312
3312 0.0708502024291
3317 0.0728744939271
3460 0.0748987854251
3491 0.0769230769231
3553 0.0789473684211
3555 0.080971659919
3564 0.082995951417
3581 0.087044534413
3581 0.087044534413
3584 0.0890688259109
3631 0.0910931174089
3635 0.0931174089069
3645 0.0951417004049
3666 0.0971659919028
3679 0.0991902834008
3689 0.101214574899
3704 0.103238866397
3754 0.105263157895
3764 0.107287449393
3768 0.109311740891
3769 0.111336032389
3774 0.113360323887
3781 0.115384615385
3800 0.117408906883
3826 0.119433198381
3865 0.121457489879
3910 0.123481781377
3913 0.125506072874
3931 0.127530364372
3939 0.12955465587
3991 0.131578947368
4000 0.133603238866
4009 0.135627530364
4024 0.137651821862
4034 0.13967611336
4036 0.141700404858
4157 0.143724696356
4174 0.145748987854
4184 0.147773279352
4202 0.14979757085
4228 0.151821862348
4257 0.153846153846
4258 0.155870445344
4348 0.157894736842
4356 0.15991902834
4401 0.163967611336
4401 0.163967611336
4404 0.165991902834
4406 0.168016194332
4423 0.17004048583
4427 0.172064777328
4467 0.174089068826
4502 0.176113360324
4507 0.178137651822
4511 0.18016194332
4527 0.182186234818
4545 0.184210526316
4559 0.186234817814
4569 0.188259109312
4581 0.19028340081
4583 0.192307692308
4586 0.194331983806
4600 0.196356275304
4602 0.198380566802
4613 0.2004048583
4622 0.202429149798
4625 0.204453441296
4630 0.206477732794
4635 0.208502024291
4646 0.210526315789
4677 0.212550607287
4687 0.214574898785
4692 0.216599190283
4722 0.218623481781
4723 0.220647773279
4742 0.222672064777
4756 0.224696356275
4762 0.226720647773
4764 0.228744939271
4770 0.230769230769
4777 0.232793522267
4786 0.234817813765
4801 0.238866396761
4801 0.238866396761
4804 0.240890688259
4806 0.242914979757
4814 0.244939271255
4815 0.246963562753
4822 0.248987854251
4840 0.251012145749
4845 0.253036437247
4851 0.255060728745
4871 0.259109311741
4871 0.259109311741
4939 0.261133603239
4977 0.263157894737
4987 0.265182186235
4993 0.267206477733
5007 0.269230769231
5048 0.271255060729
5056 0.273279352227
5066 0.275303643725
5071 0.277327935223
5098 0.279352226721
5106 0.281376518219
5112 0.283400809717
5113 0.285425101215
5118 0.287449392713
5123 0.289473684211
5129 0.293522267206
5129 0.293522267206
5137 0.295546558704
5144 0.297570850202
5147 0.2995951417
5154 0.301619433198
5183 0.305668016194
5183 0.305668016194
5193 0.307692307692
5196 0.30971659919
5210 0.311740890688
5217 0.313765182186
5229 0.315789473684
5262 0.317813765182
5265 0.31983805668
5277 0.321862348178
5324 0.323886639676
5328 0.325910931174
5333 0.327935222672
5339 0.32995951417
5401 0.331983805668
5405 0.334008097166
5429 0.336032388664
5438 0.338056680162
5442 0.34008097166
5446 0.342105263158
5452 0.344129554656
5471 0.346153846154
5489 0.348178137652
5491 0.35020242915
5520 0.352226720648
5528 0.354251012146
5557 0.356275303644
5563 0.358299595142
5566 0.36032388664
5578 0.362348178138
5588 0.364372469636
5614 0.366396761134
5621 0.368421052632
5647 0.37044534413
5662 0.372469635628
5682 0.374493927126
5696 0.376518218623
5698 0.378542510121
5702 0.380566801619
5725 0.382591093117
5742 0.384615384615
5746 0.386639676113
5754 0.388663967611
5779 0.390688259109
5789 0.392712550607
5794 0.394736842105
5810 0.398785425101
5810 0.398785425101
5848 0.400809716599
5907 0.402834008097
5915 0.404858299595
5930 0.406882591093
5941 0.408906882591
5995 0.410931174089
5996 0.412955465587
6009 0.414979757085
6026 0.417004048583
6048 0.419028340081
6106 0.421052631579
6144 0.423076923077
6167 0.425101214575
6170 0.427125506073
6189 0.429149797571
6214 0.431174089069
6234 0.437246963563
6234 0.437246963563
6234 0.437246963563
6251 0.439271255061
6295 0.441295546559
6310 0.443319838057
6318 0.445344129555
6320 0.447368421053
6330 0.449392712551
6335 0.451417004049
6355 0.453441295547
6370 0.455465587045
6387 0.457489878543
6426 0.45951417004
6430 0.461538461538
6463 0.463562753036
6508 0.465587044534
6526 0.467611336032
6540 0.46963562753
6544 0.471659919028
6561 0.473684210526
6572 0.475708502024
6576 0.477732793522
6586 0.47975708502
6630 0.481781376518
6657 0.483805668016
6683 0.485829959514
6699 0.487854251012
6721 0.48987854251
6732 0.491902834008
6738 0.493927125506
6744 0.495951417004
6751 0.497975708502
6767 0.5
6779 0.502024291498
6782 0.504048582996
6788 0.506072874494
6843 0.508097165992
6847 0.51012145749
6849 0.512145748988
6893 0.514170040486
6897 0.516194331984
6900 0.518218623482
6918 0.52024291498
6951 0.522267206478
6963 0.524291497976
6979 0.526315789474
6980 0.53036437247
6980 0.53036437247
7002 0.532388663968
7020 0.536437246964
7020 0.536437246964
7052 0.538461538462
7067 0.54048582996
7105 0.542510121457
7110 0.544534412955
7114 0.546558704453
7150 0.548582995951
7167 0.550607287449
7174 0.552631578947
7175 0.554655870445
7176 0.556680161943
7193 0.558704453441
7203 0.560728744939
7234 0.562753036437
7255 0.564777327935
7263 0.566801619433
7310 0.568825910931
7317 0.570850202429
7366 0.572874493927
7367 0.574898785425
7386 0.576923076923
7403 0.578947368421
7425 0.580971659919
7428 0.582995951417
7429 0.585020242915
7461 0.587044534413
7475 0.589068825911
7501 0.591093117409
7564 0.593117408907
7580 0.595141700405
7595 0.597165991903
7602 0.599190283401
7680 0.601214574899
7689 0.603238866397
7694 0.605263157895
7698 0.607287449393
7706 0.609311740891
7713 0.611336032389
7714 0.613360323887
7728 0.615384615385
7733 0.617408906883
7735 0.619433198381
7736 0.621457489879
7753 0.623481781377
7770 0.625506072874
7777 0.627530364372
7779 0.62955465587
7794 0.631578947368
7868 0.633603238866
7875 0.635627530364
7883 0.637651821862
7942 0.63967611336
7951 0.641700404858
7982 0.643724696356
7993 0.645748987854
8088 0.647773279352
8126 0.64979757085
8161 0.651821862348
8171 0.653846153846
8192 0.655870445344
8241 0.657894736842
8246 0.65991902834
8252 0.661943319838
8261 0.663967611336
8292 0.665991902834
8302 0.668016194332
8318 0.67004048583
8543 0.672064777328
8583 0.674089068826
8590 0.676113360324
8610 0.678137651822
8624 0.68016194332
8642 0.682186234818
8655 0.684210526316
8659 0.686234817814
8680 0.688259109312
8713 0.69028340081
8723 0.692307692308
8753 0.694331983806
8791 0.696356275304
8798 0.698380566802
8824 0.7004048583
8878 0.702429149798
8888 0.704453441296
8894 0.706477732794
8923 0.708502024291
8935 0.710526315789
8968 0.712550607287
8977 0.714574898785
8987 0.716599190283
8989 0.718623481781
8990 0.722672064777
8990 0.722672064777
9001 0.724696356275
9011 0.726720647773
9038 0.728744939271
9077 0.730769230769
9080 0.732793522267
9087 0.734817813765
9106 0.736842105263
9107 0.738866396761
9123 0.740890688259
9145 0.742914979757
9183 0.744939271255
9185 0.746963562753
9197 0.748987854251
9213 0.751012145749
9276 0.753036437247
9279 0.755060728745
9304 0.757085020243
9357 0.759109311741
9377 0.761133603239
9568 0.763157894737
9613 0.765182186235
9617 0.767206477733
9635 0.769230769231
9648 0.771255060729
9709 0.773279352227
9765 0.775303643725
9767 0.777327935223
9803 0.779352226721
9808 0.781376518219
9810 0.783400809717
9881 0.785425101215
9905 0.787449392713
9949 0.789473684211
9955 0.791497975709
10035 0.793522267206
10154 0.795546558704
10202 0.797570850202
10286 0.7995951417
10287 0.801619433198
10314 0.803643724696
10334 0.805668016194
10362 0.807692307692
10428 0.80971659919
10441 0.811740890688
10517 0.813765182186
10533 0.815789473684
10641 0.817813765182
10649 0.81983805668
10688 0.821862348178
10726 0.823886639676
10785 0.825910931174
10877 0.827935222672
10937 0.82995951417
10976 0.831983805668
11002 0.834008097166
11029 0.836032388664
11091 0.838056680162
11145 0.84008097166
11151 0.842105263158
11189 0.844129554656
11259 0.846153846154
11264 0.848178137652
11288 0.85020242915
11353 0.852226720648
11358 0.854251012146
11378 0.856275303644
11448 0.858299595142
11492 0.86032388664
11559 0.862348178138
11585 0.864372469636
11634 0.866396761134
11648 0.868421052632
11726 0.87044534413
11735 0.872469635628
11787 0.874493927126
11857 0.876518218623
11913 0.878542510121
12085 0.880566801619
12095 0.882591093117
12257 0.884615384615
12287 0.886639676113
12350 0.888663967611
12389 0.890688259109
12412 0.892712550607
12444 0.894736842105
12498 0.896761133603
12517 0.898785425101
12560 0.900809716599
12602 0.902834008097
12654 0.904858299595
12894 0.906882591093
12958 0.908906882591
13044 0.910931174089
13086 0.912955465587
13118 0.914979757085
13200 0.919028340081
13200 0.919028340081
13319 0.921052631579
13539 0.923076923077
13592 0.925101214575
13612 0.927125506073
14050 0.929149797571
14169 0.931174089069
14188 0.933198380567
14206 0.935222672065
14289 0.937246963563
14332 0.939271255061
14424 0.941295546559
14436 0.943319838057
14565 0.945344129555
14744 0.947368421053
14776 0.949392712551
15173 0.951417004049
15175 0.953441295547
15218 0.955465587045
15455 0.957489878543
15504 0.95951417004
15530 0.961538461538
15766 0.963562753036
16166 0.965587044534
16208 0.967611336032
16741 0.96963562753
17045 0.971659919028
17753 0.973684210526
17877 0.975708502024
17894 0.977732793522
18253 0.97975708502
18914 0.981781376518
19015 0.983805668016
19180 0.985829959514
19800 0.987854251012
21799 0.98987854251
28956 0.991902834008
77224 0.993927125506
120898 0.995951417004
135846 0.997975708502
442595 1.0
