68 0.00202839756592
569 0.00405679513185
850 0.00608519269777
851 0.00811359026369
923 0.0101419878296
926 0.0121703853955
929 0.0141987829615
982 0.0162271805274
1056 0.0182555780933
1071 0.0202839756592
1099 0.0223123732252
1149 0.0243407707911
1170 0.026369168357
1224 0.0283975659229
1242 0.0304259634888
1265 0.0324543610548
1307 0.0344827586207
1339 0.0365111561866
1425 0.0385395537525
1465 0.0405679513185
1501 0.0425963488844
1506 0.0466531440162
1506 0.0466531440162
1513 0.0486815415822
1585 0.0507099391481
1604 0.052738336714
1605 0.0547667342799
1623 0.0567951318458
1638 0.0588235294118
1669 0.0608519269777
1678 0.0628803245436
1692 0.0669371196755
1692 0.0669371196755
1696 0.0689655172414
1724 0.0709939148073
1744 0.0730223123732
1759 0.0750507099391
1769 0.0770791075051
1826 0.079107505071
1827 0.0811359026369
1838 0.0831643002028
1839 0.0851926977688
1847 0.0872210953347
1871 0.0892494929006
1878 0.0912778904665
1998 0.0933062880325
2001 0.0953346855984
2004 0.0973630831643
2037 0.0993914807302
2059 0.101419878296
2063 0.103448275862
2087 0.105476673428
2120 0.107505070994
2131 0.10953346856
2136 0.111561866126
2168 0.113590263692
2186 0.115618661258
2201 0.119675456389
2201 0.119675456389
2207 0.121703853955
2237 0.123732251521
2268 0.125760649087
2281 0.127789046653
2289 0.129817444219
2325 0.131845841785
2366 0.135902636917
2366 0.135902636917
2388 0.137931034483
2412 0.139959432049
2420 0.141987829615
2485 0.146044624746
2485 0.146044624746
2489 0.148073022312
2509 0.150101419878
2513 0.152129817444
2527 0.15415821501
2542 0.156186612576
2604 0.158215010142
2613 0.160243407708
2615 0.162271805274
2684 0.16430020284
2725 0.166328600406
2741 0.168356997972
2742 0.170385395538
2747 0.172413793103
2775 0.174442190669
2785 0.176470588235
2795 0.180527383367
2795 0.180527383367
2810 0.182555780933
2812 0.184584178499
2830 0.186612576065
2836 0.188640973631
2854 0.190669371197
2868 0.192697768763
2881 0.194726166329
2891 0.196754563895
2899 0.19878296146
2911 0.200811359026
2917 0.202839756592
2921 0.204868154158
2926 0.206896551724
2944 0.20892494929
2997 0.210953346856
3007 0.212981744422
3014 0.215010141988
3024 0.217038539554
3026 0.21906693712
3039 0.221095334686
3044 0.223123732252
3053 0.225152129817
3067 0.227180527383
3081 0.229208924949
3089 0.233265720081
3089 0.233265720081
3106 0.235294117647
3108 0.237322515213
3125 0.239350912779
3127 0.241379310345
3136 0.243407707911
3140 0.245436105477
3150 0.247464503043
3155 0.249492900609
3193 0.251521298174
3199 0.25354969574
3211 0.255578093306
3217 0.257606490872
3232 0.259634888438
3235 0.261663286004
3267 0.26369168357
3289 0.265720081136
3303 0.267748478702
3308 0.271805273834
3308 0.271805273834
3330 0.2738336714
3353 0.275862068966
3385 0.277890466531
3412 0.279918864097
3427 0.281947261663
3428 0.283975659229
3430 0.286004056795
3436 0.288032454361
3460 0.290060851927
3461 0.292089249493
3471 0.296146044625
3471 0.296146044625
3477 0.300202839757
3477 0.300202839757
3484 0.302231237323
3489 0.304259634888
3543 0.306288032454
3571 0.30831643002
3576 0.312373225152
3576 0.312373225152
3581 0.314401622718
3625 0.316430020284
3628 0.31845841785
3637 0.320486815416
3646 0.322515212982
3687 0.324543610548
3694 0.326572008114
3706 0.32860040568
3710 0.330628803245
3725 0.332657200811
3733 0.334685598377
3736 0.336713995943
3782 0.338742393509
3784 0.340770791075
3785 0.342799188641
3805 0.344827586207
3845 0.346855983773
3860 0.348884381339
3874 0.350912778905
3883 0.352941176471
3893 0.354969574037
3894 0.356997971602
3926 0.361054766734
3926 0.361054766734
3932 0.3630831643
3948 0.365111561866
4015 0.367139959432
4021 0.369168356998
4025 0.371196754564
4043 0.37322515213
4061 0.375253549696
4103 0.377281947262
4114 0.381338742394
4114 0.381338742394
4136 0.383367139959
4138 0.385395537525
4140 0.387423935091
4148 0.389452332657
4153 0.391480730223
4180 0.393509127789
4184 0.395537525355
4188 0.397565922921
4262 0.399594320487
4263 0.401622718053
4282 0.403651115619
4284 0.405679513185
4319 0.407707910751
4331 0.409736308316
4341 0.411764705882
4359 0.413793103448
4366 0.415821501014
4380 0.41784989858
4390 0.419878296146
4396 0.421906693712
4403 0.423935091278
4407 0.425963488844
4410 0.42799188641
4420 0.430020283976
4424 0.432048681542
4435 0.434077079108
4437 0.436105476673
4462 0.438133874239
4504 0.440162271805
4514 0.442190669371
4530 0.444219066937
4557 0.446247464503
4601 0.448275862069
4611 0.450304259635
4638 0.452332657201
4645 0.454361054767
4661 0.456389452333
4688 0.458417849899
4706 0.460446247465
4722 0.46247464503
4734 0.464503042596
4752 0.466531440162
4793 0.468559837728
4798 0.470588235294
4808 0.47261663286
4853 0.474645030426
4889 0.476673427992
4892 0.478701825558
4909 0.480730223124
4910 0.48275862069
4973 0.484787018256
4977 0.486815415822
4987 0.488843813387
4995 0.490872210953
5011 0.492900608519
5021 0.494929006085
5028 0.496957403651
5030 0.498985801217
5045 0.501014198783
5062 0.503042596349
5079 0.505070993915
5111 0.507099391481
5140 0.509127789047
5143 0.511156186613
5158 0.513184584178
5167 0.515212981744
5177 0.51724137931
5178 0.519269776876
5208 0.523326572008
5208 0.523326572008
5235 0.525354969574
5340 0.52738336714
5347 0.529411764706
5356 0.531440162272
5357 0.533468559838
5447 0.535496957404
5471 0.53752535497
5486 0.539553752535
5494 0.541582150101
5509 0.543610547667
5517 0.545638945233
5554 0.547667342799
5560 0.549695740365
5611 0.551724137931
5623 0.553752535497
5652 0.555780933063
5656 0.557809330629
5658 0.559837728195
5697 0.561866125761
5698 0.563894523327
5710 0.565922920892
5717 0.567951318458
5724 0.569979716024
5725 0.57200811359
5787 0.574036511156
5791 0.576064908722
5794 0.578093306288
5805 0.580121703854
5840 0.58215010142
5880 0.584178498986
6045 0.586206896552
6050 0.588235294118
6055 0.590263691684
6084 0.592292089249
6095 0.594320486815
6098 0.596348884381
6149 0.598377281947
6150 0.600405679513
6186 0.602434077079
6200 0.606490872211
6200 0.606490872211
6201 0.608519269777
6210 0.610547667343
6229 0.612576064909
6248 0.614604462475
6250 0.616632860041
6308 0.618661257606
6313 0.620689655172
6327 0.622718052738
6330 0.624746450304
6367 0.62677484787
6377 0.628803245436
6378 0.632860040568
6378 0.632860040568
6385 0.634888438134
6387 0.6369168357
6401 0.638945233266
6425 0.640973630832
6440 0.643002028398
6454 0.645030425963
6532 0.647058823529
6549 0.649087221095
6562 0.651115618661
6614 0.653144016227
6650 0.655172413793
6667 0.657200811359
6685 0.659229208925
6722 0.661257606491
6749 0.663286004057
6759 0.665314401623
6780 0.667342799189
6796 0.669371196755
6823 0.67139959432
6846 0.673427991886
6851 0.675456389452
6877 0.677484787018
6893 0.679513184584
6911 0.68154158215
6956 0.683569979716
6994 0.685598377282
7010 0.687626774848
7109 0.689655172414
7136 0.69168356998
7243 0.693711967546
7263 0.695740365112
7266 0.697768762677
7271 0.699797160243
7277 0.701825557809
7286 0.703853955375
7289 0.705882352941
7329 0.707910750507
7334 0.709939148073
7348 0.711967545639
7349 0.713995943205
7366 0.716024340771
7372 0.718052738337
7378 0.720081135903
7436 0.722109533469
7450 0.724137931034
7474 0.7261663286
7478 0.728194726166
7515 0.730223123732
7545 0.732251521298
7593 0.734279918864
7595 0.73630831643
7599 0.738336713996
7644 0.740365111562
7651 0.742393509128
7680 0.744421906694
7702 0.74645030426
7707 0.748478701826
7718 0.750507099391
7738 0.752535496957
7786 0.754563894523
7790 0.756592292089
7846 0.758620689655
7880 0.760649087221
7937 0.762677484787
7983 0.764705882353
7986 0.766734279919
8038 0.768762677485
8041 0.770791075051
8048 0.772819472617
8066 0.774847870183
8081 0.776876267748
8120 0.778904665314
8137 0.78093306288
8141 0.782961460446
8163 0.784989858012
8287 0.787018255578
8289 0.789046653144
8371 0.79107505071
8390 0.793103448276
8414 0.795131845842
8418 0.797160243408
8446 0.799188640974
8455 0.80121703854
8481 0.803245436105
8482 0.805273833671
8518 0.807302231237
8534 0.809330628803
8555 0.811359026369
8580 0.813387423935
8595 0.815415821501
8638 0.817444219067
8684 0.819472616633
8718 0.821501014199
8766 0.823529411765
8831 0.825557809331
8842 0.827586206897
8870 0.829614604462
8933 0.831643002028
8934 0.833671399594
8960 0.83569979716
8968 0.837728194726
8985 0.839756592292
9040 0.841784989858
9117 0.843813387424
9130 0.84584178499
9265 0.847870182556
9297 0.849898580122
9345 0.851926977688
9385 0.853955375254
9550 0.855983772819
9784 0.858012170385
9791 0.860040567951
9850 0.862068965517
9958 0.864097363083
10229 0.866125760649
10332 0.868154158215
10416 0.870182555781
10506 0.872210953347
10519 0.874239350913
10604 0.876267748479
10647 0.878296146045
10788 0.880324543611
10822 0.882352941176
10949 0.884381338742
11019 0.886409736308
11134 0.888438133874
11373 0.89046653144
11489 0.892494929006
11644 0.894523326572
11745 0.896551724138
11748 0.898580121704
11795 0.90060851927
12236 0.902636916836
12254 0.904665314402
12296 0.906693711968
12447 0.908722109533
12488 0.910750507099
13196 0.912778904665
13226 0.914807302231
13256 0.916835699797
13276 0.918864097363
13303 0.920892494929
13496 0.922920892495
13679 0.924949290061
14189 0.926977687627
14598 0.929006085193
14712 0.931034482759
15055 0.933062880325
15103 0.93509127789
15127 0.937119675456
15288 0.939148073022
15306 0.941176470588
15343 0.943204868154
15737 0.94523326572
15849 0.947261663286
15935 0.949290060852
16047 0.951318458418
16137 0.953346855984
16303 0.95537525355
16669 0.957403651116
16982 0.959432048682
17319 0.961460446247
17618 0.963488843813
17751 0.965517241379
17755 0.967545638945
17800 0.969574036511
18968 0.971602434077
19972 0.973630831643
20466 0.975659229209
20979 0.977687626775
22005 0.979716024341
23879 0.981744421907
24491 0.983772819473
27347 0.985801217039
31407 0.987829614604
31506 0.98985801217
32358 0.991886409736
72713 0.993914807302
123103 0.995943204868
133210 0.997971602434
409484 1.0
