42 0.00202429149798
619 0.00404858299595
645 0.00607287449393
724 0.0080971659919
748 0.0101214574899
844 0.0121457489879
864 0.0141700404858
933 0.0161943319838
1042 0.0182186234818
1075 0.0202429149798
1165 0.0222672064777
1179 0.0242914979757
1196 0.0263157894737
1345 0.0283400809717
1403 0.0303643724696
1470 0.0323886639676
1471 0.0344129554656
1503 0.0364372469636
1516 0.0384615384615
1537 0.0404858299595
1564 0.0425101214575
1594 0.0445344129555
1599 0.0465587044534
1624 0.0506072874494
1624 0.0506072874494
1683 0.0526315789474
1711 0.0546558704453
1768 0.0566801619433
1780 0.0587044534413
1793 0.0607287449393
1795 0.0627530364372
1853 0.0647773279352
1862 0.0668016194332
1874 0.0688259109312
1910 0.0708502024291
1929 0.0728744939271
1944 0.0748987854251
1949 0.0769230769231
1950 0.0789473684211
1982 0.080971659919
2102 0.082995951417
2127 0.085020242915
2148 0.087044534413
2164 0.0890688259109
2197 0.0910931174089
2244 0.0931174089069
2253 0.0951417004049
2276 0.0971659919028
2340 0.101214574899
2340 0.101214574899
2377 0.103238866397
2413 0.105263157895
2419 0.107287449393
2429 0.109311740891
2442 0.111336032389
2463 0.113360323887
2473 0.117408906883
2473 0.117408906883
2501 0.119433198381
2530 0.121457489879
2553 0.123481781377
2573 0.125506072874
2577 0.127530364372
2582 0.12955465587
2586 0.131578947368
2646 0.133603238866
2666 0.135627530364
2684 0.137651821862
2708 0.13967611336
2727 0.141700404858
2728 0.143724696356
2745 0.145748987854
2746 0.147773279352
2766 0.14979757085
2782 0.151821862348
2800 0.153846153846
2814 0.155870445344
2849 0.157894736842
2909 0.15991902834
2926 0.161943319838
2928 0.163967611336
2981 0.165991902834
2997 0.168016194332
3013 0.17004048583
3053 0.172064777328
3065 0.174089068826
3081 0.176113360324
3085 0.178137651822
3100 0.18016194332
3102 0.182186234818
3104 0.184210526316
3116 0.186234817814
3129 0.188259109312
3131 0.19028340081
3138 0.192307692308
3151 0.194331983806
3154 0.196356275304
3165 0.198380566802
3287 0.2004048583
3295 0.202429149798
3329 0.204453441296
3377 0.206477732794
3388 0.208502024291
3392 0.210526315789
3406 0.212550607287
3422 0.214574898785
3434 0.216599190283
3445 0.218623481781
3518 0.220647773279
3527 0.222672064777
3540 0.224696356275
3561 0.226720647773
3575 0.228744939271
3581 0.230769230769
3594 0.232793522267
3602 0.234817813765
3608 0.236842105263
3618 0.238866396761
3623 0.240890688259
3638 0.242914979757
3668 0.244939271255
3676 0.246963562753
3716 0.248987854251
3727 0.251012145749
3731 0.253036437247
3734 0.255060728745
3766 0.257085020243
3798 0.259109311741
3838 0.263157894737
3838 0.263157894737
3842 0.265182186235
3874 0.267206477733
3910 0.269230769231
3922 0.271255060729
3930 0.273279352227
3941 0.275303643725
3956 0.277327935223
3959 0.279352226721
3985 0.281376518219
4023 0.283400809717
4026 0.285425101215
4032 0.287449392713
4035 0.289473684211
4059 0.291497975709
4078 0.293522267206
4096 0.295546558704
4104 0.297570850202
4120 0.2995951417
4134 0.303643724696
4134 0.303643724696
4137 0.305668016194
4138 0.307692307692
4156 0.30971659919
4232 0.311740890688
4244 0.313765182186
4249 0.315789473684
4268 0.317813765182
4296 0.31983805668
4314 0.321862348178
4367 0.323886639676
4372 0.325910931174
4390 0.327935222672
4402 0.32995951417
4404 0.331983805668
4408 0.334008097166
4432 0.336032388664
4439 0.338056680162
4449 0.34008097166
4469 0.342105263158
4477 0.344129554656
4499 0.346153846154
4525 0.348178137652
4541 0.35020242915
4545 0.352226720648
4552 0.354251012146
4556 0.356275303644
4582 0.358299595142
4621 0.36032388664
4630 0.362348178138
4673 0.364372469636
4694 0.366396761134
4749 0.368421052632
4784 0.37044534413
4803 0.372469635628
4807 0.374493927126
4879 0.376518218623
4886 0.378542510121
4906 0.380566801619
4915 0.382591093117
4919 0.384615384615
4938 0.386639676113
4993 0.388663967611
5023 0.390688259109
5036 0.392712550607
5042 0.394736842105
5055 0.396761133603
5095 0.398785425101
5099 0.400809716599
5150 0.402834008097
5178 0.404858299595
5180 0.406882591093
5186 0.408906882591
5222 0.410931174089
5280 0.412955465587
5283 0.414979757085
5301 0.417004048583
5327 0.419028340081
5350 0.423076923077
5350 0.423076923077
5353 0.425101214575
5379 0.427125506073
5435 0.429149797571
5467 0.431174089069
5515 0.433198380567
5523 0.435222672065
5535 0.437246963563
5549 0.439271255061
5558 0.443319838057
5558 0.443319838057
5579 0.445344129555
5652 0.447368421053
5660 0.449392712551
5661 0.451417004049
5674 0.453441295547
5679 0.455465587045
5684 0.457489878543
5689 0.45951417004
5694 0.461538461538
5726 0.463562753036
5761 0.465587044534
5789 0.467611336032
5895 0.46963562753
5904 0.471659919028
5931 0.473684210526
5961 0.475708502024
5985 0.477732793522
5986 0.47975708502
5995 0.481781376518
6082 0.483805668016
6086 0.485829959514
6109 0.487854251012
6117 0.48987854251
6130 0.491902834008
6140 0.493927125506
6146 0.495951417004
6162 0.497975708502
6179 0.5
6181 0.502024291498
6198 0.504048582996
6227 0.506072874494
6229 0.508097165992
6233 0.51012145749
6237 0.512145748988
6262 0.514170040486
6269 0.516194331984
6333 0.518218623482
6369 0.52024291498
6381 0.522267206478
6415 0.524291497976
6420 0.526315789474
6448 0.528340080972
6459 0.53036437247
6518 0.532388663968
6525 0.534412955466
6571 0.536437246964
6592 0.538461538462
6633 0.54048582996
6671 0.542510121457
6725 0.544534412955
6745 0.546558704453
6755 0.548582995951
6763 0.550607287449
6782 0.552631578947
6788 0.554655870445
6805 0.556680161943
6810 0.558704453441
6833 0.560728744939
6834 0.562753036437
6838 0.564777327935
6843 0.568825910931
6843 0.568825910931
6854 0.570850202429
6904 0.572874493927
6933 0.574898785425
6935 0.576923076923
6959 0.578947368421
7010 0.580971659919
7081 0.582995951417
7105 0.585020242915
7146 0.587044534413
7171 0.589068825911
7237 0.591093117409
7245 0.593117408907
7257 0.595141700405
7268 0.597165991903
7297 0.599190283401
7355 0.601214574899
7362 0.603238866397
7437 0.605263157895
7474 0.607287449393
7494 0.609311740891
7511 0.611336032389
7513 0.613360323887
7552 0.615384615385
7581 0.617408906883
7598 0.619433198381
7608 0.621457489879
7622 0.623481781377
7636 0.625506072874
7668 0.627530364372
7714 0.62955465587
7726 0.631578947368
7751 0.633603238866
7783 0.635627530364
7822 0.637651821862
7827 0.63967611336
7842 0.641700404858
7852 0.643724696356
7876 0.645748987854
7905 0.647773279352
7914 0.64979757085
7927 0.651821862348
7965 0.653846153846
7972 0.655870445344
7977 0.657894736842
8001 0.65991902834
8032 0.661943319838
8040 0.663967611336
8044 0.665991902834
8085 0.668016194332
8122 0.67004048583
8178 0.672064777328
8202 0.674089068826
8226 0.676113360324
8238 0.678137651822
8241 0.68016194332
8258 0.682186234818
8346 0.684210526316
8349 0.686234817814
8350 0.688259109312
8377 0.69028340081
8383 0.692307692308
8424 0.694331983806
8444 0.696356275304
8512 0.698380566802
8513 0.7004048583
8537 0.702429149798
8566 0.704453441296
8576 0.706477732794
8577 0.708502024291
8630 0.710526315789
8650 0.712550607287
8664 0.714574898785
8739 0.716599190283
8769 0.718623481781
8829 0.720647773279
8867 0.722672064777
8898 0.724696356275
8937 0.726720647773
8954 0.728744939271
9041 0.730769230769
9144 0.732793522267
9151 0.734817813765
9194 0.736842105263
9195 0.738866396761
9210 0.740890688259
9234 0.742914979757
9267 0.744939271255
9294 0.746963562753
9316 0.748987854251
9349 0.751012145749
9356 0.753036437247
9378 0.755060728745
9416 0.757085020243
9417 0.759109311741
9486 0.761133603239
9505 0.763157894737
9530 0.765182186235
9596 0.767206477733
9616 0.769230769231
9618 0.771255060729
9639 0.773279352227
9678 0.775303643725
9796 0.777327935223
9861 0.779352226721
9877 0.781376518219
9908 0.783400809717
9937 0.785425101215
9991 0.787449392713
9998 0.789473684211
10055 0.791497975709
10119 0.793522267206
10181 0.795546558704
10257 0.797570850202
10280 0.7995951417
10328 0.801619433198
10397 0.803643724696
10400 0.805668016194
10407 0.807692307692
10414 0.80971659919
10499 0.811740890688
10614 0.813765182186
10678 0.815789473684
10869 0.817813765182
10950 0.81983805668
10957 0.821862348178
11125 0.823886639676
11158 0.825910931174
11175 0.827935222672
11230 0.82995951417
11422 0.831983805668
11436 0.834008097166
11599 0.836032388664
11696 0.838056680162
11799 0.84008097166
11831 0.842105263158
11903 0.844129554656
12130 0.846153846154
12216 0.848178137652
12233 0.85020242915
12373 0.852226720648
12582 0.854251012146
12659 0.856275303644
12821 0.858299595142
12823 0.86032388664
12827 0.862348178138
12983 0.864372469636
13007 0.866396761134
13028 0.868421052632
13046 0.87044534413
13158 0.872469635628
13186 0.874493927126
13228 0.876518218623
13336 0.878542510121
13394 0.880566801619
13451 0.882591093117
13471 0.884615384615
13670 0.886639676113
14107 0.888663967611
14114 0.890688259109
14208 0.892712550607
14216 0.894736842105
14219 0.896761133603
14338 0.898785425101
14457 0.900809716599
14692 0.902834008097
15511 0.904858299595
15600 0.906882591093
15689 0.908906882591
15840 0.910931174089
16684 0.912955465587
16867 0.914979757085
17436 0.917004048583
17557 0.919028340081
17682 0.921052631579
18099 0.923076923077
18487 0.925101214575
18618 0.927125506073
19155 0.929149797571
20229 0.931174089069
20715 0.933198380567
20997 0.935222672065
21397 0.937246963563
22309 0.939271255061
22571 0.941295546559
22835 0.943319838057
23226 0.945344129555
23240 0.947368421053
23249 0.949392712551
23406 0.951417004049
23515 0.953441295547
23837 0.955465587045
24202 0.957489878543
24919 0.95951417004
25562 0.961538461538
25944 0.963562753036
26506 0.965587044534
26541 0.967611336032
27581 0.96963562753
29438 0.971659919028
31841 0.973684210526
33069 0.975708502024
33260 0.977732793522
34681 0.97975708502
34899 0.981781376518
37578 0.983805668016
41787 0.985829959514
49757 0.987854251012
52189 0.98987854251
60351 0.991902834008
64514 0.993927125506
84215 0.995951417004
126450 0.997975708502
423252 1.0
