95 0.00204498977505
573 0.0040899795501
1410 0.00613496932515
1463 0.0081799591002
1609 0.0102249488753
1831 0.0122699386503
2237 0.0143149284254
2305 0.0163599182004
2340 0.0184049079755
2734 0.0204498977505
2880 0.0224948875256
2962 0.0245398773006
3580 0.0265848670757
3616 0.0286298568507
3730 0.0306748466258
3939 0.0327198364008
4004 0.0347648261759
4170 0.0368098159509
4189 0.038854805726
4364 0.040899795501
4440 0.0429447852761
4584 0.0449897750511
4935 0.0470347648262
4982 0.0490797546012
5245 0.0511247443763
5984 0.0531697341513
6080 0.0552147239264
6232 0.0572597137014
6501 0.0593047034765
6792 0.0613496932515
7050 0.0633946830266
7089 0.0654396728016
7281 0.0674846625767
7648 0.0695296523517
7719 0.0715746421268
7723 0.0736196319018
7743 0.0756646216769
7825 0.0777096114519
7884 0.079754601227
8360 0.081799591002
8784 0.0838445807771
8790 0.0858895705521
9048 0.0879345603272
9077 0.0899795501022
9943 0.0920245398773
10093 0.0940695296524
10209 0.0961145194274
10320 0.0981595092025
10332 0.100204498978
10647 0.102249488753
10706 0.104294478528
10764 0.106339468303
11044 0.108384458078
11273 0.110429447853
11578 0.112474437628
11723 0.114519427403
11780 0.116564417178
11857 0.118609406953
11864 0.120654396728
12637 0.122699386503
12716 0.124744376278
12817 0.126789366053
13306 0.128834355828
13408 0.130879345603
13574 0.132924335378
13580 0.134969325153
13680 0.137014314928
13751 0.139059304703
14127 0.141104294479
14230 0.143149284254
14352 0.145194274029
14475 0.147239263804
14609 0.149284253579
14664 0.151329243354
14848 0.153374233129
14854 0.155419222904
14998 0.157464212679
15159 0.159509202454
15368 0.161554192229
15471 0.163599182004
15660 0.165644171779
15667 0.167689161554
15674 0.169734151329
15756 0.171779141104
15774 0.173824130879
15816 0.175869120654
15845 0.177914110429
16036 0.179959100204
16116 0.18200408998
16171 0.184049079755
16440 0.18609406953
16595 0.188139059305
16734 0.19018404908
16761 0.192229038855
17232 0.19427402863
17289 0.196319018405
17556 0.19836400818
17606 0.200408997955
17779 0.20245398773
17816 0.204498977505
17905 0.20654396728
17925 0.208588957055
17948 0.21063394683
18179 0.212678936605
18284 0.21472392638
18464 0.216768916155
18583 0.21881390593
18920 0.220858895706
18957 0.222903885481
19055 0.224948875256
19063 0.226993865031
19142 0.229038854806
19252 0.231083844581
19402 0.233128834356
19440 0.235173824131
19557 0.237218813906
19814 0.239263803681
19939 0.241308793456
20125 0.243353783231
20127 0.245398773006
20167 0.247443762781
20307 0.249488752556
20584 0.251533742331
20588 0.253578732106
20939 0.255623721881
20969 0.257668711656
21126 0.259713701431
21160 0.261758691207
21622 0.263803680982
21811 0.265848670757
21864 0.267893660532
22157 0.269938650307
22347 0.271983640082
22436 0.274028629857
22533 0.276073619632
22685 0.278118609407
22690 0.280163599182
22810 0.282208588957
22854 0.284253578732
23011 0.286298568507
23013 0.288343558282
23155 0.290388548057
23282 0.292433537832
23782 0.294478527607
23799 0.296523517382
23844 0.298568507157
24054 0.300613496933
24181 0.302658486708
24200 0.304703476483
24439 0.306748466258
24505 0.308793456033
24511 0.310838445808
24627 0.312883435583
24720 0.314928425358
24862 0.316973415133
24900 0.319018404908
25107 0.321063394683
25388 0.323108384458
25619 0.325153374233
25696 0.327198364008
25788 0.329243353783
25943 0.331288343558
26130 0.333333333333
26444 0.335378323108
26463 0.337423312883
26539 0.339468302658
26542 0.341513292434
26883 0.343558282209
27090 0.345603271984
27105 0.347648261759
27330 0.349693251534
27715 0.351738241309
27717 0.353783231084
27878 0.355828220859
27980 0.357873210634
28021 0.359918200409
28032 0.361963190184
28110 0.364008179959
28216 0.366053169734
28381 0.368098159509
28588 0.370143149284
28709 0.372188139059
28726 0.374233128834
29066 0.376278118609
29210 0.378323108384
29373 0.38036809816
29423 0.382413087935
29457 0.38445807771
29522 0.386503067485
29526 0.38854805726
29664 0.390593047035
29792 0.39263803681
30491 0.394683026585
30520 0.39672801636
30556 0.398773006135
30937 0.40081799591
31286 0.402862985685
31609 0.40490797546
31856 0.406952965235
32036 0.40899795501
32041 0.41308793456
32041 0.41308793456
32116 0.415132924335
32209 0.41717791411
32284 0.419222903885
32418 0.421267893661
32430 0.423312883436
32431 0.425357873211
32492 0.427402862986
32938 0.429447852761
32977 0.431492842536
33089 0.433537832311
33458 0.435582822086
33614 0.437627811861
33640 0.439672801636
33823 0.441717791411
33877 0.443762781186
34261 0.445807770961
34528 0.447852760736
34589 0.449897750511
34619 0.451942740286
34833 0.453987730061
34839 0.456032719836
34959 0.458077709611
35150 0.460122699387
35274 0.462167689162
35282 0.464212678937
35503 0.466257668712
35964 0.468302658487
36071 0.470347648262
36382 0.472392638037
36768 0.474437627812
37006 0.476482617587
37156 0.478527607362
37307 0.480572597137
37464 0.482617586912
37723 0.484662576687
37845 0.486707566462
37937 0.488752556237
38029 0.490797546012
38069 0.492842535787
38208 0.494887525562
38373 0.496932515337
38419 0.498977505112
38602 0.501022494888
38640 0.503067484663
39016 0.505112474438
39157 0.507157464213
39181 0.509202453988
39226 0.511247443763
39290 0.513292433538
39428 0.515337423313
39466 0.517382413088
39493 0.519427402863
39555 0.521472392638
40411 0.523517382413
40459 0.525562372188
40658 0.527607361963
40677 0.529652351738
41098 0.531697341513
41103 0.533742331288
41208 0.535787321063
41307 0.537832310838
41579 0.539877300613
41583 0.541922290389
41795 0.543967280164
42402 0.546012269939
42558 0.548057259714
42729 0.550102249489
42871 0.552147239264
43045 0.554192229039
43099 0.556237218814
43159 0.558282208589
43191 0.560327198364
43653 0.562372188139
43706 0.564417177914
43847 0.566462167689
43945 0.568507157464
44124 0.570552147239
44286 0.572597137014
44383 0.574642126789
44580 0.576687116564
44637 0.578732106339
45051 0.580777096115
45074 0.58282208589
45246 0.584867075665
45870 0.58691206544
45999 0.588957055215
46190 0.59100204499
46301 0.593047034765
46458 0.59509202454
46514 0.597137014315
46765 0.59918200409
47200 0.601226993865
47208 0.60327198364
47244 0.605316973415
47576 0.60736196319
47727 0.609406952965
47848 0.61145194274
48120 0.613496932515
48222 0.61554192229
48235 0.617586912065
48382 0.61963190184
48416 0.621676891616
48480 0.623721881391
48662 0.625766871166
48830 0.627811860941
49162 0.629856850716
49355 0.631901840491
49934 0.633946830266
50157 0.635991820041
50207 0.638036809816
50392 0.640081799591
50531 0.642126789366
50549 0.644171779141
50611 0.646216768916
50991 0.648261758691
51118 0.650306748466
51492 0.652351738241
51528 0.654396728016
51621 0.656441717791
51654 0.658486707566
52212 0.660531697342
52369 0.662576687117
52753 0.664621676892
53621 0.666666666667
53644 0.668711656442
53962 0.670756646217
54116 0.672801635992
54341 0.674846625767
54436 0.676891615542
54717 0.678936605317
54785 0.680981595092
54841 0.683026584867
55173 0.685071574642
55191 0.687116564417
55192 0.689161554192
55326 0.691206543967
55432 0.693251533742
56058 0.695296523517
56754 0.697341513292
57096 0.699386503067
57201 0.701431492843
57982 0.703476482618
58040 0.705521472393
58341 0.707566462168
59184 0.709611451943
59382 0.711656441718
60025 0.713701431493
60284 0.715746421268
60847 0.717791411043
61012 0.719836400818
61083 0.721881390593
61283 0.723926380368
61436 0.725971370143
61508 0.728016359918
61764 0.730061349693
61911 0.732106339468
61953 0.734151329243
61982 0.736196319018
62160 0.738241308793
62515 0.740286298569
62557 0.742331288344
62687 0.744376278119
62754 0.746421267894
62860 0.748466257669
63335 0.750511247444
63534 0.752556237219
63905 0.754601226994
64164 0.756646216769
64628 0.758691206544
65180 0.760736196319
65379 0.762781186094
65578 0.764826175869
65626 0.766871165644
65807 0.768916155419
65915 0.770961145194
66208 0.773006134969
66356 0.775051124744
66370 0.777096114519
66449 0.779141104294
66640 0.78118609407
67307 0.783231083845
67726 0.78527607362
68199 0.787321063395
68682 0.78936605317
68728 0.791411042945
68908 0.79345603272
69213 0.795501022495
69666 0.79754601227
69990 0.799591002045
71434 0.80163599182
71658 0.803680981595
71815 0.80572597137
72969 0.807770961145
73220 0.80981595092
74114 0.811860940695
74183 0.81390593047
74235 0.815950920245
74243 0.81799591002
74454 0.820040899796
75061 0.822085889571
75398 0.824130879346
75648 0.826175869121
77413 0.828220858896
77751 0.830265848671
77786 0.832310838446
78079 0.834355828221
78421 0.836400817996
78812 0.838445807771
79508 0.840490797546
79658 0.842535787321
80963 0.844580777096
81133 0.846625766871
81585 0.848670756646
81611 0.850715746421
82959 0.852760736196
83419 0.854805725971
83918 0.856850715746
84031 0.858895705521
84431 0.860940695297
85223 0.862985685072
86380 0.865030674847
86479 0.867075664622
86982 0.869120654397
87883 0.871165644172
88037 0.873210633947
89314 0.875255623722
90118 0.877300613497
93181 0.879345603272
94060 0.881390593047
94188 0.883435582822
94699 0.885480572597
95766 0.887525562372
96036 0.889570552147
96164 0.891615541922
97073 0.893660531697
99438 0.895705521472
102931 0.897750511247
104367 0.899795501022
105654 0.901840490798
105782 0.903885480573
107556 0.905930470348
114383 0.907975460123
114667 0.910020449898
116751 0.912065439673
116922 0.914110429448
117746 0.916155419223
117947 0.918200408998
120737 0.920245398773
127271 0.922290388548
133739 0.924335378323
134964 0.926380368098
135274 0.928425357873
140543 0.930470347648
145491 0.932515337423
145643 0.934560327198
157101 0.936605316973
159393 0.938650306748
166898 0.940695296524
167823 0.942740286299
169936 0.944785276074
171904 0.946830265849
173053 0.948875255624
179687 0.950920245399
179706 0.952965235174
180012 0.955010224949
190103 0.957055214724
193784 0.959100204499
197828 0.961145194274
198386 0.963190184049
199370 0.965235173824
203554 0.967280163599
209264 0.969325153374
210139 0.971370143149
210327 0.973415132924
215729 0.975460122699
234658 0.977505112474
251206 0.979550102249
256658 0.981595092025
257766 0.9836400818
271357 0.985685071575
277360 0.98773006135
283623 0.989775051125
306371 0.9918200409
361023 0.993865030675
376667 0.99591002045
450342 0.997955010225
478611 1.0
