64 0.0020325203252
926 0.00406504065041
935 0.00609756097561
1069 0.00813008130081
1091 0.010162601626
1108 0.0121951219512
1126 0.0142276422764
1200 0.0162601626016
1224 0.0182926829268
1244 0.020325203252
1264 0.0223577235772
1412 0.0243902439024
1425 0.0264227642276
1464 0.0284552845528
1548 0.030487804878
1562 0.0325203252033
1616 0.0345528455285
1633 0.0365853658537
1657 0.0386178861789
1675 0.0406504065041
1680 0.0426829268293
1689 0.0447154471545
1721 0.0467479674797
1724 0.0487804878049
1751 0.0508130081301
1753 0.0528455284553
1770 0.0548780487805
1772 0.0569105691057
1775 0.0589430894309
1786 0.0609756097561
1811 0.0650406504065
1811 0.0650406504065
1823 0.0670731707317
1825 0.0691056910569
1846 0.0711382113821
1861 0.0731707317073
1867 0.0752032520325
1881 0.0772357723577
1948 0.0792682926829
1982 0.0813008130081
1986 0.0833333333333
1990 0.0853658536585
1995 0.0873983739837
2009 0.0894308943089
2014 0.0914634146341
2017 0.0934959349593
2035 0.0955284552846
2046 0.0975609756098
2081 0.099593495935
2109 0.10162601626
2114 0.103658536585
2129 0.105691056911
2140 0.107723577236
2170 0.109756097561
2172 0.111788617886
2178 0.113821138211
2188 0.115853658537
2192 0.117886178862
2196 0.119918699187
2205 0.121951219512
2221 0.123983739837
2247 0.126016260163
2257 0.130081300813
2257 0.130081300813
2292 0.132113821138
2304 0.134146341463
2322 0.136178861789
2335 0.138211382114
2346 0.140243902439
2355 0.142276422764
2366 0.144308943089
2417 0.146341463415
2421 0.14837398374
2440 0.150406504065
2447 0.15243902439
2450 0.154471544715
2460 0.156504065041
2467 0.158536585366
2476 0.160569105691
2477 0.162601626016
2481 0.164634146341
2494 0.166666666667
2506 0.168699186992
2516 0.170731707317
2518 0.172764227642
2526 0.174796747967
2529 0.176829268293
2534 0.178861788618
2536 0.180894308943
2564 0.182926829268
2567 0.184959349593
2569 0.186991869919
2572 0.189024390244
2586 0.191056910569
2595 0.193089430894
2599 0.19512195122
2614 0.197154471545
2668 0.201219512195
2668 0.201219512195
2669 0.205284552846
2669 0.205284552846
2688 0.207317073171
2690 0.209349593496
2706 0.213414634146
2706 0.213414634146
2711 0.215447154472
2713 0.217479674797
2717 0.219512195122
2719 0.221544715447
2722 0.223577235772
2745 0.225609756098
2756 0.227642276423
2758 0.229674796748
2763 0.231707317073
2777 0.233739837398
2808 0.235772357724
2830 0.237804878049
2839 0.239837398374
2840 0.241869918699
2851 0.243902439024
2852 0.24593495935
2865 0.247967479675
2888 0.25
2905 0.252032520325
2936 0.25406504065
2964 0.256097560976
2971 0.258130081301
3005 0.260162601626
3007 0.262195121951
3009 0.264227642276
3012 0.266260162602
3017 0.268292682927
3027 0.272357723577
3027 0.272357723577
3049 0.274390243902
3052 0.278455284553
3052 0.278455284553
3056 0.282520325203
3056 0.282520325203
3062 0.284552845528
3067 0.286585365854
3076 0.288617886179
3079 0.290650406504
3083 0.292682926829
3104 0.294715447154
3120 0.29674796748
3124 0.298780487805
3133 0.30081300813
3160 0.30487804878
3160 0.30487804878
3172 0.306910569106
3178 0.308943089431
3182 0.310975609756
3184 0.313008130081
3198 0.315040650407
3214 0.317073170732
3216 0.319105691057
3218 0.321138211382
3219 0.323170731707
3232 0.325203252033
3235 0.327235772358
3240 0.329268292683
3273 0.331300813008
3284 0.333333333333
3291 0.335365853659
3303 0.337398373984
3313 0.339430894309
3326 0.341463414634
3335 0.343495934959
3348 0.345528455285
3353 0.34756097561
3355 0.349593495935
3358 0.35162601626
3364 0.353658536585
3368 0.355691056911
3397 0.357723577236
3424 0.359756097561
3431 0.361788617886
3456 0.363821138211
3464 0.365853658537
3473 0.367886178862
3488 0.369918699187
3519 0.371951219512
3534 0.373983739837
3550 0.376016260163
3569 0.378048780488
3579 0.380081300813
3594 0.382113821138
3607 0.384146341463
3630 0.386178861789
3638 0.388211382114
3655 0.390243902439
3660 0.392276422764
3666 0.394308943089
3673 0.396341463415
3682 0.39837398374
3697 0.400406504065
3701 0.40243902439
3706 0.404471544715
3727 0.406504065041
3737 0.408536585366
3748 0.410569105691
3750 0.412601626016
3785 0.414634146341
3807 0.416666666667
3824 0.418699186992
3825 0.420731707317
3837 0.422764227642
3842 0.424796747967
3849 0.426829268293
3892 0.428861788618
3896 0.430894308943
3915 0.432926829268
3935 0.434959349593
3956 0.436991869919
3972 0.439024390244
3977 0.441056910569
3983 0.443089430894
3999 0.44512195122
4025 0.447154471545
4027 0.44918699187
4028 0.451219512195
4033 0.45325203252
4042 0.455284552846
4046 0.457317073171
4087 0.459349593496
4096 0.461382113821
4118 0.463414634146
4157 0.465447154472
4170 0.467479674797
4181 0.469512195122
4199 0.471544715447
4201 0.473577235772
4207 0.475609756098
4246 0.477642276423
4252 0.479674796748
4264 0.481707317073
4278 0.483739837398
4281 0.485772357724
4286 0.487804878049
4290 0.489837398374
4299 0.491869918699
4303 0.493902439024
4332 0.49593495935
4342 0.497967479675
4348 0.5
4356 0.502032520325
4391 0.50406504065
4422 0.506097560976
4424 0.508130081301
4428 0.510162601626
4429 0.512195121951
4431 0.514227642276
4432 0.516260162602
4433 0.518292682927
4441 0.520325203252
4442 0.522357723577
4487 0.524390243902
4489 0.526422764228
4513 0.528455284553
4585 0.530487804878
4623 0.532520325203
4627 0.534552845528
4629 0.536585365854
4642 0.538617886179
4644 0.540650406504
4653 0.542682926829
4656 0.544715447154
4671 0.54674796748
4720 0.548780487805
4724 0.55081300813
4726 0.55487804878
4726 0.55487804878
4734 0.556910569106
4745 0.558943089431
4757 0.560975609756
4759 0.563008130081
4774 0.567073170732
4774 0.567073170732
4795 0.569105691057
4796 0.571138211382
4818 0.573170731707
4821 0.575203252033
4849 0.577235772358
4856 0.579268292683
4863 0.581300813008
4912 0.583333333333
4925 0.585365853659
4941 0.587398373984
4944 0.589430894309
4949 0.591463414634
5002 0.593495934959
5006 0.595528455285
5010 0.59756097561
5012 0.599593495935
5030 0.60162601626
5043 0.605691056911
5043 0.605691056911
5045 0.607723577236
5048 0.609756097561
5059 0.611788617886
5073 0.613821138211
5079 0.615853658537
5081 0.617886178862
5099 0.619918699187
5117 0.621951219512
5148 0.623983739837
5160 0.626016260163
5166 0.628048780488
5236 0.630081300813
5242 0.632113821138
5243 0.634146341463
5279 0.636178861789
5281 0.638211382114
5298 0.642276422764
5298 0.642276422764
5352 0.644308943089
5405 0.646341463415
5442 0.64837398374
5451 0.650406504065
5455 0.65243902439
5470 0.654471544715
5501 0.656504065041
5542 0.658536585366
5551 0.660569105691
5589 0.662601626016
5592 0.664634146341
5594 0.666666666667
5596 0.668699186992
5646 0.672764227642
5646 0.672764227642
5656 0.674796747967
5674 0.676829268293
5715 0.678861788618
5760 0.680894308943
5780 0.682926829268
5783 0.684959349593
5796 0.686991869919
5798 0.689024390244
5811 0.691056910569
5882 0.693089430894
5919 0.69512195122
5924 0.697154471545
5930 0.69918699187
5952 0.701219512195
5955 0.70325203252
5967 0.705284552846
5985 0.707317073171
6068 0.709349593496
6078 0.711382113821
6084 0.715447154472
6084 0.715447154472
6096 0.717479674797
6104 0.719512195122
6121 0.721544715447
6128 0.723577235772
6190 0.725609756098
6193 0.727642276423
6247 0.729674796748
6264 0.731707317073
6302 0.733739837398
6354 0.735772357724
6357 0.737804878049
6370 0.739837398374
6400 0.741869918699
6401 0.743902439024
6440 0.74593495935
6485 0.747967479675
6492 0.75
6595 0.752032520325
6599 0.75406504065
6644 0.756097560976
6652 0.758130081301
6656 0.760162601626
6673 0.762195121951
6689 0.764227642276
6705 0.766260162602
6710 0.768292682927
6764 0.770325203252
6787 0.772357723577
6832 0.774390243902
6875 0.776422764228
6880 0.778455284553
6913 0.780487804878
6922 0.782520325203
6923 0.784552845528
6927 0.786585365854
7074 0.788617886179
7092 0.790650406504
7098 0.792682926829
7110 0.794715447154
7151 0.79674796748
7176 0.798780487805
7181 0.80081300813
7183 0.802845528455
7320 0.80487804878
7335 0.806910569106
7406 0.808943089431
7478 0.810975609756
7486 0.813008130081
7578 0.815040650407
7581 0.817073170732
7663 0.819105691057
7691 0.821138211382
7729 0.823170731707
7733 0.825203252033
7736 0.827235772358
7749 0.829268292683
7809 0.831300813008
7880 0.833333333333
7906 0.835365853659
7907 0.837398373984
7997 0.839430894309
8042 0.841463414634
8091 0.843495934959
8100 0.845528455285
8140 0.84756097561
8187 0.85162601626
8187 0.85162601626
8196 0.853658536585
8215 0.855691056911
8236 0.857723577236
8282 0.859756097561
8324 0.861788617886
8351 0.863821138211
8474 0.865853658537
8522 0.867886178862
8541 0.869918699187
8712 0.871951219512
8763 0.873983739837
8780 0.876016260163
8782 0.878048780488
8787 0.880081300813
8924 0.882113821138
8988 0.884146341463
9170 0.886178861789
9198 0.888211382114
9215 0.890243902439
9287 0.892276422764
9338 0.894308943089
9383 0.896341463415
9443 0.89837398374
9446 0.900406504065
9492 0.90243902439
9755 0.904471544715
9846 0.906504065041
9855 0.908536585366
9879 0.910569105691
9920 0.912601626016
9928 0.914634146341
9936 0.916666666667
9998 0.918699186992
10021 0.920731707317
10056 0.922764227642
10148 0.924796747967
10175 0.926829268293
10210 0.928861788618
10211 0.930894308943
10284 0.932926829268
10431 0.934959349593
10585 0.936991869919
10599 0.939024390244
10804 0.941056910569
10810 0.943089430894
10823 0.94512195122
11004 0.947154471545
11069 0.94918699187
11107 0.951219512195
11206 0.95325203252
11225 0.955284552846
11232 0.957317073171
11235 0.959349593496
11283 0.961382113821
11331 0.963414634146
11411 0.965447154472
11596 0.967479674797
12409 0.969512195122
12571 0.971544715447
13099 0.973577235772
13131 0.975609756098
14132 0.977642276423
15450 0.979674796748
15566 0.981707317073
15858 0.983739837398
15932 0.985772357724
16621 0.987804878049
29217 0.989837398374
52917 0.991869918699
96516 0.993902439024
115781 0.99593495935
119000 0.997967479675
415986 1.0
