75 0.00202839756592
1206 0.00405679513185
1239 0.00608519269777
1292 0.00811359026369
1337 0.0101419878296
1636 0.0121703853955
1655 0.0141987829615
1736 0.0162271805274
1883 0.0202839756592
1883 0.0202839756592
1954 0.0223123732252
2047 0.0243407707911
2054 0.026369168357
2186 0.0283975659229
2207 0.0304259634888
2267 0.0324543610548
2316 0.0344827586207
2327 0.0365111561866
2358 0.0385395537525
2371 0.0405679513185
2409 0.0425963488844
2417 0.0446247464503
2423 0.0466531440162
2442 0.0486815415822
2448 0.0507099391481
2510 0.052738336714
2564 0.0547667342799
2575 0.0567951318458
2581 0.0588235294118
2620 0.0608519269777
2633 0.0628803245436
2730 0.0649087221095
2756 0.0669371196755
2766 0.0689655172414
2796 0.0709939148073
2803 0.0730223123732
2838 0.0750507099391
2898 0.0770791075051
2902 0.079107505071
2907 0.0811359026369
2911 0.0831643002028
2932 0.0851926977688
2941 0.0872210953347
2975 0.0892494929006
2979 0.0912778904665
2981 0.0933062880325
2993 0.0953346855984
3002 0.0973630831643
3016 0.0993914807302
3038 0.101419878296
3047 0.103448275862
3139 0.105476673428
3141 0.107505070994
3143 0.10953346856
3150 0.111561866126
3152 0.113590263692
3166 0.115618661258
3181 0.117647058824
3206 0.119675456389
3229 0.121703853955
3276 0.123732251521
3295 0.125760649087
3297 0.127789046653
3299 0.129817444219
3369 0.131845841785
3387 0.133874239351
3405 0.135902636917
3407 0.137931034483
3425 0.139959432049
3426 0.141987829615
3436 0.144016227181
3454 0.146044624746
3458 0.148073022312
3468 0.150101419878
3470 0.152129817444
3478 0.15415821501
3514 0.156186612576
3527 0.158215010142
3565 0.160243407708
3572 0.162271805274
3584 0.16430020284
3617 0.166328600406
3636 0.168356997972
3658 0.170385395538
3662 0.172413793103
3666 0.174442190669
3682 0.176470588235
3692 0.178498985801
3697 0.180527383367
3704 0.182555780933
3722 0.184584178499
3736 0.186612576065
3754 0.188640973631
3759 0.190669371197
3765 0.192697768763
3779 0.194726166329
3782 0.196754563895
3792 0.19878296146
3800 0.200811359026
3807 0.202839756592
3837 0.204868154158
3843 0.206896551724
3844 0.20892494929
3848 0.210953346856
3856 0.212981744422
3865 0.215010141988
3878 0.217038539554
3886 0.21906693712
3890 0.221095334686
3892 0.223123732252
3901 0.225152129817
3922 0.227180527383
3942 0.229208924949
3952 0.231237322515
3955 0.233265720081
3957 0.235294117647
3987 0.237322515213
3992 0.239350912779
3998 0.241379310345
4001 0.243407707911
4006 0.245436105477
4030 0.247464503043
4100 0.249492900609
4103 0.251521298174
4116 0.25354969574
4137 0.255578093306
4141 0.257606490872
4161 0.259634888438
4163 0.261663286004
4172 0.26369168357
4173 0.265720081136
4192 0.267748478702
4205 0.269776876268
4206 0.271805273834
4213 0.2738336714
4238 0.275862068966
4244 0.277890466531
4265 0.279918864097
4272 0.281947261663
4275 0.283975659229
4310 0.286004056795
4316 0.288032454361
4335 0.290060851927
4338 0.292089249493
4342 0.294117647059
4349 0.296146044625
4393 0.298174442191
4413 0.300202839757
4425 0.302231237323
4428 0.304259634888
4480 0.306288032454
4501 0.30831643002
4511 0.310344827586
4522 0.312373225152
4550 0.314401622718
4566 0.316430020284
4571 0.320486815416
4571 0.320486815416
4590 0.322515212982
4595 0.324543610548
4596 0.326572008114
4604 0.32860040568
4612 0.330628803245
4621 0.332657200811
4649 0.334685598377
4660 0.336713995943
4676 0.338742393509
4686 0.340770791075
4709 0.344827586207
4709 0.344827586207
4734 0.346855983773
4739 0.348884381339
4743 0.350912778905
4744 0.352941176471
4764 0.354969574037
4783 0.356997971602
4787 0.359026369168
4789 0.361054766734
4838 0.3630831643
4839 0.367139959432
4839 0.367139959432
4849 0.369168356998
4876 0.371196754564
4879 0.37322515213
4882 0.375253549696
4885 0.377281947262
4887 0.379310344828
4912 0.381338742394
4920 0.383367139959
4933 0.385395537525
4950 0.387423935091
5023 0.391480730223
5023 0.391480730223
5026 0.393509127789
5031 0.395537525355
5032 0.397565922921
5037 0.399594320487
5076 0.401622718053
5126 0.403651115619
5145 0.405679513185
5174 0.407707910751
5245 0.409736308316
5250 0.411764705882
5276 0.413793103448
5280 0.415821501014
5310 0.41784989858
5314 0.419878296146
5316 0.421906693712
5328 0.423935091278
5341 0.425963488844
5352 0.42799188641
5362 0.430020283976
5363 0.432048681542
5378 0.434077079108
5396 0.436105476673
5403 0.438133874239
5404 0.440162271805
5408 0.442190669371
5415 0.444219066937
5429 0.446247464503
5441 0.448275862069
5453 0.450304259635
5461 0.452332657201
5463 0.454361054767
5473 0.456389452333
5475 0.458417849899
5497 0.460446247465
5504 0.46247464503
5509 0.464503042596
5521 0.466531440162
5522 0.468559837728
5559 0.470588235294
5564 0.47261663286
5573 0.474645030426
5599 0.476673427992
5603 0.478701825558
5614 0.480730223124
5615 0.48275862069
5618 0.484787018256
5651 0.486815415822
5665 0.488843813387
5683 0.490872210953
5684 0.492900608519
5698 0.494929006085
5734 0.496957403651
5760 0.498985801217
5773 0.501014198783
5782 0.505070993915
5782 0.505070993915
5792 0.507099391481
5793 0.509127789047
5799 0.511156186613
5827 0.513184584178
5883 0.515212981744
5919 0.51724137931
5965 0.519269776876
5985 0.521298174442
5998 0.523326572008
6009 0.525354969574
6013 0.52738336714
6044 0.529411764706
6062 0.531440162272
6065 0.533468559838
6069 0.535496957404
6116 0.53752535497
6118 0.539553752535
6140 0.541582150101
6180 0.543610547667
6190 0.545638945233
6206 0.547667342799
6238 0.549695740365
6264 0.551724137931
6269 0.555780933063
6269 0.555780933063
6270 0.557809330629
6305 0.559837728195
6306 0.561866125761
6312 0.563894523327
6376 0.565922920892
6377 0.567951318458
6378 0.569979716024
6397 0.57200811359
6403 0.574036511156
6408 0.576064908722
6463 0.578093306288
6503 0.580121703854
6543 0.58215010142
6565 0.584178498986
6587 0.586206896552
6609 0.588235294118
6633 0.590263691684
6636 0.592292089249
6643 0.594320486815
6684 0.596348884381
6702 0.598377281947
6708 0.600405679513
6721 0.602434077079
6763 0.604462474645
6764 0.606490872211
6772 0.608519269777
6803 0.610547667343
6810 0.612576064909
6822 0.614604462475
6824 0.616632860041
6856 0.618661257606
6941 0.620689655172
6950 0.622718052738
6977 0.624746450304
6999 0.62677484787
7024 0.628803245436
7080 0.630831643002
7093 0.632860040568
7133 0.634888438134
7142 0.6369168357
7159 0.638945233266
7172 0.640973630832
7179 0.643002028398
7184 0.645030425963
7185 0.647058823529
7206 0.649087221095
7234 0.651115618661
7236 0.653144016227
7252 0.655172413793
7271 0.657200811359
7347 0.659229208925
7358 0.661257606491
7367 0.663286004057
7377 0.665314401623
7383 0.667342799189
7384 0.669371196755
7398 0.67139959432
7406 0.673427991886
7470 0.675456389452
7520 0.677484787018
7523 0.679513184584
7528 0.68154158215
7548 0.683569979716
7550 0.685598377282
7553 0.687626774848
7573 0.689655172414
7626 0.69168356998
7648 0.693711967546
7655 0.697768762677
7655 0.697768762677
7657 0.699797160243
7723 0.701825557809
7752 0.703853955375
7783 0.705882352941
7787 0.707910750507
7793 0.709939148073
7846 0.711967545639
7916 0.713995943205
7929 0.716024340771
7949 0.718052738337
7958 0.720081135903
8005 0.722109533469
8050 0.724137931034
8052 0.7261663286
8079 0.728194726166
8082 0.730223123732
8093 0.732251521298
8124 0.734279918864
8135 0.73630831643
8145 0.738336713996
8166 0.740365111562
8183 0.742393509128
8209 0.744421906694
8226 0.74645030426
8240 0.748478701826
8320 0.750507099391
8325 0.752535496957
8338 0.754563894523
8368 0.756592292089
8399 0.758620689655
8494 0.760649087221
8503 0.762677484787
8548 0.764705882353
8608 0.766734279919
8648 0.768762677485
8652 0.770791075051
8735 0.774847870183
8735 0.774847870183
8736 0.776876267748
8744 0.778904665314
8770 0.78093306288
8779 0.782961460446
8792 0.784989858012
8817 0.787018255578
8884 0.789046653144
8896 0.79107505071
8897 0.793103448276
9003 0.797160243408
9003 0.797160243408
9110 0.799188640974
9123 0.80121703854
9178 0.803245436105
9185 0.805273833671
9215 0.807302231237
9240 0.809330628803
9253 0.811359026369
9259 0.813387423935
9265 0.815415821501
9347 0.817444219067
9353 0.819472616633
9380 0.821501014199
9552 0.823529411765
9575 0.825557809331
9632 0.827586206897
9633 0.829614604462
9695 0.831643002028
9734 0.833671399594
9735 0.83569979716
9760 0.837728194726
9830 0.839756592292
9905 0.841784989858
9957 0.843813387424
9969 0.84584178499
9992 0.847870182556
10012 0.849898580122
10107 0.851926977688
10189 0.853955375254
10197 0.855983772819
10350 0.858012170385
10388 0.860040567951
10486 0.862068965517
10586 0.864097363083
10603 0.866125760649
10740 0.868154158215
10761 0.870182555781
10848 0.872210953347
10857 0.874239350913
10889 0.876267748479
10947 0.878296146045
10996 0.880324543611
11004 0.882352941176
11012 0.884381338742
11062 0.886409736308
11076 0.888438133874
11086 0.89046653144
11150 0.892494929006
11347 0.894523326572
11381 0.896551724138
11496 0.898580121704
11557 0.90060851927
11620 0.902636916836
11755 0.904665314402
11763 0.906693711968
11809 0.908722109533
11835 0.910750507099
11856 0.912778904665
11868 0.914807302231
11900 0.916835699797
11923 0.918864097363
12000 0.920892494929
12026 0.922920892495
12044 0.924949290061
12201 0.926977687627
12226 0.929006085193
12230 0.931034482759
12237 0.933062880325
12263 0.93509127789
12296 0.937119675456
12445 0.939148073022
12897 0.941176470588
13058 0.943204868154
13232 0.94523326572
13378 0.947261663286
13381 0.949290060852
13741 0.951318458418
13911 0.953346855984
14312 0.95537525355
14428 0.957403651116
14469 0.959432048682
14584 0.961460446247
14589 0.963488843813
14755 0.965517241379
14856 0.967545638945
15005 0.969574036511
15887 0.971602434077
16340 0.973630831643
16956 0.975659229209
17124 0.977687626775
17802 0.979716024341
18504 0.981744421907
18783 0.983772819473
19624 0.985801217039
20024 0.987829614604
20378 0.98985801217
29792 0.991886409736
85869 0.993914807302
123036 0.995943204868
137059 0.997971602434
438753 1.0
