42 0.0020202020202
428 0.0040404040404
455 0.00606060606061
521 0.00808080808081
523 0.010101010101
640 0.0121212121212
708 0.0141414141414
754 0.0161616161616
758 0.0181818181818
759 0.020202020202
799 0.0222222222222
830 0.0242424242424
836 0.0262626262626
838 0.0282828282828
869 0.030303030303
880 0.0323232323232
882 0.0343434343434
894 0.0363636363636
897 0.0383838383838
907 0.040404040404
979 0.0424242424242
997 0.0444444444444
1028 0.0464646464646
1066 0.0484848484848
1071 0.0505050505051
1081 0.0525252525253
1085 0.0545454545455
1086 0.0565656565657
1087 0.0606060606061
1087 0.0606060606061
1104 0.0626262626263
1112 0.0646464646465
1144 0.0666666666667
1163 0.0686868686869
1184 0.0707070707071
1196 0.0727272727273
1207 0.0747474747475
1218 0.0767676767677
1221 0.0787878787879
1237 0.0808080808081
1244 0.0828282828283
1254 0.0848484848485
1256 0.0868686868687
1281 0.0888888888889
1297 0.0909090909091
1336 0.0929292929293
1348 0.0949494949495
1368 0.0969696969697
1372 0.0989898989899
1374 0.10101010101
1400 0.105050505051
1400 0.105050505051
1403 0.107070707071
1408 0.109090909091
1420 0.111111111111
1427 0.113131313131
1431 0.115151515152
1440 0.117171717172
1453 0.119191919192
1454 0.121212121212
1466 0.123232323232
1470 0.125252525253
1476 0.127272727273
1498 0.129292929293
1503 0.131313131313
1519 0.135353535354
1519 0.135353535354
1523 0.137373737374
1538 0.139393939394
1540 0.141414141414
1547 0.143434343434
1556 0.145454545455
1563 0.147474747475
1565 0.149494949495
1569 0.151515151515
1576 0.153535353535
1579 0.155555555556
1582 0.157575757576
1596 0.159595959596
1606 0.161616161616
1617 0.163636363636
1619 0.165656565657
1623 0.167676767677
1643 0.169696969697
1648 0.171717171717
1656 0.173737373737
1661 0.175757575758
1671 0.177777777778
1691 0.179797979798
1694 0.181818181818
1707 0.185858585859
1707 0.185858585859
1710 0.187878787879
1718 0.189898989899
1724 0.191919191919
1733 0.193939393939
1751 0.19595959596
1756 0.2
1756 0.2
1759 0.20202020202
1779 0.20404040404
1781 0.206060606061
1783 0.208080808081
1788 0.212121212121
1788 0.212121212121
1789 0.214141414141
1793 0.216161616162
1799 0.218181818182
1800 0.220202020202
1802 0.222222222222
1812 0.224242424242
1816 0.226262626263
1819 0.228282828283
1820 0.230303030303
1821 0.232323232323
1824 0.234343434343
1827 0.236363636364
1834 0.238383838384
1835 0.240404040404
1837 0.242424242424
1840 0.244444444444
1855 0.246464646465
1862 0.248484848485
1881 0.250505050505
1888 0.252525252525
1891 0.254545454545
1892 0.256565656566
1900 0.258585858586
1913 0.260606060606
1916 0.262626262626
1921 0.264646464646
1931 0.266666666667
1948 0.268686868687
1951 0.270707070707
1956 0.272727272727
1980 0.274747474747
1982 0.276767676768
1990 0.278787878788
2002 0.280808080808
2015 0.282828282828
2025 0.284848484848
2027 0.286868686869
2039 0.288888888889
2047 0.290909090909
2055 0.292929292929
2067 0.294949494949
2077 0.29696969697
2082 0.29898989899
2108 0.30101010101
2113 0.30303030303
2122 0.305050505051
2128 0.307070707071
2129 0.309090909091
2133 0.311111111111
2134 0.313131313131
2140 0.315151515152
2143 0.317171717172
2145 0.319191919192
2149 0.321212121212
2157 0.323232323232
2162 0.325252525253
2175 0.327272727273
2183 0.329292929293
2184 0.331313131313
2186 0.333333333333
2191 0.335353535354
2195 0.337373737374
2208 0.339393939394
2209 0.341414141414
2217 0.343434343434
2227 0.345454545455
2230 0.349494949495
2230 0.349494949495
2237 0.351515151515
2248 0.353535353535
2252 0.355555555556
2260 0.357575757576
2275 0.359595959596
2285 0.361616161616
2287 0.363636363636
2292 0.365656565657
2293 0.369696969697
2293 0.369696969697
2297 0.371717171717
2308 0.373737373737
2314 0.375757575758
2324 0.379797979798
2324 0.379797979798
2327 0.381818181818
2330 0.383838383838
2335 0.385858585859
2337 0.387878787879
2354 0.389898989899
2365 0.391919191919
2372 0.393939393939
2375 0.39595959596
2378 0.39797979798
2379 0.4
2393 0.40202020202
2396 0.40404040404
2399 0.406060606061
2402 0.408080808081
2410 0.410101010101
2411 0.412121212121
2414 0.414141414141
2426 0.416161616162
2436 0.418181818182
2466 0.420202020202
2474 0.424242424242
2474 0.424242424242
2476 0.426262626263
2491 0.428282828283
2517 0.430303030303
2519 0.432323232323
2527 0.434343434343
2529 0.436363636364
2535 0.438383838384
2536 0.440404040404
2545 0.444444444444
2545 0.444444444444
2552 0.446464646465
2563 0.448484848485
2587 0.450505050505
2609 0.452525252525
2627 0.454545454545
2631 0.456565656566
2643 0.458585858586
2644 0.460606060606
2649 0.462626262626
2651 0.464646464646
2652 0.466666666667
2658 0.468686868687
2666 0.470707070707
2668 0.472727272727
2675 0.474747474747
2677 0.476767676768
2683 0.478787878788
2685 0.480808080808
2686 0.482828282828
2699 0.484848484848
2706 0.486868686869
2716 0.488888888889
2767 0.490909090909
2782 0.492929292929
2787 0.494949494949
2806 0.49696969697
2816 0.49898989899
2829 0.50101010101
2845 0.50303030303
2849 0.505050505051
2850 0.507070707071
2879 0.511111111111
2879 0.511111111111
2894 0.513131313131
2922 0.515151515152
2924 0.517171717172
2935 0.519191919192
2951 0.521212121212
2954 0.523232323232
2972 0.525252525253
2979 0.527272727273
2996 0.529292929293
3016 0.531313131313
3019 0.533333333333
3050 0.535353535354
3055 0.537373737374
3058 0.539393939394
3072 0.541414141414
3081 0.543434343434
3089 0.545454545455
3090 0.547474747475
3091 0.549494949495
3100 0.551515151515
3103 0.553535353535
3124 0.557575757576
3124 0.557575757576
3130 0.559595959596
3143 0.561616161616
3154 0.563636363636
3164 0.565656565657
3169 0.567676767677
3199 0.569696969697
3201 0.571717171717
3213 0.573737373737
3247 0.575757575758
3270 0.577777777778
3294 0.579797979798
3311 0.581818181818
3314 0.583838383838
3325 0.585858585859
3337 0.587878787879
3350 0.589898989899
3361 0.591919191919
3369 0.593939393939
3379 0.59595959596
3382 0.59797979798
3404 0.6
3408 0.60202020202
3426 0.60404040404
3437 0.606060606061
3452 0.608080808081
3460 0.610101010101
3476 0.612121212121
3482 0.614141414141
3515 0.616161616162
3529 0.618181818182
3536 0.620202020202
3549 0.622222222222
3565 0.624242424242
3570 0.626262626263
3573 0.628282828283
3576 0.630303030303
3579 0.632323232323
3580 0.634343434343
3588 0.636363636364
3601 0.638383838384
3604 0.640404040404
3629 0.642424242424
3630 0.644444444444
3666 0.646464646465
3682 0.648484848485
3699 0.650505050505
3704 0.652525252525
3721 0.654545454545
3738 0.656565656566
3739 0.658585858586
3742 0.660606060606
3750 0.662626262626
3758 0.664646464646
3762 0.666666666667
3774 0.668686868687
3782 0.670707070707
3815 0.672727272727
3842 0.674747474747
3918 0.676767676768
3924 0.678787878788
3931 0.680808080808
3966 0.682828282828
3978 0.684848484848
3980 0.686868686869
3983 0.688888888889
4000 0.690909090909
4001 0.692929292929
4003 0.694949494949
4007 0.69696969697
4011 0.69898989899
4043 0.70101010101
4061 0.70303030303
4063 0.705050505051
4098 0.707070707071
4125 0.709090909091
4158 0.711111111111
4166 0.715151515152
4166 0.715151515152
4179 0.717171717172
4187 0.719191919192
4196 0.721212121212
4259 0.723232323232
4260 0.725252525253
4286 0.727272727273
4324 0.729292929293
4345 0.731313131313
4360 0.733333333333
4367 0.735353535354
4383 0.737373737374
4387 0.739393939394
4398 0.741414141414
4437 0.743434343434
4447 0.745454545455
4453 0.747474747475
4455 0.749494949495
4462 0.751515151515
4464 0.753535353535
4472 0.755555555556
4476 0.757575757576
4495 0.759595959596
4505 0.761616161616
4557 0.763636363636
4574 0.765656565657
4583 0.767676767677
4629 0.769696969697
4632 0.771717171717
4640 0.773737373737
4647 0.775757575758
4666 0.777777777778
4701 0.779797979798
4754 0.781818181818
4763 0.783838383838
4786 0.785858585859
4795 0.787878787879
4817 0.789898989899
4860 0.791919191919
4894 0.793939393939
4901 0.79595959596
4925 0.79797979798
4952 0.8
4966 0.80202020202
4980 0.80404040404
4990 0.806060606061
5003 0.808080808081
5026 0.810101010101
5074 0.812121212121
5077 0.814141414141
5105 0.816161616162
5139 0.818181818182
5240 0.820202020202
5288 0.822222222222
5338 0.824242424242
5379 0.826262626263
5387 0.828282828283
5394 0.830303030303
5421 0.832323232323
5437 0.834343434343
5448 0.836363636364
5458 0.838383838384
5469 0.840404040404
5497 0.842424242424
5547 0.844444444444
5581 0.846464646465
5609 0.848484848485
5629 0.850505050505
5649 0.852525252525
5717 0.854545454545
5738 0.856565656566
5809 0.858585858586
5858 0.860606060606
5881 0.862626262626
5936 0.864646464646
5944 0.866666666667
5949 0.868686868687
5984 0.870707070707
6002 0.872727272727
6025 0.874747474747
6076 0.876767676768
6178 0.878787878788
6207 0.880808080808
6231 0.882828282828
6249 0.884848484848
6267 0.886868686869
6313 0.888888888889
6383 0.890909090909
6386 0.892929292929
6433 0.894949494949
6500 0.89696969697
6544 0.89898989899
6555 0.90101010101
6562 0.90303030303
6628 0.905050505051
6635 0.907070707071
6664 0.909090909091
6735 0.911111111111
6782 0.913131313131
6811 0.915151515152
6918 0.917171717172
6963 0.919191919192
7056 0.921212121212
7210 0.923232323232
7236 0.925252525253
7290 0.927272727273
7303 0.929292929293
7311 0.931313131313
7341 0.933333333333
7369 0.935353535354
7371 0.937373737374
7416 0.939393939394
7552 0.941414141414
7643 0.943434343434
7670 0.945454545455
7759 0.947474747475
7979 0.949494949495
8003 0.951515151515
8164 0.953535353535
8641 0.955555555556
8721 0.957575757576
8773 0.959595959596
8952 0.961616161616
8976 0.963636363636
9121 0.965656565657
9297 0.967676767677
9785 0.969696969697
9813 0.971717171717
10175 0.973737373737
10195 0.975757575758
10285 0.977777777778
10332 0.979797979798
10383 0.981818181818
10924 0.983838383838
11262 0.985858585859
15885 0.987878787879
27573 0.989898989899
103745 0.991919191919
118199 0.993939393939
124398 0.99595959596
405512 0.99797979798
542071 1.0
