445 0.00202839756592
453 0.00405679513185
826 0.00608519269777
850 0.00811359026369
933 0.0101419878296
1004 0.0121703853955
1189 0.0141987829615
1251 0.0162271805274
1346 0.0182555780933
1383 0.0202839756592
1508 0.0223123732252
1527 0.0243407707911
1591 0.026369168357
1592 0.0283975659229
1674 0.0304259634888
1679 0.0324543610548
1729 0.0344827586207
1736 0.0365111561866
1825 0.0385395537525
1920 0.0405679513185
1951 0.0425963488844
2149 0.0446247464503
2237 0.0466531440162
2253 0.0486815415822
2368 0.0507099391481
2377 0.052738336714
2396 0.0547667342799
2556 0.0567951318458
2600 0.0588235294118
2609 0.0608519269777
2639 0.0628803245436
2640 0.0649087221095
2687 0.0669371196755
2777 0.0689655172414
2955 0.0709939148073
2991 0.0730223123732
3010 0.0750507099391
3090 0.0770791075051
3091 0.079107505071
3171 0.0811359026369
3260 0.0831643002028
3263 0.0851926977688
3290 0.0872210953347
3306 0.0892494929006
3330 0.0912778904665
3354 0.0933062880325
3371 0.0953346855984
3386 0.0973630831643
3457 0.0993914807302
3501 0.101419878296
3578 0.103448275862
3602 0.105476673428
3613 0.107505070994
3625 0.10953346856
3742 0.111561866126
3783 0.113590263692
3831 0.115618661258
3886 0.117647058824
4003 0.119675456389
4018 0.121703853955
4027 0.123732251521
4077 0.125760649087
4087 0.127789046653
4108 0.129817444219
4156 0.131845841785
4188 0.133874239351
4257 0.135902636917
4293 0.137931034483
4331 0.139959432049
4344 0.141987829615
4373 0.144016227181
4384 0.146044624746
4393 0.148073022312
4396 0.150101419878
4413 0.152129817444
4465 0.15415821501
4541 0.156186612576
4548 0.158215010142
4586 0.160243407708
4607 0.162271805274
4642 0.16430020284
4659 0.166328600406
4676 0.168356997972
4692 0.170385395538
4754 0.172413793103
4764 0.174442190669
4765 0.176470588235
4770 0.178498985801
4833 0.180527383367
4860 0.182555780933
4887 0.184584178499
4980 0.186612576065
5035 0.188640973631
5040 0.190669371197
5048 0.192697768763
5054 0.194726166329
5066 0.196754563895
5069 0.19878296146
5095 0.200811359026
5112 0.202839756592
5175 0.204868154158
5193 0.206896551724
5212 0.20892494929
5237 0.210953346856
5239 0.212981744422
5248 0.215010141988
5350 0.217038539554
5384 0.21906693712
5397 0.221095334686
5483 0.223123732252
5493 0.225152129817
5509 0.229208924949
5509 0.229208924949
5525 0.231237322515
5665 0.233265720081
5674 0.235294117647
5677 0.237322515213
5777 0.239350912779
5805 0.241379310345
5825 0.243407707911
5891 0.245436105477
5939 0.247464503043
5983 0.249492900609
5988 0.251521298174
5991 0.25354969574
5992 0.255578093306
6000 0.257606490872
6008 0.259634888438
6020 0.261663286004
6091 0.26369168357
6122 0.265720081136
6156 0.267748478702
6162 0.269776876268
6172 0.271805273834
6177 0.2738336714
6323 0.275862068966
6331 0.277890466531
6332 0.279918864097
6415 0.281947261663
6462 0.283975659229
6581 0.286004056795
6613 0.288032454361
6618 0.290060851927
6689 0.292089249493
6707 0.294117647059
6728 0.296146044625
6737 0.298174442191
6738 0.300202839757
6761 0.302231237323
6817 0.304259634888
6840 0.306288032454
6842 0.30831643002
6860 0.310344827586
6906 0.312373225152
6955 0.314401622718
6986 0.316430020284
6994 0.31845841785
7007 0.320486815416
7075 0.322515212982
7079 0.326572008114
7079 0.326572008114
7150 0.32860040568
7175 0.330628803245
7234 0.332657200811
7254 0.334685598377
7293 0.336713995943
7497 0.338742393509
7615 0.340770791075
7619 0.342799188641
7632 0.344827586207
7657 0.346855983773
7676 0.348884381339
7693 0.350912778905
7716 0.352941176471
7762 0.354969574037
7776 0.356997971602
7782 0.359026369168
7805 0.361054766734
7809 0.3630831643
7865 0.365111561866
7879 0.367139959432
7888 0.369168356998
7912 0.371196754564
7937 0.37322515213
7992 0.375253549696
8004 0.377281947262
8010 0.379310344828
8019 0.381338742394
8041 0.383367139959
8062 0.385395537525
8091 0.387423935091
8100 0.389452332657
8131 0.391480730223
8226 0.393509127789
8294 0.395537525355
8316 0.397565922921
8334 0.399594320487
8390 0.401622718053
8419 0.403651115619
8451 0.405679513185
8473 0.407707910751
8489 0.409736308316
8503 0.411764705882
8512 0.413793103448
8531 0.415821501014
8532 0.41784989858
8551 0.419878296146
8579 0.421906693712
8619 0.423935091278
8718 0.425963488844
8764 0.42799188641
8776 0.430020283976
8802 0.432048681542
8814 0.434077079108
8817 0.436105476673
8860 0.438133874239
8872 0.440162271805
8886 0.442190669371
8966 0.444219066937
8989 0.446247464503
8993 0.448275862069
9037 0.450304259635
9080 0.452332657201
9093 0.454361054767
9095 0.456389452333
9143 0.458417849899
9156 0.460446247465
9314 0.46247464503
9346 0.464503042596
9361 0.466531440162
9408 0.468559837728
9478 0.470588235294
9515 0.47261663286
9527 0.474645030426
9567 0.476673427992
9578 0.478701825558
9611 0.480730223124
9615 0.48275862069
9706 0.484787018256
9761 0.486815415822
9779 0.490872210953
9779 0.490872210953
9806 0.492900608519
9878 0.494929006085
9879 0.496957403651
9959 0.498985801217
9997 0.501014198783
10021 0.503042596349
10051 0.505070993915
10064 0.507099391481
10130 0.511156186613
10130 0.511156186613
10228 0.513184584178
10245 0.515212981744
10330 0.51724137931
10363 0.519269776876
10368 0.521298174442
10384 0.523326572008
10390 0.525354969574
10405 0.52738336714
10464 0.529411764706
10514 0.531440162272
10556 0.533468559838
10825 0.535496957404
10827 0.53752535497
10989 0.539553752535
11041 0.541582150101
11051 0.543610547667
11155 0.545638945233
11217 0.547667342799
11231 0.549695740365
11286 0.551724137931
11330 0.553752535497
11349 0.555780933063
11397 0.559837728195
11397 0.559837728195
11417 0.561866125761
11431 0.563894523327
11496 0.565922920892
11509 0.567951318458
11530 0.569979716024
11538 0.57200811359
11549 0.574036511156
11631 0.576064908722
11649 0.578093306288
11653 0.580121703854
11680 0.58215010142
11704 0.584178498986
11794 0.586206896552
11829 0.588235294118
11835 0.590263691684
11838 0.592292089249
11841 0.594320486815
11879 0.596348884381
11897 0.598377281947
11947 0.600405679513
12021 0.602434077079
12035 0.604462474645
12071 0.606490872211
12092 0.608519269777
12141 0.610547667343
12157 0.612576064909
12257 0.614604462475
12277 0.616632860041
12297 0.618661257606
12317 0.620689655172
12346 0.622718052738
12348 0.624746450304
12368 0.62677484787
12369 0.628803245436
12417 0.630831643002
12572 0.632860040568
12588 0.634888438134
12663 0.6369168357
12683 0.640973630832
12683 0.640973630832
12735 0.643002028398
12770 0.645030425963
12800 0.647058823529
12822 0.649087221095
12856 0.651115618661
12861 0.653144016227
12902 0.655172413793
12908 0.657200811359
13020 0.659229208925
13033 0.661257606491
13046 0.663286004057
13069 0.665314401623
13075 0.667342799189
13100 0.669371196755
13154 0.67139959432
13278 0.673427991886
13309 0.675456389452
13315 0.677484787018
13331 0.679513184584
13361 0.68154158215
13404 0.683569979716
13436 0.685598377282
13462 0.687626774848
13478 0.69168356998
13478 0.69168356998
13544 0.693711967546
13572 0.695740365112
13695 0.697768762677
13705 0.699797160243
13765 0.701825557809
13777 0.703853955375
13782 0.705882352941
14002 0.707910750507
14072 0.709939148073
14104 0.711967545639
14139 0.713995943205
14159 0.716024340771
14402 0.718052738337
14404 0.720081135903
14432 0.722109533469
14457 0.724137931034
14484 0.7261663286
14497 0.728194726166
14557 0.730223123732
14648 0.732251521298
14663 0.734279918864
14720 0.73630831643
14783 0.738336713996
14911 0.740365111562
14975 0.742393509128
15019 0.744421906694
15053 0.74645030426
15213 0.748478701826
15230 0.750507099391
15242 0.752535496957
15413 0.754563894523
15417 0.756592292089
15577 0.758620689655
15719 0.760649087221
15724 0.762677484787
15772 0.764705882353
15774 0.766734279919
15829 0.768762677485
15878 0.770791075051
15912 0.772819472617
16047 0.774847870183
16048 0.776876267748
16084 0.778904665314
16117 0.78093306288
16119 0.782961460446
16150 0.784989858012
16311 0.787018255578
16342 0.789046653144
16349 0.79107505071
16372 0.793103448276
16377 0.795131845842
16666 0.797160243408
16784 0.799188640974
16785 0.80121703854
16790 0.803245436105
16935 0.805273833671
17096 0.807302231237
17106 0.809330628803
17273 0.811359026369
17451 0.813387423935
17703 0.815415821501
17748 0.817444219067
17899 0.819472616633
17956 0.821501014199
17962 0.823529411765
18003 0.825557809331
18103 0.827586206897
18371 0.829614604462
18415 0.831643002028
18591 0.833671399594
18636 0.83569979716
18722 0.837728194726
19287 0.839756592292
19350 0.841784989858
19404 0.843813387424
19620 0.84584178499
19756 0.847870182556
19793 0.849898580122
20154 0.851926977688
20199 0.853955375254
20299 0.855983772819
20304 0.858012170385
20309 0.860040567951
20412 0.862068965517
20457 0.864097363083
20470 0.866125760649
20733 0.868154158215
20840 0.870182555781
20848 0.872210953347
20939 0.874239350913
21013 0.876267748479
21118 0.878296146045
21166 0.880324543611
21316 0.882352941176
21423 0.884381338742
22288 0.886409736308
22611 0.888438133874
22969 0.89046653144
23008 0.892494929006
23140 0.894523326572
23266 0.896551724138
23406 0.898580121704
24128 0.90060851927
24288 0.902636916836
24309 0.904665314402
24633 0.906693711968
27654 0.908722109533
28062 0.910750507099
28100 0.912778904665
28593 0.914807302231
28724 0.916835699797
29699 0.918864097363
30846 0.920892494929
32928 0.922920892495
33350 0.924949290061
34193 0.926977687627
34693 0.929006085193
35511 0.931034482759
36260 0.933062880325
36948 0.93509127789
38066 0.937119675456
38161 0.939148073022
38247 0.941176470588
39027 0.943204868154
39461 0.94523326572
41181 0.947261663286
42296 0.949290060852
42639 0.951318458418
43107 0.953346855984
43303 0.95537525355
44021 0.957403651116
44826 0.959432048682
47593 0.961460446247
49742 0.963488843813
51965 0.965517241379
52720 0.967545638945
54102 0.969574036511
54199 0.971602434077
60466 0.973630831643
60893 0.975659229209
61173 0.977687626775
65177 0.979716024341
68203 0.981744421907
69972 0.983772819473
80230 0.985801217039
83631 0.987829614604
89809 0.98985801217
92307 0.991886409736
127138 0.993914807302
146913 0.995943204868
418084 0.997971602434
1746855 1.0
