134 0.00204081632653
1154 0.00408163265306
1454 0.00612244897959
1543 0.00816326530612
1591 0.0102040816327
1839 0.0122448979592
2056 0.0142857142857
2131 0.0163265306122
2188 0.0183673469388
2224 0.0204081632653
2235 0.0224489795918
2458 0.0244897959184
2513 0.0265306122449
2674 0.0285714285714
2807 0.030612244898
2842 0.0326530612245
3017 0.034693877551
3160 0.0367346938776
3177 0.0387755102041
3353 0.0408163265306
3407 0.0428571428571
3621 0.0448979591837
3638 0.0469387755102
3737 0.0489795918367
3748 0.0510204081633
3873 0.0530612244898
3888 0.0551020408163
3937 0.0571428571429
3981 0.0591836734694
4099 0.0612244897959
4279 0.0632653061224
4474 0.065306122449
4488 0.0673469387755
4614 0.069387755102
4662 0.0714285714286
4805 0.0734693877551
4961 0.0755102040816
5064 0.0775510204082
5095 0.0795918367347
5204 0.0816326530612
5280 0.0836734693878
5351 0.0857142857143
5420 0.0877551020408
5622 0.0897959183673
5997 0.0918367346939
6007 0.0938775510204
6051 0.0959183673469
6081 0.0979591836735
6104 0.1
6188 0.102040816327
6200 0.104081632653
6205 0.10612244898
6237 0.108163265306
6365 0.110204081633
6377 0.112244897959
6537 0.114285714286
6640 0.116326530612
6722 0.118367346939
6747 0.120408163265
6841 0.122448979592
6946 0.124489795918
6999 0.126530612245
7246 0.128571428571
7328 0.130612244898
7384 0.132653061224
7390 0.134693877551
7393 0.136734693878
7421 0.138775510204
7435 0.140816326531
7521 0.142857142857
7543 0.144897959184
7573 0.14693877551
7581 0.148979591837
7586 0.151020408163
7597 0.15306122449
7600 0.155102040816
7825 0.157142857143
7827 0.159183673469
7837 0.161224489796
7889 0.163265306122
7965 0.165306122449
8029 0.167346938776
8038 0.169387755102
8053 0.171428571429
8186 0.173469387755
8204 0.175510204082
8238 0.177551020408
8255 0.179591836735
8305 0.181632653061
8408 0.183673469388
8427 0.185714285714
8604 0.187755102041
8612 0.189795918367
8646 0.191836734694
8739 0.19387755102
8899 0.195918367347
8967 0.197959183673
9076 0.2
9156 0.202040816327
9186 0.204081632653
9248 0.20612244898
9265 0.208163265306
9269 0.210204081633
9411 0.212244897959
9436 0.214285714286
9459 0.216326530612
9491 0.218367346939
9552 0.220408163265
9614 0.222448979592
9666 0.224489795918
9768 0.226530612245
9838 0.228571428571
9857 0.230612244898
9876 0.232653061224
9883 0.234693877551
9911 0.236734693878
9945 0.238775510204
10018 0.240816326531
10019 0.242857142857
10053 0.244897959184
10075 0.24693877551
10093 0.248979591837
10133 0.251020408163
10238 0.25306122449
10318 0.255102040816
10383 0.257142857143
10435 0.259183673469
10486 0.261224489796
10626 0.263265306122
10656 0.265306122449
10727 0.267346938776
10780 0.269387755102
10835 0.273469387755
10835 0.273469387755
10906 0.275510204082
11066 0.277551020408
11070 0.279591836735
11079 0.281632653061
11125 0.283673469388
11133 0.285714285714
11220 0.287755102041
11234 0.289795918367
11275 0.291836734694
11371 0.295918367347
11371 0.295918367347
11456 0.297959183673
11479 0.3
11491 0.302040816327
11504 0.304081632653
11514 0.30612244898
11531 0.308163265306
11565 0.310204081633
11624 0.312244897959
11653 0.314285714286
11680 0.316326530612
11692 0.318367346939
11771 0.320408163265
11801 0.322448979592
11836 0.324489795918
11874 0.326530612245
11885 0.328571428571
12222 0.330612244898
12397 0.332653061224
12422 0.334693877551
12463 0.336734693878
12539 0.338775510204
12683 0.340816326531
12720 0.342857142857
12835 0.344897959184
12880 0.34693877551
13154 0.348979591837
13298 0.351020408163
13418 0.35306122449
13441 0.355102040816
13461 0.357142857143
13485 0.359183673469
13534 0.361224489796
13557 0.363265306122
13571 0.365306122449
13659 0.367346938776
13895 0.369387755102
13905 0.371428571429
13934 0.373469387755
14024 0.375510204082
14026 0.377551020408
14027 0.379591836735
14056 0.381632653061
14117 0.383673469388
14162 0.385714285714
14251 0.387755102041
14356 0.389795918367
14446 0.391836734694
14493 0.39387755102
14550 0.395918367347
14763 0.397959183673
14789 0.4
14916 0.402040816327
15021 0.404081632653
15040 0.40612244898
15057 0.408163265306
15115 0.410204081633
15118 0.412244897959
15245 0.414285714286
15274 0.416326530612
15329 0.420408163265
15329 0.420408163265
15380 0.422448979592
15381 0.424489795918
15531 0.426530612245
15564 0.428571428571
15615 0.430612244898
15658 0.432653061224
15715 0.434693877551
15735 0.436734693878
15846 0.438775510204
15888 0.440816326531
15930 0.442857142857
15932 0.444897959184
16056 0.44693877551
16065 0.448979591837
16107 0.451020408163
16156 0.45306122449
16306 0.455102040816
16441 0.457142857143
16474 0.459183673469
16531 0.461224489796
16590 0.463265306122
16647 0.465306122449
16663 0.467346938776
16898 0.469387755102
16902 0.471428571429
16917 0.473469387755
16938 0.475510204082
16945 0.477551020408
16961 0.479591836735
17051 0.481632653061
17119 0.483673469388
17127 0.485714285714
17218 0.487755102041
17222 0.489795918367
17277 0.491836734694
17357 0.49387755102
17496 0.495918367347
17508 0.497959183673
17571 0.5
17627 0.502040816327
17807 0.504081632653
17853 0.50612244898
17922 0.508163265306
18041 0.510204081633
18097 0.512244897959
18148 0.514285714286
18160 0.516326530612
18237 0.518367346939
18238 0.520408163265
18284 0.522448979592
18412 0.524489795918
18440 0.526530612245
18595 0.528571428571
18781 0.530612244898
18861 0.532653061224
18900 0.534693877551
18901 0.536734693878
18920 0.538775510204
19049 0.540816326531
19075 0.542857142857
19133 0.54693877551
19133 0.54693877551
19243 0.548979591837
19450 0.551020408163
19482 0.55306122449
19716 0.555102040816
19827 0.557142857143
19835 0.559183673469
19840 0.561224489796
19855 0.563265306122
19897 0.565306122449
19957 0.567346938776
19973 0.569387755102
20052 0.571428571429
20284 0.573469387755
20286 0.575510204082
20353 0.577551020408
20453 0.579591836735
20492 0.581632653061
20598 0.585714285714
20598 0.585714285714
20642 0.587755102041
20714 0.589795918367
20821 0.591836734694
20849 0.59387755102
20954 0.595918367347
21000 0.597959183673
21103 0.6
21135 0.602040816327
21140 0.604081632653
21156 0.60612244898
21373 0.608163265306
21735 0.610204081633
21943 0.612244897959
21944 0.614285714286
21974 0.616326530612
22115 0.618367346939
22256 0.620408163265
22297 0.622448979592
22319 0.624489795918
22462 0.626530612245
22518 0.628571428571
22551 0.630612244898
22602 0.632653061224
22618 0.634693877551
22751 0.636734693878
22798 0.638775510204
22834 0.640816326531
22907 0.642857142857
23007 0.644897959184
23017 0.64693877551
23139 0.648979591837
23159 0.651020408163
23176 0.65306122449
23301 0.655102040816
23403 0.657142857143
23437 0.659183673469
23500 0.661224489796
23502 0.663265306122
23523 0.665306122449
23726 0.667346938776
23841 0.669387755102
23872 0.671428571429
23899 0.673469387755
23983 0.675510204082
24076 0.677551020408
24080 0.679591836735
24217 0.681632653061
24230 0.683673469388
24299 0.685714285714
24371 0.687755102041
24381 0.689795918367
24444 0.691836734694
24554 0.69387755102
24592 0.695918367347
25230 0.697959183673
25264 0.7
25394 0.702040816327
25460 0.704081632653
25478 0.70612244898
25675 0.708163265306
25683 0.710204081633
25886 0.712244897959
25909 0.714285714286
26012 0.716326530612
26037 0.718367346939
26040 0.720408163265
26237 0.722448979592
26296 0.724489795918
26300 0.726530612245
26336 0.728571428571
26367 0.730612244898
26514 0.732653061224
26545 0.734693877551
26725 0.736734693878
26786 0.738775510204
26801 0.740816326531
26842 0.742857142857
26959 0.744897959184
27064 0.74693877551
27127 0.748979591837
27161 0.751020408163
27199 0.75306122449
27468 0.755102040816
27777 0.757142857143
27995 0.759183673469
28065 0.761224489796
28140 0.763265306122
28393 0.765306122449
28578 0.767346938776
28595 0.769387755102
28644 0.771428571429
28690 0.773469387755
29027 0.775510204082
29053 0.777551020408
29431 0.779591836735
29433 0.781632653061
29541 0.783673469388
29661 0.785714285714
29743 0.787755102041
29762 0.789795918367
29838 0.791836734694
29933 0.79387755102
30185 0.795918367347
30234 0.797959183673
30338 0.8
30486 0.802040816327
30506 0.804081632653
30531 0.80612244898
30641 0.808163265306
30662 0.810204081633
30797 0.812244897959
30822 0.814285714286
30846 0.816326530612
31026 0.818367346939
31230 0.820408163265
31231 0.822448979592
31466 0.824489795918
31780 0.826530612245
31847 0.828571428571
31939 0.830612244898
32332 0.832653061224
32458 0.834693877551
32486 0.836734693878
32809 0.838775510204
33131 0.840816326531
33377 0.842857142857
33475 0.844897959184
33491 0.84693877551
34075 0.848979591837
34095 0.851020408163
34624 0.85306122449
34700 0.855102040816
34988 0.857142857143
35130 0.859183673469
36180 0.861224489796
36385 0.863265306122
36473 0.865306122449
37042 0.867346938776
37225 0.869387755102
37720 0.871428571429
37796 0.873469387755
37867 0.875510204082
37869 0.877551020408
38058 0.879591836735
38918 0.881632653061
39865 0.883673469388
40915 0.885714285714
40967 0.887755102041
41238 0.889795918367
41306 0.891836734694
41383 0.89387755102
41542 0.895918367347
42165 0.897959183673
42476 0.9
43021 0.902040816327
43158 0.904081632653
43689 0.90612244898
43703 0.908163265306
47662 0.910204081633
48128 0.912244897959
48426 0.914285714286
50080 0.916326530612
52035 0.918367346939
53169 0.920408163265
53996 0.922448979592
54327 0.924489795918
56211 0.926530612245
57612 0.928571428571
60188 0.930612244898
61560 0.932653061224
63634 0.934693877551
64578 0.936734693878
64776 0.938775510204
65976 0.940816326531
70401 0.942857142857
71491 0.944897959184
71571 0.94693877551
71889 0.948979591837
72279 0.951020408163
72466 0.95306122449
72550 0.955102040816
73265 0.957142857143
76406 0.959183673469
76719 0.961224489796
77813 0.963265306122
78193 0.965306122449
79702 0.967346938776
79845 0.969387755102
80994 0.971428571429
82525 0.973469387755
88576 0.975510204082
99133 0.977551020408
100393 0.979591836735
107358 0.981632653061
108316 0.983673469388
109586 0.985714285714
112873 0.987755102041
120435 0.989795918367
137872 0.991836734694
153372 0.99387755102
154877 0.995918367347
157011 0.997959183673
460102 1.0
