87 0.0020325203252
999 0.00406504065041
2189 0.00609756097561
2374 0.00813008130081
2378 0.010162601626
2414 0.0121951219512
3006 0.0142276422764
3012 0.0162601626016
3190 0.0182926829268
3341 0.020325203252
3475 0.0223577235772
3834 0.0243902439024
4373 0.0264227642276
4550 0.0284552845528
4568 0.030487804878
4684 0.0325203252033
4754 0.0345528455285
4779 0.0365853658537
4933 0.0386178861789
4947 0.0406504065041
4976 0.0426829268293
4991 0.0447154471545
5023 0.0467479674797
5035 0.0487804878049
5064 0.0508130081301
5075 0.0528455284553
5161 0.0548780487805
5182 0.0569105691057
5196 0.0589430894309
5286 0.0609756097561
5291 0.0630081300813
5415 0.0650406504065
5524 0.0670731707317
5652 0.0691056910569
5758 0.0711382113821
5834 0.0731707317073
5864 0.0752032520325
5868 0.0772357723577
5894 0.0792682926829
5997 0.0813008130081
6112 0.0833333333333
6262 0.0853658536585
6275 0.0873983739837
6291 0.0894308943089
6305 0.0914634146341
6377 0.0934959349593
6439 0.0955284552846
6528 0.0975609756098
6594 0.099593495935
6668 0.10162601626
6696 0.103658536585
6879 0.105691056911
6986 0.107723577236
7010 0.109756097561
7025 0.111788617886
7030 0.113821138211
7068 0.115853658537
7072 0.117886178862
7173 0.119918699187
7194 0.121951219512
7203 0.123983739837
7294 0.126016260163
7366 0.128048780488
7375 0.130081300813
7535 0.132113821138
7594 0.134146341463
7643 0.136178861789
7668 0.138211382114
7753 0.140243902439
7778 0.142276422764
7855 0.144308943089
7856 0.146341463415
7976 0.14837398374
8017 0.150406504065
8096 0.15243902439
8138 0.154471544715
8139 0.156504065041
8156 0.158536585366
8163 0.160569105691
8203 0.162601626016
8304 0.164634146341
8311 0.166666666667
8336 0.168699186992
8346 0.170731707317
8348 0.172764227642
8448 0.174796747967
8458 0.176829268293
8490 0.178861788618
8501 0.180894308943
8581 0.182926829268
8593 0.184959349593
8605 0.186991869919
8648 0.189024390244
8684 0.193089430894
8684 0.193089430894
8724 0.19512195122
8728 0.197154471545
8829 0.19918699187
8963 0.201219512195
8982 0.20325203252
9031 0.205284552846
9037 0.207317073171
9078 0.209349593496
9091 0.211382113821
9113 0.213414634146
9133 0.215447154472
9208 0.217479674797
9284 0.219512195122
9333 0.221544715447
9339 0.223577235772
9349 0.225609756098
9388 0.227642276423
9440 0.229674796748
9469 0.231707317073
9507 0.233739837398
9526 0.235772357724
9566 0.237804878049
9610 0.239837398374
9617 0.241869918699
9618 0.243902439024
9641 0.24593495935
9650 0.247967479675
9661 0.25
9692 0.252032520325
9697 0.25406504065
9721 0.256097560976
9769 0.258130081301
9770 0.260162601626
9775 0.262195121951
9781 0.264227642276
9811 0.266260162602
9823 0.268292682927
9834 0.270325203252
9854 0.272357723577
9893 0.274390243902
9895 0.276422764228
9909 0.278455284553
9938 0.280487804878
9952 0.282520325203
10138 0.284552845528
10179 0.286585365854
10262 0.288617886179
10305 0.290650406504
10320 0.292682926829
10369 0.294715447154
10388 0.29674796748
10451 0.298780487805
10469 0.30081300813
10502 0.302845528455
10509 0.30487804878
10546 0.306910569106
10548 0.308943089431
10581 0.310975609756
10630 0.313008130081
10671 0.315040650407
10692 0.317073170732
10697 0.319105691057
10732 0.321138211382
10735 0.323170731707
10779 0.325203252033
10863 0.327235772358
10889 0.329268292683
11041 0.331300813008
11164 0.333333333333
11188 0.335365853659
11201 0.337398373984
11253 0.339430894309
11264 0.341463414634
11268 0.343495934959
11274 0.345528455285
11360 0.34756097561
11444 0.349593495935
11482 0.35162601626
11501 0.353658536585
11577 0.355691056911
11617 0.357723577236
11633 0.359756097561
11739 0.361788617886
11769 0.363821138211
11791 0.367886178862
11791 0.367886178862
11826 0.369918699187
12021 0.371951219512
12025 0.373983739837
12027 0.376016260163
12086 0.378048780488
12092 0.380081300813
12123 0.382113821138
12145 0.384146341463
12188 0.386178861789
12238 0.390243902439
12238 0.390243902439
12269 0.392276422764
12317 0.394308943089
12430 0.396341463415
12439 0.39837398374
12678 0.400406504065
12695 0.40243902439
12703 0.404471544715
12736 0.406504065041
12753 0.408536585366
12765 0.410569105691
12785 0.412601626016
12820 0.414634146341
12823 0.416666666667
12964 0.418699186992
12996 0.420731707317
13012 0.422764227642
13026 0.424796747967
13068 0.426829268293
13085 0.428861788618
13159 0.430894308943
13181 0.432926829268
13183 0.434959349593
13233 0.436991869919
13258 0.439024390244
13278 0.441056910569
13323 0.443089430894
13347 0.44512195122
13359 0.447154471545
13452 0.44918699187
13551 0.451219512195
13553 0.45325203252
13562 0.455284552846
13582 0.457317073171
13604 0.459349593496
13675 0.461382113821
13685 0.463414634146
13691 0.465447154472
13707 0.467479674797
13709 0.469512195122
13736 0.471544715447
13824 0.473577235772
13865 0.475609756098
13869 0.477642276423
13870 0.479674796748
13908 0.481707317073
13929 0.483739837398
13984 0.485772357724
14043 0.489837398374
14043 0.489837398374
14052 0.491869918699
14084 0.493902439024
14133 0.49593495935
14151 0.497967479675
14213 0.5
14246 0.502032520325
14274 0.50406504065
14303 0.506097560976
14336 0.508130081301
14428 0.510162601626
14441 0.512195121951
14462 0.514227642276
14479 0.516260162602
14679 0.518292682927
14719 0.520325203252
14728 0.522357723577
14736 0.524390243902
14760 0.526422764228
14817 0.528455284553
14819 0.530487804878
14929 0.532520325203
14934 0.534552845528
15036 0.536585365854
15074 0.538617886179
15149 0.540650406504
15150 0.542682926829
15153 0.544715447154
15185 0.54674796748
15198 0.548780487805
15278 0.55081300813
15370 0.552845528455
15379 0.55487804878
15398 0.556910569106
15521 0.558943089431
15533 0.560975609756
15540 0.563008130081
15562 0.565040650407
15617 0.567073170732
15679 0.569105691057
15717 0.571138211382
15791 0.573170731707
15815 0.575203252033
15859 0.577235772358
15885 0.579268292683
15899 0.581300813008
15924 0.583333333333
15926 0.585365853659
15938 0.587398373984
15947 0.589430894309
15960 0.591463414634
16034 0.593495934959
16047 0.595528455285
16186 0.59756097561
16244 0.599593495935
16253 0.60162601626
16331 0.603658536585
16335 0.605691056911
16345 0.607723577236
16392 0.609756097561
16422 0.611788617886
16504 0.613821138211
16525 0.615853658537
16535 0.617886178862
16539 0.619918699187
16567 0.621951219512
16575 0.623983739837
16620 0.626016260163
16792 0.628048780488
17073 0.630081300813
17149 0.632113821138
17244 0.634146341463
17264 0.636178861789
17330 0.638211382114
17400 0.640243902439
17401 0.642276422764
17439 0.644308943089
17547 0.646341463415
17552 0.64837398374
17645 0.650406504065
17656 0.65243902439
17692 0.654471544715
17754 0.656504065041
17907 0.658536585366
17952 0.660569105691
17957 0.662601626016
17958 0.664634146341
17998 0.666666666667
18038 0.668699186992
18087 0.670731707317
18192 0.672764227642
18288 0.674796747967
18356 0.676829268293
18535 0.678861788618
18563 0.680894308943
18565 0.682926829268
18640 0.684959349593
18663 0.686991869919
18687 0.689024390244
18781 0.691056910569
18845 0.693089430894
18893 0.69512195122
18914 0.697154471545
18950 0.69918699187
18968 0.701219512195
19086 0.70325203252
19168 0.705284552846
19264 0.707317073171
19330 0.709349593496
19362 0.711382113821
19411 0.713414634146
19529 0.715447154472
19548 0.717479674797
19673 0.719512195122
19690 0.721544715447
19765 0.723577235772
19870 0.725609756098
19873 0.727642276423
19910 0.729674796748
19912 0.731707317073
19943 0.733739837398
20021 0.735772357724
20050 0.737804878049
20075 0.739837398374
20084 0.741869918699
20172 0.743902439024
20215 0.74593495935
20247 0.747967479675
20532 0.75
20683 0.752032520325
20756 0.75406504065
20784 0.756097560976
20789 0.758130081301
20863 0.760162601626
21128 0.762195121951
21195 0.764227642276
21236 0.766260162602
21478 0.768292682927
21557 0.770325203252
21581 0.772357723577
21699 0.774390243902
21924 0.776422764228
22164 0.778455284553
22176 0.780487804878
22391 0.782520325203
22499 0.784552845528
22506 0.786585365854
22607 0.788617886179
22780 0.790650406504
22791 0.792682926829
22805 0.794715447154
22807 0.79674796748
22902 0.798780487805
22923 0.80081300813
23163 0.802845528455
23210 0.80487804878
23246 0.806910569106
23305 0.808943089431
23463 0.810975609756
23554 0.813008130081
23787 0.815040650407
23880 0.817073170732
24141 0.819105691057
24296 0.821138211382
24525 0.823170731707
24546 0.825203252033
24631 0.827235772358
24715 0.829268292683
24787 0.831300813008
24905 0.833333333333
24978 0.835365853659
24985 0.837398373984
25028 0.839430894309
25101 0.841463414634
25262 0.843495934959
25304 0.845528455285
25314 0.84756097561
25416 0.849593495935
25721 0.85162601626
26097 0.853658536585
26374 0.855691056911
26476 0.857723577236
26504 0.859756097561
26712 0.861788617886
27182 0.863821138211
27351 0.865853658537
27357 0.867886178862
27798 0.869918699187
27933 0.871951219512
28165 0.873983739837
28205 0.876016260163
28377 0.878048780488
28482 0.880081300813
28650 0.882113821138
28869 0.884146341463
28998 0.886178861789
29149 0.888211382114
29238 0.890243902439
29330 0.892276422764
29585 0.894308943089
29797 0.896341463415
29870 0.89837398374
30269 0.900406504065
30598 0.90243902439
31058 0.904471544715
31290 0.906504065041
31365 0.908536585366
32171 0.910569105691
32467 0.912601626016
32534 0.914634146341
32712 0.916666666667
33240 0.918699186992
34068 0.920731707317
34191 0.922764227642
34310 0.924796747967
35527 0.926829268293
35739 0.928861788618
36342 0.930894308943
36589 0.932926829268
36727 0.934959349593
37463 0.936991869919
38005 0.939024390244
38568 0.941056910569
39254 0.943089430894
39628 0.94512195122
41468 0.947154471545
41841 0.94918699187
41857 0.951219512195
42302 0.95325203252
42556 0.955284552846
42835 0.957317073171
44245 0.959349593496
44668 0.961382113821
45779 0.963414634146
46726 0.965447154472
48790 0.967479674797
48918 0.969512195122
50465 0.971544715447
50676 0.973577235772
52903 0.975609756098
53911 0.977642276423
57180 0.979674796748
58022 0.981707317073
61132 0.983739837398
64580 0.985772357724
69199 0.987804878049
77378 0.989837398374
84084 0.991869918699
87586 0.993902439024
91165 0.99593495935
125666 0.997967479675
425942 1.0
