52 0.00202839756592
798 0.00405679513185
1490 0.00608519269777
1668 0.00811359026369
1795 0.0101419878296
1825 0.0121703853955
1883 0.0141987829615
1974 0.0162271805274
2112 0.0182555780933
2303 0.0202839756592
2482 0.0223123732252
2497 0.0243407707911
2848 0.026369168357
2989 0.0283975659229
3060 0.0304259634888
3111 0.0324543610548
3113 0.0344827586207
3150 0.0365111561866
3190 0.0405679513185
3190 0.0405679513185
3270 0.0425963488844
3312 0.0446247464503
3326 0.0466531440162
3473 0.0486815415822
3547 0.0507099391481
3568 0.052738336714
3613 0.0547667342799
3631 0.0567951318458
3686 0.0588235294118
3712 0.0608519269777
3763 0.0628803245436
3826 0.0649087221095
3830 0.0669371196755
3860 0.0689655172414
3932 0.0709939148073
4006 0.0730223123732
4181 0.0770791075051
4181 0.0770791075051
4281 0.079107505071
4339 0.0811359026369
4367 0.0831643002028
4406 0.0851926977688
4440 0.0872210953347
4554 0.0892494929006
4585 0.0912778904665
4689 0.0933062880325
4715 0.0953346855984
4728 0.0973630831643
4748 0.0993914807302
4794 0.101419878296
4803 0.103448275862
4813 0.105476673428
4819 0.107505070994
4916 0.10953346856
4922 0.111561866126
4966 0.113590263692
5005 0.115618661258
5051 0.117647058824
5125 0.119675456389
5193 0.121703853955
5295 0.123732251521
5301 0.125760649087
5356 0.127789046653
5362 0.129817444219
5372 0.131845841785
5445 0.133874239351
5456 0.135902636917
5513 0.137931034483
5538 0.139959432049
5545 0.141987829615
5618 0.144016227181
5619 0.146044624746
5620 0.148073022312
5694 0.150101419878
5702 0.152129817444
5773 0.15415821501
5786 0.156186612576
5872 0.158215010142
5914 0.160243407708
5920 0.162271805274
5931 0.16430020284
6031 0.166328600406
6106 0.168356997972
6116 0.170385395538
6126 0.172413793103
6149 0.174442190669
6161 0.176470588235
6171 0.178498985801
6199 0.180527383367
6265 0.182555780933
6267 0.184584178499
6299 0.186612576065
6327 0.188640973631
6341 0.190669371197
6343 0.192697768763
6369 0.194726166329
6384 0.196754563895
6392 0.19878296146
6419 0.200811359026
6429 0.202839756592
6442 0.204868154158
6461 0.206896551724
6514 0.20892494929
6570 0.210953346856
6590 0.212981744422
6641 0.215010141988
6650 0.217038539554
6673 0.21906693712
6701 0.221095334686
6739 0.223123732252
6744 0.225152129817
6765 0.227180527383
6785 0.229208924949
6816 0.231237322515
6828 0.233265720081
6838 0.235294117647
6844 0.237322515213
6854 0.239350912779
6860 0.241379310345
6864 0.243407707911
6908 0.245436105477
6941 0.247464503043
6953 0.249492900609
7018 0.251521298174
7090 0.25354969574
7181 0.255578093306
7185 0.257606490872
7227 0.259634888438
7279 0.261663286004
7286 0.26369168357
7289 0.265720081136
7302 0.267748478702
7316 0.269776876268
7317 0.271805273834
7352 0.2738336714
7396 0.275862068966
7468 0.277890466531
7538 0.279918864097
7624 0.281947261663
7731 0.283975659229
7752 0.286004056795
7809 0.288032454361
7821 0.290060851927
7824 0.292089249493
7842 0.294117647059
7853 0.296146044625
7897 0.298174442191
7948 0.302231237323
7948 0.302231237323
7971 0.304259634888
7973 0.30831643002
7973 0.30831643002
8001 0.310344827586
8011 0.312373225152
8058 0.314401622718
8119 0.316430020284
8148 0.31845841785
8245 0.320486815416
8274 0.322515212982
8313 0.324543610548
8396 0.326572008114
8446 0.32860040568
8464 0.330628803245
8470 0.332657200811
8520 0.334685598377
8550 0.336713995943
8592 0.338742393509
8614 0.340770791075
8662 0.342799188641
8681 0.344827586207
8798 0.346855983773
8827 0.348884381339
8847 0.350912778905
8881 0.352941176471
8896 0.354969574037
8902 0.356997971602
8933 0.359026369168
8937 0.361054766734
8947 0.3630831643
8950 0.365111561866
8951 0.367139959432
9002 0.369168356998
9005 0.371196754564
9016 0.37322515213
9050 0.375253549696
9096 0.377281947262
9149 0.379310344828
9236 0.381338742394
9303 0.383367139959
9306 0.385395537525
9323 0.387423935091
9421 0.389452332657
9424 0.391480730223
9472 0.393509127789
9498 0.395537525355
9557 0.397565922921
9591 0.399594320487
9601 0.401622718053
9604 0.403651115619
9613 0.405679513185
9622 0.407707910751
9623 0.409736308316
9630 0.411764705882
9662 0.413793103448
9673 0.415821501014
9695 0.41784989858
9736 0.419878296146
9754 0.421906693712
9760 0.423935091278
9763 0.425963488844
9872 0.42799188641
9917 0.430020283976
9931 0.432048681542
10054 0.434077079108
10078 0.436105476673
10085 0.438133874239
10114 0.440162271805
10162 0.442190669371
10231 0.444219066937
10284 0.446247464503
10310 0.448275862069
10351 0.450304259635
10368 0.452332657201
10407 0.454361054767
10408 0.456389452333
10461 0.458417849899
10511 0.460446247465
10596 0.46247464503
10629 0.464503042596
10634 0.466531440162
10641 0.468559837728
10694 0.470588235294
10714 0.47261663286
10724 0.474645030426
10759 0.476673427992
10779 0.478701825558
10792 0.480730223124
10839 0.48275862069
10869 0.484787018256
10887 0.488843813387
10887 0.488843813387
10950 0.490872210953
10984 0.492900608519
11035 0.494929006085
11056 0.496957403651
11143 0.498985801217
11152 0.501014198783
11178 0.503042596349
11200 0.505070993915
11267 0.507099391481
11312 0.509127789047
11328 0.511156186613
11331 0.513184584178
11333 0.515212981744
11368 0.51724137931
11436 0.519269776876
11460 0.521298174442
11478 0.523326572008
11497 0.525354969574
11528 0.52738336714
11533 0.529411764706
11611 0.531440162272
11657 0.533468559838
11818 0.535496957404
11850 0.53752535497
11851 0.539553752535
11901 0.541582150101
11984 0.543610547667
12036 0.545638945233
12098 0.547667342799
12106 0.549695740365
12122 0.551724137931
12139 0.553752535497
12151 0.555780933063
12176 0.557809330629
12227 0.559837728195
12252 0.561866125761
12261 0.563894523327
12351 0.565922920892
12417 0.567951318458
12495 0.569979716024
12516 0.57200811359
12553 0.574036511156
12572 0.576064908722
12579 0.578093306288
12600 0.580121703854
12613 0.58215010142
12728 0.584178498986
12766 0.586206896552
12869 0.588235294118
12902 0.590263691684
12970 0.592292089249
12971 0.594320486815
13035 0.596348884381
13089 0.598377281947
13104 0.600405679513
13157 0.602434077079
13238 0.604462474645
13313 0.606490872211
13394 0.608519269777
13432 0.610547667343
13513 0.612576064909
13525 0.614604462475
13570 0.616632860041
13632 0.618661257606
13677 0.620689655172
13738 0.622718052738
13740 0.624746450304
13786 0.62677484787
13820 0.628803245436
13822 0.630831643002
13860 0.632860040568
13912 0.634888438134
13924 0.6369168357
13944 0.638945233266
13970 0.640973630832
14006 0.643002028398
14120 0.645030425963
14204 0.647058823529
14226 0.649087221095
14239 0.651115618661
14272 0.653144016227
14307 0.655172413793
14437 0.657200811359
14454 0.659229208925
14483 0.661257606491
14499 0.663286004057
14524 0.665314401623
14623 0.667342799189
14647 0.669371196755
14760 0.67139959432
14859 0.673427991886
14882 0.675456389452
14925 0.677484787018
14937 0.679513184584
14965 0.68154158215
15016 0.683569979716
15024 0.685598377282
15127 0.687626774848
15213 0.689655172414
15223 0.69168356998
15258 0.693711967546
15303 0.695740365112
15345 0.697768762677
15398 0.699797160243
15487 0.703853955375
15487 0.703853955375
15514 0.705882352941
15547 0.707910750507
15565 0.709939148073
15572 0.711967545639
15594 0.713995943205
15701 0.716024340771
15720 0.718052738337
15725 0.720081135903
15734 0.722109533469
15854 0.724137931034
15860 0.7261663286
15902 0.728194726166
15946 0.730223123732
16110 0.732251521298
16176 0.734279918864
16199 0.73630831643
16212 0.738336713996
16240 0.740365111562
16246 0.742393509128
16281 0.744421906694
16316 0.74645030426
16408 0.748478701826
16432 0.750507099391
16468 0.752535496957
16522 0.754563894523
16529 0.756592292089
16537 0.758620689655
16568 0.760649087221
16642 0.762677484787
16651 0.764705882353
16762 0.766734279919
16854 0.768762677485
16876 0.770791075051
17154 0.772819472617
17180 0.774847870183
17301 0.776876267748
17330 0.778904665314
17373 0.78093306288
17413 0.782961460446
17444 0.784989858012
17458 0.787018255578
17501 0.789046653144
17578 0.79107505071
17637 0.793103448276
17654 0.795131845842
17750 0.797160243408
17831 0.799188640974
17983 0.80121703854
18159 0.803245436105
18193 0.805273833671
18257 0.807302231237
18283 0.809330628803
18348 0.811359026369
18393 0.813387423935
18467 0.815415821501
18484 0.817444219067
18522 0.819472616633
18595 0.821501014199
18607 0.823529411765
18614 0.825557809331
18670 0.827586206897
18907 0.829614604462
19090 0.831643002028
19269 0.833671399594
19459 0.83569979716
19481 0.837728194726
19570 0.839756592292
19667 0.841784989858
19930 0.843813387424
19997 0.84584178499
20014 0.847870182556
20112 0.849898580122
20281 0.851926977688
20436 0.853955375254
20465 0.855983772819
20890 0.858012170385
21265 0.860040567951
21315 0.862068965517
21431 0.864097363083
21446 0.866125760649
21465 0.868154158215
21640 0.870182555781
21886 0.872210953347
22051 0.874239350913
22080 0.876267748479
22258 0.878296146045
22308 0.880324543611
22590 0.882352941176
22619 0.884381338742
23366 0.886409736308
23397 0.888438133874
23417 0.89046653144
23487 0.892494929006
23554 0.894523326572
23598 0.896551724138
23822 0.898580121704
23823 0.90060851927
24355 0.902636916836
24556 0.904665314402
24758 0.906693711968
24957 0.908722109533
25490 0.910750507099
27470 0.912778904665
28039 0.914807302231
28169 0.916835699797
29835 0.918864097363
30065 0.920892494929
30913 0.922920892495
31466 0.924949290061
31532 0.926977687627
32110 0.929006085193
34915 0.931034482759
35679 0.933062880325
35937 0.93509127789
35953 0.937119675456
36731 0.939148073022
36805 0.941176470588
38875 0.943204868154
39030 0.94523326572
39056 0.947261663286
39089 0.949290060852
40105 0.951318458418
40217 0.953346855984
40357 0.95537525355
40672 0.957403651116
41137 0.959432048682
43271 0.961460446247
43311 0.963488843813
44187 0.965517241379
45677 0.967545638945
46974 0.969574036511
51786 0.971602434077
53428 0.973630831643
56098 0.975659229209
56870 0.977687626775
57972 0.979716024341
58781 0.981744421907
60084 0.983772819473
62716 0.985801217039
72681 0.987829614604
81464 0.98985801217
85270 0.991886409736
92849 0.993914807302
97776 0.995943204868
125046 0.997971602434
455079 1.0
