48 0.00202429149798
566 0.00404858299595
1052 0.00607287449393
1156 0.0080971659919
1175 0.0101214574899
1219 0.0121457489879
1333 0.0141700404858
1355 0.0161943319838
1466 0.0182186234818
1480 0.0202429149798
1494 0.0222672064777
1563 0.0242914979757
1692 0.0263157894737
1701 0.0283400809717
1792 0.0303643724696
1806 0.0323886639676
1819 0.0344129554656
1854 0.0364372469636
1971 0.0384615384615
2027 0.0404858299595
2028 0.0425101214575
2032 0.0445344129555
2041 0.0465587044534
2073 0.0485829959514
2081 0.0506072874494
2102 0.0526315789474
2105 0.0546558704453
2126 0.0566801619433
2130 0.0587044534413
2139 0.0607287449393
2164 0.0627530364372
2181 0.0647773279352
2220 0.0668016194332
2244 0.0688259109312
2246 0.0708502024291
2248 0.0728744939271
2259 0.0748987854251
2309 0.0769230769231
2322 0.0789473684211
2335 0.080971659919
2347 0.082995951417
2351 0.085020242915
2376 0.087044534413
2419 0.0890688259109
2432 0.0910931174089
2465 0.0931174089069
2494 0.0951417004049
2498 0.0971659919028
2515 0.0991902834008
2525 0.101214574899
2532 0.103238866397
2552 0.105263157895
2565 0.107287449393
2605 0.109311740891
2608 0.111336032389
2618 0.113360323887
2650 0.115384615385
2683 0.117408906883
2755 0.119433198381
2760 0.121457489879
2772 0.123481781377
2773 0.125506072874
2782 0.127530364372
2792 0.12955465587
2797 0.131578947368
2806 0.133603238866
2810 0.135627530364
2812 0.137651821862
2835 0.13967611336
2851 0.141700404858
2886 0.143724696356
2899 0.145748987854
2945 0.147773279352
2983 0.14979757085
2985 0.151821862348
2997 0.153846153846
3005 0.155870445344
3011 0.157894736842
3041 0.15991902834
3051 0.163967611336
3051 0.163967611336
3052 0.165991902834
3053 0.168016194332
3054 0.17004048583
3059 0.172064777328
3065 0.174089068826
3082 0.176113360324
3100 0.178137651822
3102 0.18016194332
3117 0.182186234818
3138 0.184210526316
3149 0.186234817814
3161 0.188259109312
3172 0.19028340081
3191 0.192307692308
3195 0.194331983806
3200 0.196356275304
3216 0.198380566802
3227 0.2004048583
3230 0.202429149798
3238 0.204453441296
3242 0.206477732794
3264 0.208502024291
3271 0.210526315789
3283 0.212550607287
3286 0.214574898785
3293 0.216599190283
3299 0.218623481781
3338 0.220647773279
3341 0.222672064777
3345 0.226720647773
3345 0.226720647773
3354 0.228744939271
3360 0.230769230769
3383 0.232793522267
3387 0.234817813765
3394 0.236842105263
3402 0.238866396761
3417 0.240890688259
3420 0.242914979757
3423 0.244939271255
3432 0.246963562753
3440 0.248987854251
3442 0.255060728745
3442 0.255060728745
3442 0.255060728745
3443 0.257085020243
3487 0.259109311741
3496 0.261133603239
3524 0.263157894737
3536 0.265182186235
3570 0.267206477733
3596 0.269230769231
3613 0.271255060729
3626 0.273279352227
3632 0.277327935223
3632 0.277327935223
3633 0.279352226721
3651 0.281376518219
3679 0.283400809717
3682 0.285425101215
3687 0.287449392713
3704 0.291497975709
3704 0.291497975709
3707 0.293522267206
3711 0.295546558704
3713 0.297570850202
3732 0.2995951417
3740 0.301619433198
3759 0.303643724696
3769 0.307692307692
3769 0.307692307692
3773 0.30971659919
3775 0.311740890688
3798 0.313765182186
3804 0.315789473684
3817 0.317813765182
3823 0.31983805668
3827 0.321862348178
3832 0.323886639676
3845 0.325910931174
3857 0.327935222672
3893 0.32995951417
3921 0.331983805668
3930 0.334008097166
3932 0.336032388664
3943 0.338056680162
3946 0.342105263158
3946 0.342105263158
3956 0.344129554656
3969 0.346153846154
3973 0.348178137652
3981 0.35020242915
4021 0.352226720648
4032 0.354251012146
4072 0.356275303644
4076 0.358299595142
4079 0.36032388664
4083 0.362348178138
4085 0.364372469636
4088 0.366396761134
4138 0.368421052632
4171 0.37044534413
4186 0.372469635628
4205 0.374493927126
4215 0.376518218623
4219 0.378542510121
4226 0.380566801619
4325 0.382591093117
4337 0.384615384615
4343 0.386639676113
4358 0.388663967611
4362 0.390688259109
4378 0.392712550607
4385 0.394736842105
4393 0.396761133603
4406 0.398785425101
4415 0.400809716599
4417 0.402834008097
4432 0.404858299595
4439 0.406882591093
4476 0.408906882591
4477 0.410931174089
4485 0.412955465587
4495 0.414979757085
4498 0.417004048583
4500 0.419028340081
4509 0.421052631579
4518 0.423076923077
4524 0.425101214575
4543 0.429149797571
4543 0.429149797571
4546 0.431174089069
4563 0.433198380567
4565 0.437246963563
4565 0.437246963563
4568 0.439271255061
4570 0.441295546559
4610 0.443319838057
4611 0.447368421053
4611 0.447368421053
4621 0.449392712551
4626 0.451417004049
4627 0.453441295547
4633 0.455465587045
4645 0.457489878543
4650 0.45951417004
4657 0.461538461538
4707 0.463562753036
4713 0.465587044534
4718 0.467611336032
4771 0.46963562753
4790 0.471659919028
4798 0.473684210526
4837 0.475708502024
4839 0.477732793522
4860 0.47975708502
4863 0.481781376518
4868 0.483805668016
4874 0.485829959514
4895 0.487854251012
4907 0.48987854251
4908 0.491902834008
4913 0.493927125506
4916 0.495951417004
4917 0.497975708502
4940 0.5
4947 0.502024291498
4963 0.504048582996
4994 0.506072874494
4996 0.508097165992
4998 0.51012145749
5002 0.512145748988
5047 0.514170040486
5052 0.516194331984
5070 0.518218623482
5081 0.52024291498
5083 0.522267206478
5084 0.524291497976
5101 0.526315789474
5112 0.528340080972
5132 0.53036437247
5133 0.532388663968
5154 0.534412955466
5172 0.536437246964
5183 0.538461538462
5189 0.54048582996
5195 0.542510121457
5203 0.544534412955
5209 0.546558704453
5244 0.548582995951
5266 0.550607287449
5277 0.552631578947
5279 0.556680161943
5279 0.556680161943
5297 0.558704453441
5324 0.560728744939
5337 0.562753036437
5338 0.564777327935
5386 0.566801619433
5391 0.568825910931
5472 0.570850202429
5483 0.572874493927
5503 0.574898785425
5508 0.576923076923
5524 0.578947368421
5538 0.580971659919
5546 0.582995951417
5562 0.585020242915
5587 0.587044534413
5588 0.589068825911
5589 0.591093117409
5597 0.593117408907
5610 0.595141700405
5631 0.597165991903
5632 0.599190283401
5697 0.601214574899
5714 0.603238866397
5722 0.605263157895
5782 0.607287449393
5804 0.609311740891
5812 0.611336032389
5833 0.613360323887
5834 0.615384615385
5837 0.617408906883
5859 0.619433198381
5867 0.621457489879
5870 0.623481781377
5897 0.625506072874
5910 0.627530364372
5935 0.62955465587
5936 0.631578947368
5939 0.633603238866
5951 0.635627530364
5977 0.637651821862
6032 0.63967611336
6035 0.641700404858
6108 0.643724696356
6138 0.645748987854
6151 0.647773279352
6177 0.64979757085
6199 0.651821862348
6241 0.653846153846
6254 0.655870445344
6298 0.657894736842
6322 0.65991902834
6323 0.661943319838
6336 0.663967611336
6369 0.665991902834
6372 0.668016194332
6390 0.67004048583
6407 0.672064777328
6427 0.674089068826
6432 0.676113360324
6439 0.678137651822
6440 0.68016194332
6444 0.682186234818
6452 0.684210526316
6489 0.686234817814
6533 0.688259109312
6579 0.69028340081
6582 0.692307692308
6604 0.694331983806
6643 0.698380566802
6643 0.698380566802
6698 0.7004048583
6721 0.702429149798
6753 0.704453441296
6772 0.706477732794
6782 0.708502024291
6790 0.710526315789
6799 0.712550607287
6808 0.714574898785
6824 0.716599190283
6852 0.718623481781
6853 0.720647773279
6892 0.722672064777
6946 0.724696356275
6963 0.726720647773
6991 0.728744939271
6997 0.730769230769
7009 0.732793522267
7085 0.734817813765
7092 0.736842105263
7107 0.738866396761
7143 0.740890688259
7150 0.742914979757
7153 0.744939271255
7163 0.746963562753
7180 0.748987854251
7208 0.751012145749
7314 0.753036437247
7331 0.755060728745
7409 0.757085020243
7411 0.759109311741
7443 0.761133603239
7549 0.763157894737
7557 0.765182186235
7568 0.767206477733
7584 0.769230769231
7586 0.771255060729
7626 0.773279352227
7656 0.775303643725
7667 0.777327935223
7680 0.779352226721
7747 0.781376518219
7762 0.783400809717
7775 0.785425101215
7824 0.787449392713
7851 0.789473684211
7879 0.791497975709
7989 0.793522267206
8029 0.795546558704
8036 0.797570850202
8038 0.7995951417
8046 0.801619433198
8048 0.803643724696
8056 0.805668016194
8077 0.807692307692
8083 0.80971659919
8122 0.811740890688
8137 0.815789473684
8137 0.815789473684
8153 0.817813765182
8218 0.81983805668
8221 0.821862348178
8232 0.823886639676
8238 0.825910931174
8250 0.827935222672
8284 0.82995951417
8362 0.831983805668
8365 0.834008097166
8385 0.836032388664
8428 0.838056680162
8516 0.84008097166
8622 0.842105263158
8679 0.844129554656
8741 0.846153846154
8752 0.848178137652
8803 0.85020242915
8849 0.852226720648
8857 0.854251012146
8903 0.856275303644
8932 0.858299595142
8939 0.86032388664
8940 0.862348178138
9048 0.864372469636
9090 0.866396761134
9189 0.868421052632
9214 0.87044534413
9221 0.872469635628
9297 0.874493927126
9298 0.876518218623
9399 0.878542510121
9529 0.880566801619
9583 0.882591093117
9634 0.884615384615
9649 0.886639676113
9715 0.888663967611
9777 0.890688259109
9804 0.892712550607
9807 0.894736842105
9863 0.896761133603
9891 0.898785425101
9912 0.900809716599
9924 0.902834008097
9935 0.904858299595
9989 0.906882591093
10017 0.908906882591
10038 0.910931174089
10062 0.912955465587
10120 0.914979757085
10154 0.917004048583
10179 0.919028340081
10305 0.921052631579
10355 0.923076923077
10368 0.925101214575
10438 0.927125506073
10506 0.929149797571
10510 0.931174089069
10559 0.933198380567
10661 0.935222672065
10748 0.937246963563
10999 0.939271255061
11404 0.941295546559
11474 0.943319838057
11970 0.945344129555
12088 0.947368421053
12181 0.949392712551
12296 0.951417004049
12418 0.953441295547
12528 0.955465587045
12593 0.957489878543
12660 0.95951417004
12809 0.961538461538
12838 0.963562753036
12915 0.965587044534
13200 0.967611336032
13274 0.96963562753
13799 0.971659919028
13969 0.973684210526
13981 0.975708502024
14423 0.977732793522
15342 0.97975708502
15609 0.981781376518
15627 0.983805668016
15928 0.985829959514
16882 0.987854251012
17388 0.98987854251
28191 0.991902834008
76251 0.993927125506
98261 0.995951417004
119792 0.997975708502
422466 1.0
