61 0.00202429149798
918 0.00404858299595
1449 0.00607287449393
1621 0.0080971659919
1646 0.0101214574899
1648 0.0121457489879
1965 0.0141700404858
2011 0.0161943319838
2130 0.0182186234818
2291 0.0202429149798
2382 0.0222672064777
2441 0.0242914979757
2464 0.0263157894737
2507 0.0283400809717
2510 0.0303643724696
2604 0.0323886639676
2614 0.0344129554656
2662 0.0364372469636
2711 0.0384615384615
2768 0.0404858299595
2832 0.0425101214575
2920 0.0445344129555
2922 0.0465587044534
2929 0.0485829959514
2973 0.0506072874494
3029 0.0526315789474
3092 0.0546558704453
3100 0.0566801619433
3158 0.0587044534413
3160 0.0607287449393
3183 0.0627530364372
3185 0.0647773279352
3220 0.0668016194332
3226 0.0688259109312
3287 0.0708502024291
3296 0.0728744939271
3298 0.0748987854251
3366 0.0769230769231
3379 0.0789473684211
3429 0.080971659919
3431 0.082995951417
3483 0.085020242915
3486 0.087044534413
3499 0.0890688259109
3535 0.0910931174089
3546 0.0931174089069
3558 0.0951417004049
3580 0.0971659919028
3634 0.0991902834008
3656 0.101214574899
3671 0.103238866397
3679 0.105263157895
3700 0.107287449393
3702 0.109311740891
3703 0.111336032389
3705 0.113360323887
3707 0.115384615385
3719 0.117408906883
3736 0.119433198381
3783 0.121457489879
3801 0.123481781377
3816 0.125506072874
3848 0.127530364372
3862 0.12955465587
3868 0.131578947368
3915 0.133603238866
4024 0.135627530364
4048 0.13967611336
4048 0.13967611336
4106 0.141700404858
4125 0.143724696356
4133 0.145748987854
4157 0.147773279352
4184 0.14979757085
4197 0.151821862348
4219 0.155870445344
4219 0.155870445344
4227 0.157894736842
4234 0.15991902834
4237 0.161943319838
4265 0.163967611336
4295 0.165991902834
4313 0.168016194332
4316 0.17004048583
4340 0.172064777328
4366 0.174089068826
4385 0.176113360324
4415 0.178137651822
4417 0.18016194332
4420 0.182186234818
4440 0.184210526316
4442 0.186234817814
4469 0.188259109312
4471 0.19028340081
4473 0.192307692308
4480 0.194331983806
4502 0.196356275304
4527 0.2004048583
4527 0.2004048583
4529 0.202429149798
4543 0.204453441296
4553 0.208502024291
4553 0.208502024291
4561 0.210526315789
4587 0.212550607287
4589 0.214574898785
4600 0.216599190283
4606 0.218623481781
4615 0.220647773279
4616 0.222672064777
4619 0.224696356275
4628 0.226720647773
4630 0.228744939271
4632 0.230769230769
4655 0.232793522267
4690 0.234817813765
4693 0.236842105263
4694 0.238866396761
4699 0.240890688259
4708 0.242914979757
4719 0.244939271255
4723 0.246963562753
4725 0.248987854251
4730 0.251012145749
4747 0.253036437247
4750 0.255060728745
4755 0.257085020243
4773 0.261133603239
4773 0.261133603239
4775 0.263157894737
4776 0.265182186235
4782 0.267206477733
4791 0.269230769231
4798 0.271255060729
4822 0.273279352227
4827 0.275303643725
4860 0.277327935223
4888 0.279352226721
4906 0.281376518219
4908 0.283400809717
4924 0.285425101215
4929 0.287449392713
4951 0.289473684211
4958 0.291497975709
4971 0.293522267206
5021 0.295546558704
5040 0.297570850202
5051 0.2995951417
5077 0.301619433198
5102 0.303643724696
5103 0.305668016194
5104 0.307692307692
5107 0.30971659919
5122 0.311740890688
5152 0.313765182186
5155 0.315789473684
5181 0.317813765182
5226 0.31983805668
5237 0.321862348178
5251 0.323886639676
5263 0.327935222672
5263 0.327935222672
5267 0.32995951417
5282 0.331983805668
5288 0.334008097166
5292 0.336032388664
5309 0.338056680162
5312 0.34008097166
5324 0.342105263158
5337 0.344129554656
5369 0.346153846154
5379 0.348178137652
5395 0.35020242915
5435 0.352226720648
5442 0.354251012146
5478 0.356275303644
5488 0.358299595142
5494 0.36032388664
5534 0.362348178138
5536 0.364372469636
5544 0.366396761134
5558 0.368421052632
5569 0.372469635628
5569 0.372469635628
5570 0.374493927126
5574 0.376518218623
5585 0.378542510121
5616 0.380566801619
5625 0.382591093117
5629 0.384615384615
5644 0.386639676113
5653 0.388663967611
5656 0.390688259109
5659 0.392712550607
5670 0.394736842105
5699 0.396761133603
5704 0.398785425101
5707 0.400809716599
5735 0.402834008097
5767 0.404858299595
5775 0.406882591093
5837 0.408906882591
5859 0.410931174089
5959 0.412955465587
5980 0.414979757085
5992 0.417004048583
5993 0.419028340081
6013 0.421052631579
6058 0.423076923077
6062 0.425101214575
6066 0.427125506073
6073 0.429149797571
6075 0.431174089069
6087 0.433198380567
6099 0.435222672065
6122 0.437246963563
6144 0.439271255061
6150 0.441295546559
6158 0.443319838057
6178 0.445344129555
6190 0.447368421053
6217 0.449392712551
6224 0.451417004049
6270 0.453441295547
6276 0.455465587045
6279 0.457489878543
6315 0.45951417004
6370 0.461538461538
6401 0.463562753036
6405 0.465587044534
6435 0.467611336032
6459 0.46963562753
6469 0.471659919028
6475 0.473684210526
6481 0.475708502024
6493 0.477732793522
6500 0.47975708502
6505 0.481781376518
6514 0.483805668016
6526 0.485829959514
6545 0.487854251012
6552 0.48987854251
6603 0.491902834008
6626 0.493927125506
6641 0.495951417004
6662 0.497975708502
6668 0.5
6684 0.502024291498
6708 0.504048582996
6713 0.506072874494
6726 0.508097165992
6731 0.51012145749
6737 0.512145748988
6762 0.514170040486
6781 0.516194331984
6784 0.518218623482
6799 0.52024291498
6808 0.522267206478
6818 0.524291497976
6826 0.526315789474
6828 0.528340080972
6843 0.53036437247
6855 0.532388663968
6861 0.534412955466
6872 0.536437246964
6886 0.538461538462
6895 0.54048582996
6919 0.542510121457
6920 0.544534412955
6935 0.546558704453
6970 0.548582995951
7023 0.550607287449
7029 0.552631578947
7031 0.554655870445
7074 0.556680161943
7094 0.558704453441
7098 0.560728744939
7126 0.562753036437
7153 0.564777327935
7159 0.566801619433
7199 0.568825910931
7207 0.572874493927
7207 0.572874493927
7214 0.574898785425
7217 0.576923076923
7223 0.578947368421
7244 0.580971659919
7246 0.582995951417
7247 0.585020242915
7260 0.587044534413
7282 0.589068825911
7296 0.591093117409
7306 0.593117408907
7314 0.595141700405
7316 0.597165991903
7328 0.599190283401
7356 0.601214574899
7376 0.603238866397
7383 0.605263157895
7415 0.607287449393
7434 0.609311740891
7462 0.611336032389
7471 0.613360323887
7491 0.615384615385
7543 0.617408906883
7552 0.619433198381
7577 0.621457489879
7599 0.623481781377
7631 0.625506072874
7634 0.627530364372
7641 0.62955465587
7648 0.631578947368
7657 0.633603238866
7685 0.635627530364
7706 0.637651821862
7740 0.63967611336
7805 0.641700404858
7808 0.643724696356
7832 0.645748987854
7837 0.647773279352
7870 0.64979757085
7871 0.651821862348
7874 0.653846153846
7894 0.655870445344
7934 0.657894736842
8025 0.65991902834
8057 0.661943319838
8067 0.663967611336
8070 0.665991902834
8081 0.668016194332
8129 0.67004048583
8131 0.672064777328
8148 0.674089068826
8199 0.676113360324
8209 0.678137651822
8217 0.68016194332
8221 0.684210526316
8221 0.684210526316
8268 0.686234817814
8308 0.688259109312
8349 0.69028340081
8368 0.692307692308
8424 0.694331983806
8461 0.696356275304
8498 0.698380566802
8506 0.7004048583
8536 0.702429149798
8549 0.704453441296
8597 0.706477732794
8622 0.708502024291
8644 0.710526315789
8727 0.712550607287
8731 0.714574898785
8742 0.716599190283
8746 0.718623481781
8780 0.720647773279
8793 0.722672064777
8795 0.724696356275
8796 0.726720647773
8838 0.728744939271
8844 0.730769230769
8910 0.732793522267
8934 0.734817813765
8950 0.736842105263
8965 0.738866396761
8987 0.740890688259
8994 0.742914979757
9045 0.744939271255
9046 0.746963562753
9056 0.748987854251
9069 0.751012145749
9082 0.753036437247
9128 0.755060728745
9152 0.757085020243
9201 0.759109311741
9292 0.761133603239
9298 0.763157894737
9308 0.765182186235
9312 0.767206477733
9345 0.769230769231
9347 0.771255060729
9364 0.773279352227
9367 0.775303643725
9371 0.777327935223
9381 0.779352226721
9465 0.781376518219
9659 0.783400809717
9787 0.785425101215
9807 0.787449392713
9856 0.789473684211
9860 0.791497975709
9875 0.793522267206
9889 0.795546558704
9920 0.797570850202
10091 0.7995951417
10108 0.801619433198
10130 0.803643724696
10163 0.805668016194
10173 0.807692307692
10189 0.80971659919
10193 0.811740890688
10206 0.813765182186
10248 0.815789473684
10265 0.817813765182
10328 0.81983805668
10386 0.821862348178
10392 0.823886639676
10423 0.825910931174
10441 0.827935222672
10466 0.82995951417
10472 0.831983805668
10504 0.834008097166
10507 0.836032388664
10523 0.838056680162
10641 0.84008097166
10709 0.842105263158
10753 0.844129554656
10794 0.846153846154
10795 0.848178137652
10797 0.85020242915
10994 0.852226720648
11132 0.854251012146
11163 0.856275303644
11206 0.858299595142
11246 0.86032388664
11253 0.862348178138
11258 0.864372469636
11310 0.866396761134
11323 0.868421052632
11465 0.87044534413
11481 0.872469635628
11504 0.874493927126
11517 0.876518218623
11669 0.878542510121
11938 0.880566801619
11940 0.882591093117
11976 0.884615384615
11989 0.886639676113
11994 0.888663967611
12029 0.890688259109
12060 0.892712550607
12067 0.894736842105
12103 0.896761133603
12172 0.898785425101
12194 0.900809716599
12199 0.902834008097
12271 0.904858299595
12278 0.906882591093
12329 0.908906882591
12335 0.910931174089
12499 0.912955465587
12590 0.914979757085
12592 0.917004048583
12782 0.919028340081
12867 0.921052631579
13089 0.923076923077
13167 0.925101214575
13284 0.927125506073
13398 0.929149797571
13412 0.931174089069
13629 0.933198380567
13695 0.935222672065
13752 0.937246963563
13767 0.939271255061
13796 0.941295546559
13896 0.943319838057
14023 0.945344129555
14027 0.947368421053
14238 0.949392712551
14286 0.951417004049
14309 0.953441295547
14334 0.955465587045
14573 0.957489878543
15025 0.95951417004
15148 0.961538461538
15303 0.963562753036
15375 0.965587044534
15527 0.967611336032
16080 0.96963562753
16217 0.971659919028
16449 0.973684210526
16473 0.975708502024
16789 0.977732793522
17046 0.97975708502
17695 0.981781376518
17930 0.983805668016
18471 0.985829959514
18744 0.987854251012
19431 0.98987854251
26785 0.991902834008
73467 0.993927125506
120617 0.995951417004
134651 0.997975708502
405060 1.0
