52 0.00202839756592
1376 0.00405679513185
1390 0.00608519269777
1596 0.00811359026369
1876 0.0101419878296
2276 0.0121703853955
2509 0.0141987829615
2569 0.0162271805274
3022 0.0182555780933
3034 0.0202839756592
3121 0.0223123732252
3271 0.0243407707911
3399 0.026369168357
3532 0.0283975659229
3579 0.0304259634888
3593 0.0324543610548
3610 0.0344827586207
3620 0.0365111561866
3659 0.0385395537525
3666 0.0405679513185
3701 0.0425963488844
3778 0.0446247464503
3933 0.0466531440162
3944 0.0486815415822
3998 0.0507099391481
4008 0.052738336714
4045 0.0547667342799
4078 0.0567951318458
4141 0.0588235294118
4214 0.0608519269777
4251 0.0628803245436
4262 0.0649087221095
4397 0.0669371196755
4515 0.0689655172414
4676 0.0709939148073
4779 0.0730223123732
4871 0.0750507099391
4923 0.0770791075051
4937 0.079107505071
4949 0.0811359026369
5095 0.0831643002028
5174 0.0851926977688
5244 0.0872210953347
5286 0.0892494929006
5365 0.0912778904665
5370 0.0933062880325
5380 0.0953346855984
5392 0.0973630831643
5394 0.0993914807302
5402 0.101419878296
5448 0.103448275862
5508 0.105476673428
5513 0.107505070994
5545 0.10953346856
5546 0.111561866126
5580 0.113590263692
5608 0.115618661258
5625 0.117647058824
5631 0.119675456389
5715 0.121703853955
5732 0.123732251521
5786 0.125760649087
5794 0.127789046653
5801 0.129817444219
5807 0.131845841785
5822 0.133874239351
5841 0.135902636917
5896 0.137931034483
5936 0.139959432049
5972 0.141987829615
5994 0.144016227181
5998 0.146044624746
6000 0.148073022312
6001 0.150101419878
6005 0.152129817444
6029 0.15415821501
6093 0.156186612576
6124 0.158215010142
6160 0.160243407708
6168 0.162271805274
6196 0.16430020284
6204 0.166328600406
6211 0.168356997972
6242 0.170385395538
6256 0.172413793103
6266 0.174442190669
6286 0.176470588235
6288 0.178498985801
6343 0.180527383367
6372 0.182555780933
6380 0.184584178499
6407 0.186612576065
6418 0.188640973631
6475 0.190669371197
6478 0.192697768763
6480 0.194726166329
6504 0.196754563895
6531 0.19878296146
6535 0.200811359026
6546 0.202839756592
6575 0.204868154158
6584 0.206896551724
6588 0.20892494929
6601 0.210953346856
6609 0.212981744422
6702 0.215010141988
6740 0.217038539554
6805 0.21906693712
6865 0.221095334686
6878 0.225152129817
6878 0.225152129817
6885 0.227180527383
6886 0.229208924949
6906 0.231237322515
6937 0.233265720081
6990 0.235294117647
6994 0.237322515213
7015 0.239350912779
7045 0.241379310345
7054 0.243407707911
7057 0.245436105477
7069 0.247464503043
7081 0.249492900609
7115 0.251521298174
7157 0.25354969574
7167 0.255578093306
7198 0.257606490872
7250 0.259634888438
7265 0.261663286004
7277 0.26369168357
7289 0.265720081136
7308 0.267748478702
7314 0.269776876268
7324 0.271805273834
7385 0.2738336714
7425 0.275862068966
7457 0.277890466531
7463 0.279918864097
7481 0.281947261663
7498 0.283975659229
7527 0.286004056795
7569 0.288032454361
7580 0.290060851927
7593 0.292089249493
7643 0.294117647059
7699 0.296146044625
7809 0.298174442191
7875 0.300202839757
7900 0.302231237323
7910 0.304259634888
7956 0.306288032454
7983 0.30831643002
7997 0.310344827586
8062 0.312373225152
8070 0.314401622718
8159 0.316430020284
8185 0.31845841785
8217 0.320486815416
8226 0.322515212982
8231 0.324543610548
8296 0.326572008114
8299 0.32860040568
8319 0.330628803245
8344 0.332657200811
8355 0.334685598377
8359 0.336713995943
8472 0.338742393509
8489 0.340770791075
8530 0.342799188641
8578 0.344827586207
8591 0.346855983773
8601 0.348884381339
8603 0.350912778905
8604 0.352941176471
8615 0.354969574037
8624 0.356997971602
8633 0.359026369168
8652 0.361054766734
8668 0.3630831643
8678 0.365111561866
8692 0.367139959432
8699 0.369168356998
8712 0.371196754564
8729 0.37322515213
8743 0.375253549696
8744 0.377281947262
8753 0.379310344828
8758 0.381338742394
8773 0.383367139959
8776 0.385395537525
8781 0.387423935091
8795 0.389452332657
8819 0.391480730223
8829 0.393509127789
8837 0.395537525355
8874 0.397565922921
8881 0.399594320487
8933 0.401622718053
8934 0.403651115619
9023 0.405679513185
9055 0.407707910751
9056 0.409736308316
9059 0.411764705882
9098 0.413793103448
9103 0.415821501014
9131 0.41784989858
9167 0.419878296146
9189 0.421906693712
9202 0.423935091278
9215 0.425963488844
9250 0.42799188641
9255 0.430020283976
9270 0.432048681542
9289 0.434077079108
9317 0.436105476673
9318 0.438133874239
9357 0.440162271805
9368 0.442190669371
9369 0.444219066937
9442 0.446247464503
9446 0.448275862069
9475 0.450304259635
9505 0.456389452333
9505 0.456389452333
9505 0.456389452333
9530 0.458417849899
9560 0.460446247465
9562 0.46247464503
9588 0.464503042596
9596 0.466531440162
9604 0.468559837728
9613 0.470588235294
9616 0.47261663286
9620 0.474645030426
9626 0.476673427992
9637 0.478701825558
9673 0.480730223124
9693 0.48275862069
9707 0.484787018256
9723 0.486815415822
9747 0.488843813387
9749 0.490872210953
9777 0.492900608519
9827 0.494929006085
9836 0.496957403651
9849 0.498985801217
9870 0.501014198783
9873 0.503042596349
9888 0.505070993915
9899 0.507099391481
9950 0.509127789047
10001 0.511156186613
10010 0.513184584178
10028 0.515212981744
10075 0.51724137931
10103 0.519269776876
10124 0.521298174442
10139 0.523326572008
10251 0.525354969574
10301 0.52738336714
10354 0.529411764706
10386 0.531440162272
10458 0.533468559838
10478 0.535496957404
10479 0.53752535497
10542 0.539553752535
10563 0.541582150101
10593 0.543610547667
10740 0.545638945233
10815 0.547667342799
10844 0.549695740365
10859 0.551724137931
10889 0.553752535497
10929 0.555780933063
10955 0.557809330629
10975 0.559837728195
11010 0.561866125761
11042 0.563894523327
11080 0.565922920892
11121 0.567951318458
11135 0.569979716024
11266 0.57200811359
11356 0.574036511156
11361 0.576064908722
11427 0.578093306288
11428 0.580121703854
11476 0.58215010142
11484 0.584178498986
11501 0.586206896552
11514 0.588235294118
11519 0.590263691684
11540 0.592292089249
11597 0.594320486815
11616 0.596348884381
11634 0.598377281947
11759 0.600405679513
11818 0.602434077079
11835 0.604462474645
11847 0.606490872211
11897 0.608519269777
11900 0.610547667343
11931 0.612576064909
11965 0.614604462475
11974 0.616632860041
11996 0.618661257606
12030 0.620689655172
12041 0.622718052738
12095 0.624746450304
12096 0.62677484787
12122 0.628803245436
12153 0.630831643002
12154 0.632860040568
12281 0.634888438134
12313 0.6369168357
12326 0.638945233266
12328 0.640973630832
12375 0.643002028398
12389 0.645030425963
12471 0.647058823529
12476 0.649087221095
12498 0.651115618661
12502 0.653144016227
12536 0.655172413793
12554 0.657200811359
12564 0.659229208925
12601 0.661257606491
12684 0.663286004057
12685 0.665314401623
12712 0.667342799189
12774 0.669371196755
12854 0.67139959432
12891 0.673427991886
12902 0.675456389452
13025 0.677484787018
13042 0.679513184584
13051 0.68154158215
13072 0.683569979716
13107 0.685598377282
13131 0.687626774848
13150 0.689655172414
13169 0.69168356998
13175 0.693711967546
13191 0.695740365112
13235 0.697768762677
13260 0.699797160243
13282 0.701825557809
13311 0.703853955375
13343 0.705882352941
13418 0.707910750507
13426 0.709939148073
13799 0.711967545639
13833 0.713995943205
14004 0.716024340771
14022 0.718052738337
14106 0.720081135903
14156 0.722109533469
14200 0.724137931034
14236 0.7261663286
14378 0.728194726166
14383 0.730223123732
14473 0.732251521298
14479 0.734279918864
14492 0.73630831643
14588 0.738336713996
14651 0.740365111562
14719 0.742393509128
14765 0.744421906694
14836 0.74645030426
14880 0.748478701826
14890 0.750507099391
14968 0.752535496957
14985 0.754563894523
15228 0.756592292089
15236 0.758620689655
15238 0.760649087221
15320 0.762677484787
15450 0.764705882353
15468 0.766734279919
15588 0.768762677485
15614 0.770791075051
15685 0.772819472617
15760 0.774847870183
15840 0.776876267748
15859 0.778904665314
15897 0.78093306288
16069 0.782961460446
16121 0.784989858012
16205 0.787018255578
16288 0.789046653144
16345 0.79107505071
16395 0.793103448276
16523 0.795131845842
16560 0.797160243408
16601 0.799188640974
16633 0.80121703854
16673 0.803245436105
16816 0.805273833671
16838 0.807302231237
17087 0.809330628803
17111 0.811359026369
17118 0.813387423935
17132 0.815415821501
17174 0.817444219067
17200 0.819472616633
17382 0.821501014199
17417 0.823529411765
17467 0.825557809331
17605 0.827586206897
17638 0.829614604462
17763 0.831643002028
17783 0.833671399594
17791 0.83569979716
17794 0.837728194726
18151 0.839756592292
18364 0.841784989858
18565 0.843813387424
18588 0.84584178499
18648 0.847870182556
18701 0.849898580122
18722 0.851926977688
18840 0.853955375254
18882 0.855983772819
18909 0.858012170385
19244 0.860040567951
19390 0.862068965517
19632 0.864097363083
19765 0.866125760649
19819 0.868154158215
20066 0.870182555781
20494 0.872210953347
20496 0.874239350913
20995 0.876267748479
21191 0.878296146045
21405 0.880324543611
21451 0.882352941176
21530 0.884381338742
21539 0.886409736308
21657 0.888438133874
21668 0.89046653144
21852 0.892494929006
22757 0.894523326572
22803 0.896551724138
23112 0.898580121704
23324 0.90060851927
23350 0.902636916836
24397 0.904665314402
25529 0.906693711968
25587 0.908722109533
25611 0.910750507099
25686 0.912778904665
25959 0.914807302231
26169 0.916835699797
26198 0.918864097363
26330 0.920892494929
26595 0.922920892495
26955 0.924949290061
27314 0.926977687627
27797 0.929006085193
28479 0.931034482759
28582 0.933062880325
28638 0.93509127789
28790 0.937119675456
29551 0.939148073022
29977 0.941176470588
30984 0.943204868154
31243 0.94523326572
34529 0.947261663286
35082 0.949290060852
37123 0.951318458418
37782 0.953346855984
37952 0.95537525355
38663 0.957403651116
39765 0.959432048682
40672 0.961460446247
48328 0.963488843813
52074 0.965517241379
54088 0.967545638945
59582 0.969574036511
67983 0.971602434077
68038 0.973630831643
72016 0.975659229209
75726 0.977687626775
78353 0.979716024341
87513 0.981744421907
90645 0.983772819473
92541 0.985801217039
109707 0.987829614604
112343 0.98985801217
123997 0.991886409736
142477 0.993914807302
177210 0.995943204868
415935 0.997971602434
732076 1.0
