47 0.0020366598778
570 0.0040733197556
1417 0.0061099796334
1512 0.0081466395112
1531 0.010183299389
1614 0.0122199592668
1670 0.0142566191446
1784 0.0162932790224
1970 0.0183299389002
2215 0.020366598778
2268 0.0224032586558
2344 0.0244399185336
2510 0.0264765784114
2613 0.0285132382892
2650 0.030549898167
2769 0.0325865580448
2907 0.0346232179226
2943 0.0366598778004
3181 0.0386965376782
3440 0.040733197556
3468 0.0427698574338
3603 0.0448065173116
3675 0.0468431771894
3686 0.0488798370672
3823 0.050916496945
3894 0.0529531568228
3958 0.0549898167006
3987 0.0570264765784
3990 0.0590631364562
4030 0.061099796334
4233 0.0631364562118
4244 0.0651731160896
4434 0.0672097759674
4439 0.0692464358452
4518 0.071283095723
4531 0.0733197556008
4674 0.0753564154786
4708 0.0773930753564
4880 0.081466395112
4880 0.081466395112
5111 0.0835030549898
5433 0.0855397148676
5434 0.0875763747454
5672 0.0896130346232
5813 0.091649694501
5839 0.0936863543788
5843 0.0977596741344
5843 0.0977596741344
5946 0.0997963340122
6087 0.10183299389
6141 0.103869653768
6157 0.105906313646
6283 0.107942973523
6308 0.109979633401
6322 0.112016293279
6380 0.114052953157
6398 0.116089613035
6426 0.118126272912
6456 0.12016293279
6572 0.122199592668
6605 0.124236252546
6633 0.126272912424
6655 0.128309572301
6808 0.130346232179
6914 0.132382892057
7042 0.134419551935
7066 0.136456211813
7140 0.13849287169
7144 0.140529531568
7160 0.142566191446
7296 0.144602851324
7412 0.146639511202
7496 0.148676171079
7512 0.150712830957
7529 0.152749490835
7709 0.154786150713
7739 0.156822810591
7821 0.158859470468
7833 0.160896130346
7846 0.162932790224
7926 0.164969450102
8099 0.16700610998
8117 0.169042769857
8190 0.171079429735
8232 0.175152749491
8232 0.175152749491
8236 0.177189409369
8323 0.179226069246
8426 0.181262729124
8446 0.183299389002
8457 0.18533604888
8489 0.187372708758
8502 0.189409368635
8581 0.191446028513
8606 0.193482688391
8615 0.195519348269
8682 0.197556008147
8688 0.199592668024
8731 0.201629327902
8780 0.20366598778
8840 0.205702647658
8882 0.207739307536
8913 0.209775967413
8924 0.211812627291
8953 0.213849287169
8977 0.215885947047
8983 0.217922606925
8997 0.219959266802
9014 0.22199592668
9058 0.224032586558
9080 0.226069246436
9087 0.228105906314
9091 0.230142566191
9269 0.232179226069
9320 0.234215885947
9326 0.236252545825
9376 0.238289205703
9392 0.24032586558
9394 0.242362525458
9533 0.244399185336
9551 0.246435845214
9583 0.248472505092
9725 0.250509164969
9737 0.252545824847
9877 0.254582484725
9943 0.256619144603
9981 0.258655804481
10029 0.260692464358
10162 0.262729124236
10168 0.264765784114
10294 0.266802443992
10346 0.26883910387
10539 0.270875763747
10542 0.272912423625
10600 0.274949083503
10653 0.276985743381
10666 0.279022403259
10668 0.281059063136
10681 0.283095723014
10699 0.285132382892
10743 0.28716904277
10753 0.289205702648
10800 0.291242362525
10965 0.293279022403
11135 0.295315682281
11176 0.297352342159
11226 0.301425661914
11226 0.301425661914
11252 0.303462321792
11302 0.30549898167
11324 0.307535641548
11342 0.309572301426
11354 0.311608961303
11373 0.313645621181
11402 0.315682281059
11646 0.317718940937
11694 0.319755600815
11778 0.321792260692
11897 0.32382892057
11985 0.325865580448
12018 0.327902240326
12128 0.329938900204
12188 0.331975560081
12199 0.334012219959
12238 0.336048879837
12265 0.338085539715
12270 0.340122199593
12333 0.34215885947
12559 0.344195519348
12570 0.346232179226
12571 0.348268839104
12614 0.350305498982
12825 0.352342158859
12843 0.354378818737
12888 0.356415478615
12889 0.358452138493
12895 0.360488798371
12915 0.362525458248
12957 0.364562118126
12960 0.366598778004
12998 0.368635437882
13050 0.37067209776
13060 0.372708757637
13102 0.374745417515
13190 0.376782077393
13305 0.378818737271
13338 0.380855397149
13406 0.382892057026
13409 0.384928716904
13421 0.386965376782
13432 0.38900203666
13487 0.391038696538
13495 0.393075356415
13529 0.395112016293
13649 0.397148676171
13672 0.399185336049
13820 0.401221995927
13832 0.403258655804
14181 0.405295315682
14267 0.40733197556
14300 0.409368635438
14345 0.411405295316
14396 0.413441955193
14486 0.415478615071
14542 0.417515274949
14552 0.419551934827
14577 0.421588594705
14770 0.423625254582
14772 0.42566191446
14875 0.427698574338
14986 0.429735234216
15025 0.431771894094
15049 0.433808553971
15057 0.435845213849
15174 0.437881873727
15187 0.439918533605
15313 0.441955193483
15315 0.44399185336
15329 0.446028513238
15392 0.448065173116
15603 0.450101832994
15644 0.454175152749
15644 0.454175152749
15668 0.456211812627
15761 0.458248472505
15794 0.460285132383
16042 0.462321792261
16064 0.464358452138
16067 0.466395112016
16308 0.468431771894
16364 0.470468431772
16447 0.47250509165
16494 0.474541751527
16499 0.476578411405
16639 0.478615071283
16646 0.480651731161
16683 0.482688391039
16695 0.484725050916
16713 0.486761710794
16737 0.488798370672
16758 0.49083503055
16795 0.492871690428
16858 0.494908350305
16927 0.496945010183
17018 0.498981670061
17055 0.501018329939
17185 0.503054989817
17222 0.505091649695
17234 0.507128309572
17261 0.50916496945
17332 0.511201629328
17485 0.513238289206
17507 0.515274949084
17529 0.517311608961
17569 0.519348268839
17653 0.521384928717
17775 0.523421588595
17811 0.525458248473
17969 0.52749490835
17985 0.529531568228
18083 0.531568228106
18161 0.533604887984
18180 0.535641547862
18222 0.537678207739
18261 0.539714867617
18330 0.541751527495
18331 0.543788187373
18359 0.545824847251
18373 0.547861507128
18375 0.549898167006
18393 0.553971486762
18393 0.553971486762
18441 0.55600814664
18455 0.558044806517
18598 0.560081466395
18792 0.562118126273
18798 0.564154786151
18817 0.566191446029
18834 0.568228105906
18842 0.570264765784
18968 0.572301425662
19123 0.57433808554
19143 0.576374745418
19285 0.578411405295
19363 0.580448065173
19388 0.582484725051
19404 0.584521384929
19527 0.586558044807
19534 0.588594704684
19655 0.590631364562
19692 0.59266802444
19862 0.594704684318
19949 0.596741344196
20055 0.598778004073
20357 0.600814663951
20370 0.602851323829
20484 0.604887983707
20566 0.606924643585
20575 0.608961303462
20818 0.61099796334
20844 0.613034623218
20856 0.615071283096
20862 0.617107942974
20900 0.619144602851
20961 0.621181262729
20972 0.623217922607
21113 0.625254582485
21165 0.627291242363
21217 0.62932790224
21322 0.631364562118
21392 0.633401221996
21429 0.635437881874
21494 0.637474541752
21502 0.639511201629
21542 0.641547861507
21699 0.643584521385
21771 0.645621181263
21804 0.647657841141
21873 0.649694501018
21881 0.651731160896
21970 0.653767820774
22213 0.655804480652
22217 0.65784114053
22304 0.659877800407
22524 0.661914460285
22577 0.663951120163
22602 0.665987780041
22647 0.668024439919
22790 0.670061099796
22801 0.672097759674
22821 0.674134419552
22828 0.67617107943
22849 0.678207739308
22892 0.680244399185
22941 0.682281059063
23018 0.684317718941
23120 0.686354378819
23222 0.688391038697
23236 0.690427698574
23334 0.692464358452
23339 0.69450101833
23348 0.696537678208
23430 0.698574338086
23512 0.700610997963
23666 0.702647657841
23674 0.704684317719
24013 0.706720977597
24076 0.708757637475
24248 0.710794297352
24345 0.71283095723
24365 0.714867617108
24519 0.716904276986
24538 0.718940936864
24617 0.720977596741
24708 0.723014256619
24803 0.725050916497
24837 0.727087576375
24867 0.729124236253
24870 0.73116089613
24909 0.733197556008
25059 0.735234215886
25086 0.737270875764
25135 0.739307535642
25215 0.741344195519
25229 0.743380855397
25240 0.745417515275
25340 0.747454175153
25383 0.749490835031
25399 0.751527494908
25548 0.753564154786
25630 0.755600814664
25800 0.757637474542
25835 0.75967413442
26172 0.761710794297
26223 0.763747454175
26359 0.765784114053
26672 0.767820773931
26796 0.769857433809
26828 0.771894093686
26981 0.773930753564
27162 0.775967413442
27230 0.77800407332
27437 0.780040733198
27480 0.782077393075
27566 0.784114052953
27790 0.786150712831
28274 0.788187372709
28276 0.790224032587
28494 0.792260692464
28525 0.794297352342
28575 0.79633401222
28615 0.798370672098
28858 0.800407331976
28892 0.802443991853
28894 0.804480651731
28941 0.806517311609
29165 0.808553971487
29279 0.810590631365
29357 0.812627291242
29473 0.81466395112
29798 0.816700610998
29821 0.818737270876
29860 0.820773930754
29996 0.822810590631
30370 0.824847250509
30403 0.826883910387
30488 0.828920570265
30587 0.830957230143
30677 0.83299389002
30771 0.835030549898
31078 0.837067209776
31488 0.839103869654
31754 0.841140529532
31834 0.843177189409
32039 0.845213849287
32187 0.847250509165
32230 0.849287169043
32279 0.851323828921
33460 0.853360488798
33513 0.855397148676
33601 0.857433808554
33650 0.859470468432
33833 0.86150712831
34779 0.863543788187
35022 0.865580448065
35518 0.867617107943
35740 0.869653767821
36033 0.871690427699
36168 0.873727087576
36646 0.875763747454
36951 0.877800407332
37231 0.87983706721
38033 0.881873727088
38150 0.883910386965
38343 0.885947046843
38423 0.887983706721
38692 0.890020366599
39040 0.892057026477
39298 0.894093686354
40214 0.896130346232
40275 0.89816700611
40573 0.900203665988
41564 0.902240325866
42850 0.904276985743
42856 0.906313645621
44442 0.908350305499
45084 0.910386965377
45897 0.912423625255
46499 0.914460285132
47409 0.91649694501
49444 0.918533604888
51455 0.920570264766
51705 0.922606924644
52459 0.924643584521
53526 0.926680244399
60865 0.928716904277
61517 0.930753564155
61679 0.932790224033
62607 0.93482688391
64150 0.936863543788
67294 0.938900203666
67416 0.940936863544
67424 0.942973523422
68360 0.945010183299
68565 0.947046843177
69714 0.949083503055
70401 0.951120162933
70811 0.953156822811
70856 0.955193482688
74622 0.957230142566
75085 0.959266802444
76546 0.961303462322
76625 0.9633401222
77683 0.965376782077
79351 0.967413441955
84697 0.969450101833
85025 0.971486761711
93918 0.973523421589
95508 0.975560081466
95910 0.977596741344
99919 0.979633401222
101772 0.9816700611
104546 0.983706720978
107456 0.985743380855
108676 0.987780040733
116182 0.989816700611
132409 0.991853360489
133005 0.993890020367
148735 0.995926680244
148887 0.997963340122
437668 1.0
