63 0.00202839756592
889 0.00405679513185
1833 0.00608519269777
1845 0.00811359026369
1916 0.0101419878296
1952 0.0121703853955
2073 0.0141987829615
2446 0.0162271805274
2800 0.0182555780933
2816 0.0202839756592
2823 0.0223123732252
2894 0.0243407707911
2982 0.026369168357
2985 0.0283975659229
3093 0.0304259634888
3147 0.0324543610548
3199 0.0344827586207
3305 0.0365111561866
3345 0.0385395537525
3359 0.0405679513185
3374 0.0425963488844
3455 0.0446247464503
3530 0.0466531440162
3555 0.0486815415822
3688 0.0507099391481
3766 0.052738336714
3849 0.0547667342799
3851 0.0567951318458
3856 0.0588235294118
3876 0.0608519269777
3898 0.0628803245436
3899 0.0649087221095
3926 0.0669371196755
3972 0.0689655172414
4044 0.0709939148073
4070 0.0730223123732
4126 0.0750507099391
4127 0.0770791075051
4133 0.079107505071
4251 0.0811359026369
4256 0.0831643002028
4270 0.0851926977688
4317 0.0872210953347
4371 0.0892494929006
4385 0.0912778904665
4421 0.0933062880325
4436 0.0953346855984
4472 0.0973630831643
4491 0.0993914807302
4505 0.101419878296
4531 0.103448275862
4561 0.105476673428
4576 0.107505070994
4581 0.10953346856
4586 0.111561866126
4621 0.113590263692
4623 0.115618661258
4643 0.117647058824
4656 0.119675456389
4672 0.121703853955
4689 0.123732251521
4690 0.125760649087
4691 0.127789046653
4700 0.129817444219
4709 0.131845841785
4729 0.133874239351
4747 0.135902636917
4752 0.137931034483
4773 0.139959432049
4815 0.141987829615
4817 0.144016227181
4829 0.146044624746
4886 0.148073022312
4893 0.150101419878
4894 0.152129817444
4904 0.15415821501
4905 0.156186612576
4908 0.158215010142
4913 0.160243407708
4960 0.162271805274
4977 0.16430020284
4984 0.166328600406
4999 0.168356997972
5009 0.170385395538
5063 0.172413793103
5068 0.174442190669
5073 0.176470588235
5101 0.180527383367
5101 0.180527383367
5117 0.182555780933
5141 0.184584178499
5145 0.186612576065
5150 0.188640973631
5157 0.190669371197
5172 0.192697768763
5223 0.194726166329
5228 0.196754563895
5234 0.19878296146
5236 0.200811359026
5274 0.202839756592
5288 0.204868154158
5322 0.206896551724
5327 0.20892494929
5342 0.210953346856
5344 0.212981744422
5362 0.215010141988
5383 0.217038539554
5469 0.21906693712
5481 0.221095334686
5482 0.223123732252
5485 0.225152129817
5489 0.227180527383
5526 0.229208924949
5533 0.231237322515
5534 0.233265720081
5567 0.235294117647
5572 0.237322515213
5587 0.241379310345
5587 0.241379310345
5590 0.243407707911
5593 0.245436105477
5610 0.247464503043
5615 0.249492900609
5618 0.251521298174
5619 0.25354969574
5637 0.255578093306
5642 0.257606490872
5650 0.259634888438
5656 0.261663286004
5669 0.26369168357
5716 0.265720081136
5717 0.267748478702
5766 0.269776876268
5769 0.271805273834
5777 0.2738336714
5788 0.275862068966
5793 0.277890466531
5798 0.279918864097
5803 0.281947261663
5832 0.283975659229
5841 0.286004056795
5865 0.288032454361
5875 0.290060851927
5904 0.292089249493
5908 0.294117647059
5949 0.296146044625
5968 0.298174442191
5977 0.300202839757
5992 0.302231237323
5996 0.304259634888
6019 0.306288032454
6023 0.30831643002
6026 0.310344827586
6092 0.312373225152
6119 0.314401622718
6127 0.316430020284
6146 0.31845841785
6156 0.320486815416
6187 0.322515212982
6191 0.324543610548
6196 0.326572008114
6199 0.32860040568
6203 0.330628803245
6210 0.332657200811
6227 0.334685598377
6234 0.336713995943
6266 0.338742393509
6281 0.340770791075
6285 0.342799188641
6300 0.344827586207
6335 0.346855983773
6362 0.348884381339
6391 0.350912778905
6394 0.352941176471
6406 0.354969574037
6469 0.356997971602
6494 0.359026369168
6526 0.361054766734
6537 0.3630831643
6594 0.365111561866
6596 0.367139959432
6603 0.369168356998
6640 0.371196754564
6696 0.37322515213
6707 0.375253549696
6708 0.377281947262
6727 0.379310344828
6759 0.381338742394
6762 0.383367139959
6778 0.385395537525
6810 0.387423935091
6824 0.389452332657
6850 0.391480730223
6861 0.393509127789
6872 0.395537525355
6875 0.397565922921
6894 0.399594320487
6903 0.401622718053
6916 0.403651115619
6930 0.405679513185
6965 0.407707910751
6968 0.409736308316
6972 0.411764705882
6975 0.413793103448
6980 0.415821501014
6985 0.41784989858
6988 0.419878296146
7013 0.421906693712
7017 0.423935091278
7032 0.425963488844
7067 0.42799188641
7098 0.430020283976
7120 0.432048681542
7123 0.434077079108
7136 0.436105476673
7179 0.438133874239
7191 0.440162271805
7204 0.442190669371
7213 0.444219066937
7215 0.446247464503
7228 0.448275862069
7231 0.450304259635
7243 0.452332657201
7245 0.456389452333
7245 0.456389452333
7249 0.458417849899
7257 0.460446247465
7315 0.46247464503
7329 0.464503042596
7332 0.468559837728
7332 0.468559837728
7334 0.470588235294
7359 0.47261663286
7391 0.474645030426
7417 0.476673427992
7425 0.478701825558
7458 0.480730223124
7509 0.48275862069
7511 0.484787018256
7515 0.486815415822
7528 0.488843813387
7568 0.490872210953
7572 0.492900608519
7581 0.496957403651
7581 0.496957403651
7628 0.498985801217
7671 0.501014198783
7674 0.503042596349
7681 0.505070993915
7698 0.507099391481
7721 0.509127789047
7764 0.511156186613
7775 0.513184584178
7788 0.515212981744
7792 0.51724137931
7816 0.519269776876
7836 0.521298174442
7838 0.523326572008
7841 0.525354969574
7865 0.52738336714
7866 0.531440162272
7866 0.531440162272
7868 0.533468559838
7890 0.535496957404
7891 0.53752535497
7910 0.539553752535
7920 0.541582150101
7932 0.543610547667
7944 0.545638945233
7945 0.547667342799
7956 0.549695740365
7983 0.551724137931
7993 0.553752535497
8042 0.555780933063
8050 0.557809330629
8051 0.559837728195
8056 0.561866125761
8060 0.563894523327
8075 0.565922920892
8101 0.567951318458
8106 0.569979716024
8111 0.574036511156
8111 0.574036511156
8123 0.576064908722
8151 0.578093306288
8168 0.580121703854
8219 0.58215010142
8236 0.584178498986
8252 0.586206896552
8260 0.588235294118
8280 0.590263691684
8296 0.592292089249
8324 0.594320486815
8381 0.596348884381
8390 0.598377281947
8425 0.600405679513
8439 0.602434077079
8464 0.604462474645
8500 0.606490872211
8505 0.608519269777
8553 0.610547667343
8631 0.612576064909
8636 0.614604462475
8641 0.616632860041
8704 0.618661257606
8705 0.620689655172
8706 0.622718052738
8711 0.624746450304
8733 0.62677484787
8774 0.628803245436
8829 0.630831643002
8851 0.632860040568
8856 0.634888438134
8865 0.6369168357
8908 0.638945233266
8915 0.640973630832
8922 0.643002028398
8932 0.645030425963
8972 0.647058823529
8974 0.649087221095
9002 0.651115618661
9012 0.653144016227
9052 0.655172413793
9061 0.657200811359
9063 0.659229208925
9069 0.661257606491
9102 0.663286004057
9113 0.665314401623
9115 0.667342799189
9120 0.669371196755
9125 0.67139959432
9131 0.673427991886
9149 0.675456389452
9257 0.677484787018
9288 0.679513184584
9318 0.68154158215
9348 0.683569979716
9365 0.685598377282
9389 0.687626774848
9440 0.689655172414
9451 0.69168356998
9454 0.693711967546
9475 0.695740365112
9507 0.697768762677
9564 0.699797160243
9578 0.701825557809
9662 0.703853955375
9681 0.705882352941
9700 0.707910750507
9706 0.709939148073
9727 0.711967545639
9749 0.713995943205
9784 0.716024340771
9829 0.718052738337
9858 0.720081135903
9889 0.722109533469
9897 0.724137931034
9924 0.7261663286
10059 0.728194726166
10120 0.730223123732
10138 0.732251521298
10176 0.734279918864
10178 0.73630831643
10180 0.738336713996
10201 0.740365111562
10211 0.742393509128
10249 0.744421906694
10358 0.74645030426
10411 0.748478701826
10460 0.750507099391
10515 0.752535496957
10621 0.754563894523
10639 0.756592292089
10666 0.758620689655
10676 0.760649087221
10751 0.762677484787
10752 0.764705882353
10769 0.766734279919
10790 0.768762677485
10807 0.770791075051
10845 0.772819472617
10861 0.774847870183
10899 0.776876267748
10913 0.778904665314
10958 0.78093306288
11004 0.782961460446
11040 0.784989858012
11100 0.787018255578
11105 0.789046653144
11113 0.79107505071
11203 0.793103448276
11214 0.795131845842
11215 0.797160243408
11244 0.799188640974
11250 0.80121703854
11282 0.803245436105
11285 0.805273833671
11336 0.807302231237
11368 0.809330628803
11455 0.811359026369
11475 0.813387423935
11525 0.815415821501
11534 0.817444219067
11542 0.819472616633
11588 0.821501014199
11607 0.823529411765
11611 0.825557809331
11618 0.827586206897
11662 0.829614604462
11689 0.831643002028
11814 0.833671399594
11863 0.83569979716
11867 0.837728194726
11868 0.839756592292
11893 0.841784989858
12144 0.843813387424
12210 0.84584178499
12240 0.847870182556
12295 0.849898580122
12316 0.851926977688
12334 0.853955375254
12417 0.855983772819
12475 0.858012170385
12481 0.860040567951
12522 0.862068965517
12526 0.864097363083
12559 0.866125760649
12618 0.868154158215
12634 0.870182555781
12682 0.872210953347
12708 0.874239350913
12714 0.876267748479
12869 0.878296146045
12881 0.880324543611
13016 0.882352941176
13084 0.884381338742
13271 0.886409736308
13382 0.888438133874
13433 0.89046653144
13486 0.892494929006
13521 0.894523326572
13771 0.896551724138
13775 0.898580121704
13895 0.90060851927
14098 0.902636916836
14128 0.904665314402
14198 0.906693711968
14321 0.908722109533
14633 0.910750507099
14642 0.912778904665
14814 0.914807302231
14924 0.916835699797
15008 0.918864097363
15293 0.920892494929
15300 0.922920892495
15365 0.924949290061
15434 0.926977687627
15839 0.929006085193
15856 0.931034482759
15892 0.933062880325
15952 0.93509127789
16025 0.937119675456
16107 0.939148073022
16159 0.941176470588
16163 0.943204868154
16320 0.94523326572
16478 0.947261663286
16492 0.949290060852
16508 0.951318458418
16709 0.953346855984
16999 0.95537525355
17166 0.957403651116
17506 0.959432048682
17519 0.961460446247
17721 0.963488843813
18555 0.965517241379
18563 0.967545638945
18583 0.969574036511
18608 0.971602434077
18792 0.973630831643
18965 0.975659229209
19818 0.977687626775
19982 0.979716024341
20259 0.981744421907
20761 0.983772819473
21794 0.985801217039
24210 0.987829614604
29713 0.98985801217
86104 0.991886409736
95559 0.993914807302
106801 0.995943204868
123508 0.997971602434
461463 1.0
