78 0.00202429149798
836 0.00404858299595
1734 0.00607287449393
1832 0.0080971659919
1845 0.0101214574899
1930 0.0121457489879
2135 0.0141700404858
2229 0.0161943319838
2353 0.0182186234818
2409 0.0202429149798
2521 0.0222672064777
2677 0.0242914979757
2727 0.0263157894737
2743 0.0283400809717
2798 0.0303643724696
2814 0.0323886639676
2949 0.0344129554656
2952 0.0364372469636
2989 0.0384615384615
3086 0.0404858299595
3123 0.0425101214575
3199 0.0445344129555
3215 0.0465587044534
3293 0.0485829959514
3347 0.0506072874494
3391 0.0526315789474
3392 0.0546558704453
3427 0.0566801619433
3455 0.0587044534413
3552 0.0607287449393
3564 0.0627530364372
3589 0.0647773279352
3660 0.0668016194332
3668 0.0688259109312
3740 0.0708502024291
3741 0.0728744939271
3830 0.0748987854251
3842 0.0769230769231
3871 0.0789473684211
3893 0.080971659919
3921 0.082995951417
3929 0.085020242915
3963 0.087044534413
3978 0.0890688259109
3998 0.0910931174089
3999 0.0931174089069
4059 0.0951417004049
4070 0.0971659919028
4096 0.0991902834008
4098 0.101214574899
4123 0.103238866397
4140 0.105263157895
4154 0.107287449393
4161 0.109311740891
4180 0.111336032389
4197 0.113360323887
4211 0.115384615385
4218 0.117408906883
4239 0.119433198381
4248 0.121457489879
4249 0.123481781377
4264 0.125506072874
4284 0.127530364372
4297 0.12955465587
4299 0.131578947368
4343 0.133603238866
4373 0.135627530364
4381 0.137651821862
4385 0.13967611336
4517 0.141700404858
4565 0.143724696356
4569 0.145748987854
4647 0.147773279352
4648 0.14979757085
4654 0.151821862348
4655 0.153846153846
4665 0.155870445344
4675 0.157894736842
4724 0.15991902834
4725 0.161943319838
4742 0.163967611336
4752 0.165991902834
4778 0.168016194332
4795 0.17004048583
4800 0.172064777328
4817 0.176113360324
4817 0.176113360324
4832 0.178137651822
4839 0.182186234818
4839 0.182186234818
4851 0.184210526316
4871 0.186234817814
4886 0.188259109312
4897 0.19028340081
4922 0.192307692308
4934 0.194331983806
4971 0.196356275304
4977 0.2004048583
4977 0.2004048583
4984 0.202429149798
4992 0.204453441296
5017 0.206477732794
5043 0.208502024291
5047 0.210526315789
5073 0.214574898785
5073 0.214574898785
5077 0.218623481781
5077 0.218623481781
5091 0.220647773279
5104 0.222672064777
5116 0.224696356275
5117 0.226720647773
5129 0.228744939271
5138 0.230769230769
5150 0.232793522267
5155 0.234817813765
5156 0.236842105263
5196 0.238866396761
5235 0.240890688259
5246 0.242914979757
5252 0.244939271255
5253 0.246963562753
5294 0.248987854251
5296 0.251012145749
5315 0.253036437247
5335 0.255060728745
5359 0.257085020243
5399 0.259109311741
5418 0.261133603239
5420 0.263157894737
5422 0.265182186235
5429 0.267206477733
5433 0.269230769231
5465 0.271255060729
5491 0.273279352227
5506 0.275303643725
5521 0.277327935223
5523 0.279352226721
5529 0.281376518219
5559 0.283400809717
5566 0.285425101215
5573 0.287449392713
5591 0.289473684211
5618 0.291497975709
5648 0.293522267206
5655 0.295546558704
5666 0.297570850202
5681 0.301619433198
5681 0.301619433198
5682 0.303643724696
5693 0.305668016194
5694 0.307692307692
5714 0.30971659919
5762 0.311740890688
5767 0.313765182186
5777 0.315789473684
5823 0.317813765182
5826 0.31983805668
5829 0.321862348178
5830 0.323886639676
5834 0.325910931174
5856 0.327935222672
5915 0.32995951417
5941 0.331983805668
5963 0.334008097166
5975 0.336032388664
5991 0.338056680162
6008 0.34008097166
6013 0.342105263158
6031 0.344129554656
6035 0.346153846154
6036 0.348178137652
6037 0.35020242915
6042 0.352226720648
6055 0.354251012146
6083 0.356275303644
6088 0.358299595142
6094 0.36032388664
6097 0.362348178138
6100 0.364372469636
6111 0.366396761134
6151 0.368421052632
6176 0.37044534413
6217 0.372469635628
6249 0.374493927126
6271 0.376518218623
6296 0.378542510121
6308 0.380566801619
6317 0.382591093117
6322 0.384615384615
6327 0.386639676113
6359 0.388663967611
6394 0.390688259109
6459 0.394736842105
6459 0.394736842105
6461 0.396761133603
6497 0.398785425101
6547 0.400809716599
6551 0.402834008097
6565 0.406882591093
6565 0.406882591093
6574 0.408906882591
6595 0.412955465587
6595 0.412955465587
6607 0.414979757085
6611 0.417004048583
6617 0.419028340081
6666 0.421052631579
6669 0.423076923077
6688 0.425101214575
6691 0.429149797571
6691 0.429149797571
6697 0.431174089069
6699 0.433198380567
6721 0.435222672065
6727 0.437246963563
6764 0.439271255061
6769 0.441295546559
6795 0.443319838057
6822 0.445344129555
6852 0.447368421053
6862 0.449392712551
6871 0.451417004049
6879 0.453441295547
6917 0.457489878543
6917 0.457489878543
6923 0.45951417004
6948 0.461538461538
6971 0.463562753036
7010 0.465587044534
7017 0.467611336032
7030 0.46963562753
7031 0.471659919028
7056 0.473684210526
7060 0.475708502024
7070 0.47975708502
7070 0.47975708502
7083 0.481781376518
7095 0.483805668016
7102 0.485829959514
7147 0.487854251012
7170 0.48987854251
7189 0.491902834008
7273 0.493927125506
7305 0.495951417004
7307 0.497975708502
7330 0.5
7333 0.502024291498
7343 0.504048582996
7361 0.506072874494
7370 0.508097165992
7372 0.51012145749
7385 0.512145748988
7416 0.514170040486
7419 0.516194331984
7421 0.518218623482
7460 0.52024291498
7469 0.522267206478
7474 0.524291497976
7475 0.526315789474
7483 0.528340080972
7484 0.53036437247
7544 0.532388663968
7572 0.534412955466
7577 0.536437246964
7590 0.538461538462
7598 0.54048582996
7635 0.542510121457
7647 0.544534412955
7662 0.546558704453
7671 0.548582995951
7676 0.550607287449
7679 0.552631578947
7687 0.554655870445
7701 0.556680161943
7710 0.558704453441
7711 0.560728744939
7725 0.562753036437
7801 0.564777327935
7807 0.566801619433
7820 0.568825910931
7840 0.570850202429
7870 0.572874493927
7900 0.574898785425
7909 0.576923076923
7919 0.580971659919
7919 0.580971659919
7938 0.582995951417
7944 0.585020242915
7956 0.587044534413
7991 0.589068825911
8001 0.591093117409
8005 0.593117408907
8029 0.595141700405
8031 0.597165991903
8064 0.599190283401
8115 0.601214574899
8181 0.603238866397
8194 0.605263157895
8202 0.607287449393
8211 0.609311740891
8230 0.611336032389
8247 0.613360323887
8284 0.615384615385
8289 0.617408906883
8417 0.619433198381
8418 0.621457489879
8459 0.623481781377
8503 0.625506072874
8540 0.627530364372
8541 0.62955465587
8543 0.631578947368
8546 0.633603238866
8550 0.635627530364
8564 0.637651821862
8573 0.63967611336
8575 0.641700404858
8612 0.645748987854
8612 0.645748987854
8694 0.647773279352
8733 0.64979757085
8751 0.651821862348
8761 0.653846153846
8771 0.655870445344
8801 0.657894736842
8821 0.65991902834
8891 0.661943319838
8901 0.663967611336
8954 0.665991902834
8979 0.668016194332
9025 0.67004048583
9061 0.672064777328
9138 0.674089068826
9156 0.676113360324
9178 0.678137651822
9209 0.68016194332
9251 0.682186234818
9266 0.684210526316
9267 0.686234817814
9286 0.688259109312
9344 0.69028340081
9388 0.692307692308
9406 0.694331983806
9407 0.696356275304
9427 0.698380566802
9438 0.7004048583
9441 0.702429149798
9442 0.704453441296
9509 0.706477732794
9585 0.708502024291
9638 0.710526315789
9710 0.712550607287
9811 0.714574898785
9815 0.716599190283
9852 0.718623481781
9872 0.720647773279
9899 0.722672064777
9912 0.724696356275
9918 0.726720647773
9958 0.728744939271
9960 0.730769230769
9993 0.732793522267
10035 0.734817813765
10044 0.736842105263
10073 0.738866396761
10080 0.740890688259
10097 0.742914979757
10123 0.744939271255
10125 0.746963562753
10146 0.748987854251
10154 0.751012145749
10189 0.753036437247
10198 0.755060728745
10305 0.757085020243
10346 0.759109311741
10355 0.761133603239
10384 0.763157894737
10467 0.765182186235
10590 0.767206477733
10652 0.769230769231
10660 0.771255060729
10692 0.773279352227
10744 0.775303643725
10756 0.777327935223
10771 0.779352226721
10877 0.781376518219
10878 0.783400809717
10897 0.785425101215
10942 0.787449392713
11073 0.789473684211
11095 0.791497975709
11113 0.793522267206
11159 0.795546558704
11190 0.797570850202
11200 0.7995951417
11235 0.801619433198
11236 0.803643724696
11252 0.805668016194
11291 0.80971659919
11291 0.80971659919
11300 0.811740890688
11382 0.813765182186
11383 0.815789473684
11507 0.817813765182
11509 0.81983805668
11544 0.821862348178
11613 0.823886639676
11629 0.825910931174
11665 0.827935222672
11676 0.82995951417
11686 0.831983805668
11694 0.834008097166
11695 0.836032388664
11744 0.838056680162
11835 0.84008097166
11842 0.842105263158
11851 0.844129554656
11857 0.846153846154
11960 0.848178137652
12011 0.85020242915
12016 0.852226720648
12047 0.854251012146
12125 0.856275303644
12131 0.858299595142
12138 0.86032388664
12200 0.862348178138
12240 0.864372469636
12358 0.866396761134
12424 0.868421052632
12447 0.87044534413
12456 0.872469635628
12488 0.874493927126
12575 0.876518218623
12747 0.878542510121
12754 0.880566801619
12913 0.882591093117
13023 0.884615384615
13165 0.886639676113
13241 0.888663967611
13305 0.890688259109
13325 0.892712550607
13406 0.894736842105
13567 0.896761133603
13593 0.898785425101
13650 0.900809716599
13679 0.902834008097
13816 0.904858299595
13823 0.906882591093
13825 0.908906882591
13858 0.910931174089
13884 0.912955465587
13932 0.914979757085
14072 0.917004048583
14296 0.919028340081
14329 0.921052631579
14566 0.925101214575
14566 0.925101214575
14612 0.927125506073
14705 0.929149797571
14706 0.931174089069
15057 0.933198380567
15070 0.935222672065
15118 0.937246963563
15164 0.939271255061
15187 0.941295546559
15515 0.943319838057
15546 0.945344129555
15581 0.947368421053
15939 0.949392712551
16262 0.951417004049
16399 0.953441295547
16514 0.955465587045
16555 0.957489878543
16611 0.95951417004
16613 0.961538461538
16697 0.963562753036
17302 0.965587044534
17844 0.967611336032
18025 0.96963562753
18055 0.971659919028
18189 0.973684210526
18309 0.975708502024
18596 0.977732793522
18655 0.97975708502
19355 0.981781376518
19684 0.983805668016
19839 0.985829959514
21282 0.987854251012
22538 0.98987854251
29260 0.991902834008
80856 0.993927125506
88499 0.995951417004
119663 0.997975708502
430095 1.0
