56 0.0020366598778
1013 0.0040733197556
2082 0.0061099796334
2172 0.0081466395112
2308 0.010183299389
2928 0.0122199592668
2994 0.0142566191446
3038 0.0162932790224
3071 0.0183299389002
3094 0.020366598778
3373 0.0224032586558
3491 0.0244399185336
3595 0.0264765784114
3781 0.0285132382892
3921 0.030549898167
4080 0.0325865580448
4332 0.0346232179226
4534 0.0366598778004
4621 0.0386965376782
4693 0.040733197556
4735 0.0427698574338
4783 0.0448065173116
4803 0.0468431771894
4832 0.0488798370672
4849 0.050916496945
4917 0.0529531568228
5029 0.0549898167006
5050 0.0570264765784
5346 0.0590631364562
5592 0.061099796334
5602 0.0631364562118
5609 0.0651731160896
5715 0.0672097759674
5725 0.0692464358452
5931 0.071283095723
5981 0.0733197556008
6008 0.0753564154786
6035 0.0773930753564
6040 0.0794297352342
6082 0.081466395112
6156 0.0835030549898
6198 0.0855397148676
6402 0.0875763747454
6559 0.0896130346232
6597 0.091649694501
6695 0.0936863543788
6886 0.0957230142566
6932 0.0977596741344
6975 0.0997963340122
7071 0.10183299389
7110 0.103869653768
7219 0.105906313646
7235 0.107942973523
7236 0.109979633401
7286 0.112016293279
7346 0.114052953157
7444 0.116089613035
7658 0.118126272912
7752 0.12016293279
7843 0.122199592668
8033 0.124236252546
8088 0.126272912424
8105 0.128309572301
8109 0.130346232179
8277 0.132382892057
8352 0.134419551935
8382 0.136456211813
8400 0.13849287169
8403 0.140529531568
8474 0.142566191446
8498 0.144602851324
8622 0.146639511202
8631 0.148676171079
8664 0.150712830957
8746 0.152749490835
8819 0.154786150713
8873 0.156822810591
9020 0.158859470468
9023 0.160896130346
9050 0.162932790224
9114 0.164969450102
9115 0.16700610998
9168 0.169042769857
9171 0.171079429735
9186 0.173116089613
9216 0.175152749491
9279 0.177189409369
9286 0.179226069246
9336 0.181262729124
9437 0.183299389002
9460 0.18533604888
9466 0.187372708758
9492 0.189409368635
9511 0.191446028513
9568 0.193482688391
9740 0.195519348269
9742 0.197556008147
9768 0.199592668024
9807 0.201629327902
10055 0.20366598778
10135 0.205702647658
10146 0.207739307536
10165 0.209775967413
10212 0.211812627291
10237 0.213849287169
10266 0.215885947047
10303 0.217922606925
10305 0.219959266802
10533 0.22199592668
10535 0.224032586558
10591 0.226069246436
10606 0.228105906314
10705 0.230142566191
10708 0.232179226069
10801 0.234215885947
10814 0.236252545825
10840 0.238289205703
10844 0.24032586558
10934 0.242362525458
10936 0.244399185336
10947 0.246435845214
10960 0.248472505092
10977 0.250509164969
11051 0.252545824847
11057 0.254582484725
11089 0.256619144603
11180 0.258655804481
11208 0.260692464358
11223 0.262729124236
11261 0.264765784114
11284 0.266802443992
11343 0.26883910387
11345 0.270875763747
11406 0.272912423625
11435 0.274949083503
11573 0.276985743381
11622 0.279022403259
11719 0.281059063136
11771 0.283095723014
11808 0.285132382892
11809 0.28716904277
11838 0.289205702648
11895 0.291242362525
12023 0.293279022403
12137 0.295315682281
12185 0.297352342159
12220 0.299389002037
12231 0.301425661914
12266 0.303462321792
12292 0.30549898167
12293 0.307535641548
12307 0.309572301426
12341 0.311608961303
12447 0.313645621181
12523 0.315682281059
12553 0.317718940937
12596 0.319755600815
12803 0.321792260692
12878 0.32382892057
12907 0.325865580448
12916 0.327902240326
12979 0.329938900204
12981 0.331975560081
13001 0.334012219959
13123 0.336048879837
13137 0.338085539715
13183 0.340122199593
13304 0.34215885947
13366 0.344195519348
13430 0.346232179226
13525 0.348268839104
13765 0.350305498982
13773 0.352342158859
13865 0.354378818737
13894 0.356415478615
13927 0.358452138493
14030 0.360488798371
14087 0.362525458248
14088 0.364562118126
14110 0.366598778004
14171 0.368635437882
14283 0.37067209776
14334 0.372708757637
14399 0.374745417515
14407 0.376782077393
14467 0.378818737271
14572 0.380855397149
14606 0.382892057026
14608 0.384928716904
14615 0.386965376782
14720 0.38900203666
14769 0.391038696538
14816 0.393075356415
14942 0.395112016293
14963 0.397148676171
14969 0.399185336049
15012 0.401221995927
15068 0.403258655804
15189 0.405295315682
15360 0.40733197556
15362 0.409368635438
15388 0.411405295316
15539 0.413441955193
15560 0.415478615071
15586 0.417515274949
15645 0.419551934827
15783 0.421588594705
15810 0.423625254582
15845 0.42566191446
15876 0.427698574338
15881 0.429735234216
15883 0.431771894094
15974 0.433808553971
15981 0.435845213849
16041 0.437881873727
16073 0.439918533605
16117 0.441955193483
16123 0.44399185336
16191 0.446028513238
16452 0.448065173116
16481 0.450101832994
16504 0.452138492872
16630 0.454175152749
16633 0.456211812627
16642 0.458248472505
16676 0.460285132383
16699 0.462321792261
16885 0.464358452138
16889 0.466395112016
16956 0.468431771894
16991 0.470468431772
17000 0.47250509165
17070 0.474541751527
17098 0.476578411405
17143 0.478615071283
17279 0.480651731161
17318 0.482688391039
17368 0.484725050916
17393 0.486761710794
17543 0.488798370672
17563 0.49083503055
17602 0.492871690428
17644 0.494908350305
17671 0.496945010183
17744 0.498981670061
17747 0.501018329939
17755 0.503054989817
17772 0.505091649695
17843 0.507128309572
17889 0.50916496945
17942 0.511201629328
17952 0.513238289206
18182 0.515274949084
18210 0.517311608961
18275 0.519348268839
18315 0.521384928717
18422 0.523421588595
18584 0.525458248473
18598 0.52749490835
18647 0.529531568228
18668 0.531568228106
18685 0.533604887984
18710 0.535641547862
18768 0.537678207739
18795 0.539714867617
18821 0.541751527495
18853 0.543788187373
18918 0.545824847251
19009 0.547861507128
19096 0.549898167006
19123 0.551934826884
19138 0.55600814664
19138 0.55600814664
19368 0.558044806517
19420 0.560081466395
19489 0.562118126273
19528 0.564154786151
19551 0.566191446029
19562 0.568228105906
19617 0.570264765784
19624 0.572301425662
19741 0.57433808554
19950 0.576374745418
20014 0.578411405295
20089 0.580448065173
20176 0.582484725051
20218 0.584521384929
20249 0.586558044807
20313 0.588594704684
20393 0.590631364562
20542 0.59266802444
20635 0.594704684318
20686 0.596741344196
20702 0.598778004073
20915 0.600814663951
20963 0.602851323829
21017 0.604887983707
21026 0.606924643585
21043 0.608961303462
21075 0.61099796334
21171 0.613034623218
21204 0.615071283096
21246 0.617107942974
21328 0.619144602851
21467 0.621181262729
21491 0.623217922607
21514 0.625254582485
21595 0.627291242363
21698 0.62932790224
21711 0.631364562118
21796 0.633401221996
21842 0.635437881874
21892 0.637474541752
21918 0.639511201629
22337 0.641547861507
22487 0.643584521385
22534 0.645621181263
22715 0.647657841141
22826 0.649694501018
22846 0.651731160896
22879 0.653767820774
22924 0.655804480652
22941 0.65784114053
23012 0.659877800407
23041 0.661914460285
23117 0.663951120163
23230 0.665987780041
23231 0.668024439919
23289 0.670061099796
23322 0.672097759674
23375 0.674134419552
23416 0.67617107943
23890 0.678207739308
23920 0.680244399185
24093 0.682281059063
24133 0.684317718941
24206 0.686354378819
24256 0.688391038697
24309 0.690427698574
24327 0.692464358452
24368 0.69450101833
24565 0.696537678208
24627 0.698574338086
24738 0.700610997963
24819 0.702647657841
24891 0.704684317719
25014 0.706720977597
25069 0.708757637475
25164 0.710794297352
25265 0.71283095723
25325 0.714867617108
25334 0.716904276986
25476 0.718940936864
25491 0.720977596741
25733 0.723014256619
25742 0.725050916497
25795 0.727087576375
25804 0.729124236253
25902 0.73116089613
25943 0.733197556008
26261 0.735234215886
26323 0.737270875764
26370 0.739307535642
26383 0.741344195519
26461 0.743380855397
26637 0.745417515275
26640 0.747454175153
26684 0.749490835031
26711 0.751527494908
26771 0.753564154786
26775 0.755600814664
26909 0.757637474542
26948 0.75967413442
27098 0.761710794297
27210 0.763747454175
27248 0.765784114053
27311 0.767820773931
27482 0.771894093686
27482 0.771894093686
27512 0.773930753564
27716 0.775967413442
27829 0.77800407332
27841 0.780040733198
27886 0.782077393075
27909 0.784114052953
27985 0.786150712831
28111 0.788187372709
28474 0.790224032587
28514 0.792260692464
28593 0.794297352342
28773 0.79633401222
28837 0.798370672098
28979 0.800407331976
29124 0.802443991853
29353 0.804480651731
29505 0.806517311609
29668 0.808553971487
29841 0.810590631365
29869 0.812627291242
30033 0.81466395112
30092 0.816700610998
30140 0.818737270876
30153 0.820773930754
30421 0.822810590631
30457 0.824847250509
30599 0.826883910387
30939 0.828920570265
31223 0.830957230143
31417 0.83299389002
31555 0.835030549898
31837 0.837067209776
32028 0.839103869654
32130 0.841140529532
32182 0.843177189409
32229 0.845213849287
32557 0.847250509165
32736 0.849287169043
32790 0.851323828921
32998 0.853360488798
33303 0.855397148676
33963 0.857433808554
34355 0.859470468432
34366 0.86150712831
34448 0.863543788187
34620 0.865580448065
34677 0.867617107943
34910 0.869653767821
34987 0.871690427699
35020 0.873727087576
36048 0.875763747454
36304 0.877800407332
36677 0.87983706721
36902 0.881873727088
36912 0.883910386965
37543 0.885947046843
37571 0.887983706721
38394 0.890020366599
38413 0.892057026477
38444 0.894093686354
38779 0.896130346232
39781 0.89816700611
40194 0.900203665988
40669 0.902240325866
40764 0.904276985743
41198 0.906313645621
41836 0.908350305499
45200 0.910386965377
45576 0.912423625255
45760 0.914460285132
47125 0.91649694501
47499 0.918533604888
49146 0.920570264766
49869 0.922606924644
51479 0.924643584521
52000 0.926680244399
53938 0.928716904277
59332 0.930753564155
59938 0.932790224033
60399 0.93482688391
60520 0.936863543788
60796 0.938900203666
62407 0.940936863544
65720 0.942973523422
66080 0.945010183299
66503 0.947046843177
66511 0.949083503055
66971 0.951120162933
67107 0.953156822811
67899 0.955193482688
68500 0.957230142566
68709 0.959266802444
69442 0.961303462322
70748 0.9633401222
73853 0.965376782077
74706 0.967413441955
75020 0.969450101833
75090 0.971486761711
76040 0.973523421589
77515 0.975560081466
89195 0.977596741344
94154 0.979633401222
96849 0.9816700611
99609 0.983706720978
100348 0.985743380855
103359 0.987780040733
116305 0.989816700611
124164 0.991853360489
125209 0.993890020367
140151 0.995926680244
145816 0.997963340122
471377 1.0
