61 0.00202429149798
996 0.00404858299595
1960 0.00607287449393
1990 0.0080971659919
2105 0.0101214574899
2262 0.0121457489879
2554 0.0141700404858
2569 0.0161943319838
2790 0.0182186234818
2901 0.0202429149798
2947 0.0222672064777
3101 0.0242914979757
3169 0.0263157894737
3177 0.0283400809717
3238 0.0303643724696
3321 0.0323886639676
3450 0.0344129554656
3454 0.0364372469636
3482 0.0384615384615
3581 0.0404858299595
3590 0.0425101214575
3607 0.0445344129555
3732 0.0465587044534
3913 0.0485829959514
3956 0.0506072874494
4006 0.0526315789474
4155 0.0546558704453
4189 0.0566801619433
4197 0.0587044534413
4217 0.0607287449393
4223 0.0627530364372
4257 0.0647773279352
4262 0.0668016194332
4284 0.0688259109312
4288 0.0708502024291
4296 0.0728744939271
4320 0.0748987854251
4385 0.0769230769231
4404 0.0789473684211
4458 0.080971659919
4474 0.082995951417
4475 0.085020242915
4498 0.087044534413
4689 0.0890688259109
4695 0.0910931174089
4828 0.0931174089069
4856 0.0951417004049
4892 0.0971659919028
4902 0.0991902834008
4918 0.101214574899
4926 0.103238866397
4928 0.105263157895
4951 0.107287449393
4972 0.109311740891
4987 0.111336032389
4988 0.115384615385
4988 0.115384615385
5028 0.117408906883
5034 0.119433198381
5050 0.121457489879
5143 0.123481781377
5155 0.125506072874
5209 0.127530364372
5220 0.12955465587
5223 0.131578947368
5284 0.133603238866
5305 0.135627530364
5311 0.137651821862
5328 0.13967611336
5357 0.141700404858
5366 0.143724696356
5411 0.145748987854
5440 0.147773279352
5461 0.14979757085
5462 0.151821862348
5475 0.153846153846
5476 0.155870445344
5479 0.157894736842
5506 0.15991902834
5599 0.161943319838
5645 0.163967611336
5674 0.165991902834
5684 0.168016194332
5693 0.17004048583
5702 0.172064777328
5732 0.174089068826
5746 0.176113360324
5752 0.178137651822
5773 0.18016194332
5774 0.182186234818
5778 0.184210526316
5782 0.186234817814
5807 0.188259109312
5813 0.19028340081
5831 0.192307692308
5871 0.194331983806
5872 0.196356275304
5903 0.198380566802
5915 0.2004048583
5918 0.202429149798
5929 0.204453441296
5938 0.206477732794
5940 0.208502024291
5944 0.210526315789
5945 0.212550607287
5971 0.214574898785
5980 0.216599190283
5985 0.218623481781
5996 0.220647773279
6011 0.222672064777
6033 0.224696356275
6036 0.226720647773
6060 0.228744939271
6065 0.230769230769
6072 0.232793522267
6115 0.236842105263
6115 0.236842105263
6120 0.238866396761
6123 0.240890688259
6191 0.242914979757
6194 0.244939271255
6222 0.246963562753
6271 0.248987854251
6333 0.251012145749
6334 0.253036437247
6338 0.255060728745
6350 0.257085020243
6362 0.259109311741
6367 0.261133603239
6392 0.263157894737
6402 0.265182186235
6408 0.267206477733
6428 0.269230769231
6450 0.273279352227
6450 0.273279352227
6484 0.275303643725
6488 0.277327935223
6512 0.279352226721
6525 0.281376518219
6534 0.283400809717
6553 0.285425101215
6562 0.287449392713
6585 0.289473684211
6590 0.291497975709
6602 0.293522267206
6610 0.295546558704
6620 0.297570850202
6629 0.2995951417
6633 0.301619433198
6641 0.303643724696
6644 0.305668016194
6665 0.307692307692
6685 0.30971659919
6750 0.311740890688
6815 0.313765182186
6853 0.315789473684
6855 0.317813765182
6891 0.31983805668
6913 0.321862348178
6916 0.323886639676
6962 0.325910931174
6966 0.327935222672
6970 0.32995951417
6988 0.331983805668
7001 0.334008097166
7010 0.336032388664
7021 0.338056680162
7030 0.34008097166
7035 0.342105263158
7039 0.344129554656
7041 0.346153846154
7060 0.348178137652
7104 0.35020242915
7145 0.352226720648
7153 0.354251012146
7181 0.356275303644
7183 0.36032388664
7183 0.36032388664
7237 0.362348178138
7249 0.364372469636
7278 0.366396761134
7301 0.368421052632
7309 0.37044534413
7315 0.372469635628
7318 0.374493927126
7322 0.376518218623
7324 0.378542510121
7348 0.380566801619
7351 0.382591093117
7373 0.384615384615
7376 0.386639676113
7378 0.388663967611
7396 0.390688259109
7407 0.392712550607
7418 0.394736842105
7458 0.396761133603
7463 0.398785425101
7465 0.400809716599
7513 0.402834008097
7571 0.404858299595
7575 0.406882591093
7618 0.410931174089
7618 0.410931174089
7633 0.414979757085
7633 0.414979757085
7643 0.417004048583
7667 0.419028340081
7679 0.421052631579
7718 0.423076923077
7737 0.425101214575
7751 0.427125506073
7760 0.429149797571
7772 0.431174089069
7779 0.433198380567
7807 0.435222672065
7808 0.437246963563
7827 0.439271255061
7837 0.441295546559
7841 0.443319838057
7845 0.445344129555
7849 0.447368421053
7860 0.449392712551
7873 0.451417004049
7883 0.453441295547
7896 0.455465587045
7915 0.457489878543
7966 0.45951417004
7970 0.461538461538
7987 0.463562753036
8008 0.465587044534
8020 0.467611336032
8038 0.46963562753
8051 0.471659919028
8060 0.473684210526
8063 0.477732793522
8063 0.477732793522
8084 0.47975708502
8086 0.481781376518
8090 0.485829959514
8090 0.485829959514
8103 0.487854251012
8136 0.48987854251
8221 0.491902834008
8226 0.493927125506
8263 0.495951417004
8280 0.497975708502
8328 0.5
8329 0.502024291498
8338 0.504048582996
8346 0.506072874494
8362 0.508097165992
8407 0.51012145749
8428 0.512145748988
8432 0.514170040486
8440 0.516194331984
8444 0.518218623482
8446 0.52024291498
8478 0.522267206478
8503 0.524291497976
8539 0.526315789474
8557 0.528340080972
8628 0.53036437247
8647 0.532388663968
8651 0.534412955466
8657 0.536437246964
8660 0.538461538462
8680 0.54048582996
8716 0.542510121457
8721 0.544534412955
8725 0.546558704453
8798 0.548582995951
8813 0.550607287449
8816 0.552631578947
8826 0.554655870445
8928 0.556680161943
8964 0.558704453441
9017 0.560728744939
9045 0.562753036437
9049 0.564777327935
9060 0.566801619433
9070 0.568825910931
9103 0.570850202429
9120 0.572874493927
9121 0.574898785425
9123 0.576923076923
9135 0.578947368421
9150 0.580971659919
9159 0.582995951417
9160 0.585020242915
9201 0.587044534413
9221 0.589068825911
9226 0.591093117409
9228 0.593117408907
9231 0.595141700405
9238 0.597165991903
9259 0.599190283401
9300 0.601214574899
9335 0.603238866397
9357 0.605263157895
9363 0.607287449393
9389 0.609311740891
9396 0.611336032389
9403 0.613360323887
9498 0.615384615385
9518 0.617408906883
9579 0.621457489879
9579 0.621457489879
9583 0.623481781377
9600 0.625506072874
9626 0.627530364372
9644 0.62955465587
9652 0.631578947368
9666 0.633603238866
9695 0.635627530364
9696 0.637651821862
9702 0.63967611336
9757 0.641700404858
9759 0.643724696356
9764 0.645748987854
9772 0.647773279352
9783 0.64979757085
9784 0.651821862348
9838 0.653846153846
9896 0.655870445344
9903 0.657894736842
9924 0.65991902834
9925 0.661943319838
9931 0.663967611336
10090 0.665991902834
10145 0.668016194332
10177 0.67004048583
10180 0.672064777328
10191 0.674089068826
10285 0.676113360324
10293 0.678137651822
10302 0.68016194332
10322 0.682186234818
10390 0.684210526316
10394 0.686234817814
10418 0.688259109312
10423 0.69028340081
10435 0.692307692308
10453 0.694331983806
10460 0.696356275304
10464 0.698380566802
10466 0.7004048583
10509 0.702429149798
10540 0.704453441296
10637 0.706477732794
10641 0.708502024291
10682 0.710526315789
10691 0.712550607287
10843 0.714574898785
10905 0.716599190283
10923 0.718623481781
10951 0.720647773279
10975 0.722672064777
10994 0.724696356275
11120 0.726720647773
11121 0.728744939271
11214 0.730769230769
11235 0.732793522267
11237 0.734817813765
11265 0.736842105263
11287 0.738866396761
11292 0.740890688259
11312 0.742914979757
11313 0.744939271255
11390 0.746963562753
11394 0.748987854251
11408 0.751012145749
11433 0.753036437247
11439 0.755060728745
11508 0.757085020243
11514 0.759109311741
11585 0.761133603239
11609 0.763157894737
11648 0.765182186235
11650 0.767206477733
11685 0.769230769231
11695 0.771255060729
11730 0.775303643725
11730 0.775303643725
11735 0.777327935223
11800 0.779352226721
11911 0.783400809717
11911 0.783400809717
11931 0.785425101215
11949 0.787449392713
11971 0.789473684211
12079 0.791497975709
12185 0.793522267206
12392 0.795546558704
12421 0.797570850202
12479 0.7995951417
12567 0.801619433198
12621 0.803643724696
12743 0.805668016194
12803 0.807692307692
12909 0.80971659919
12989 0.811740890688
12992 0.813765182186
13021 0.815789473684
13048 0.817813765182
13091 0.81983805668
13111 0.821862348178
13114 0.823886639676
13278 0.825910931174
13306 0.827935222672
13333 0.82995951417
13380 0.831983805668
13383 0.834008097166
13392 0.836032388664
13457 0.838056680162
13496 0.84008097166
13513 0.842105263158
13552 0.844129554656
13559 0.846153846154
13560 0.848178137652
13577 0.85020242915
13595 0.852226720648
13598 0.854251012146
13632 0.856275303644
13666 0.858299595142
13679 0.86032388664
13719 0.862348178138
13766 0.864372469636
13881 0.866396761134
13894 0.868421052632
13935 0.87044534413
13945 0.872469635628
13981 0.874493927126
14065 0.876518218623
14081 0.878542510121
14118 0.880566801619
14131 0.882591093117
14174 0.884615384615
14206 0.886639676113
14405 0.888663967611
14733 0.890688259109
14814 0.892712550607
14861 0.894736842105
14864 0.896761133603
14881 0.898785425101
14915 0.900809716599
15084 0.902834008097
15338 0.904858299595
15363 0.906882591093
15525 0.908906882591
15569 0.910931174089
15710 0.912955465587
15745 0.914979757085
15918 0.917004048583
16158 0.919028340081
16186 0.921052631579
16236 0.923076923077
16379 0.925101214575
16430 0.927125506073
16598 0.929149797571
16725 0.931174089069
16745 0.933198380567
16846 0.935222672065
16861 0.937246963563
16996 0.939271255061
17006 0.941295546559
17154 0.943319838057
17363 0.945344129555
17594 0.947368421053
17715 0.949392712551
17881 0.951417004049
17959 0.953441295547
19000 0.955465587045
19130 0.957489878543
19188 0.95951417004
19194 0.961538461538
19206 0.963562753036
19280 0.965587044534
19919 0.967611336032
19944 0.96963562753
20044 0.971659919028
20154 0.973684210526
20255 0.975708502024
20560 0.977732793522
20575 0.97975708502
20807 0.981781376518
20838 0.983805668016
20954 0.985829959514
23011 0.987854251012
28611 0.98987854251
71864 0.991902834008
83029 0.993927125506
98606 0.995951417004
123996 0.997975708502
448707 1.0
