154 0.00204081632653
663 0.00408163265306
1218 0.00612244897959
1226 0.00816326530612
1555 0.0102040816327
1684 0.0122448979592
1826 0.0142857142857
2071 0.0163265306122
2303 0.0183673469388
2366 0.0204081632653
2884 0.0224489795918
3147 0.0244897959184
3468 0.0265306122449
3591 0.0285714285714
3644 0.030612244898
3937 0.0326530612245
4197 0.034693877551
4251 0.0367346938776
4270 0.0387755102041
4349 0.0408163265306
4669 0.0428571428571
4716 0.0448979591837
5033 0.0469387755102
5209 0.0489795918367
5968 0.0510204081633
6161 0.0530612244898
6338 0.0551020408163
6341 0.0571428571429
6512 0.0591836734694
6542 0.0612244897959
6662 0.0632653061224
7264 0.065306122449
7279 0.0673469387755
7495 0.069387755102
7898 0.0714285714286
8173 0.0734693877551
8231 0.0755102040816
8434 0.0775510204082
8452 0.0795918367347
8555 0.0816326530612
8610 0.0836734693878
8818 0.0857142857143
8844 0.0877551020408
9100 0.0897959183673
9287 0.0918367346939
9442 0.0938775510204
10017 0.0959183673469
10127 0.0979591836735
10454 0.1
10830 0.102040816327
11018 0.104081632653
11054 0.10612244898
11199 0.108163265306
11276 0.110204081633
11555 0.112244897959
11713 0.114285714286
11903 0.116326530612
12239 0.118367346939
12394 0.120408163265
12485 0.122448979592
12638 0.124489795918
12665 0.126530612245
12975 0.128571428571
13142 0.130612244898
13469 0.132653061224
13572 0.134693877551
13616 0.136734693878
14184 0.138775510204
14212 0.140816326531
14234 0.142857142857
14345 0.144897959184
14508 0.14693877551
14532 0.148979591837
14638 0.151020408163
14722 0.15306122449
14761 0.155102040816
14783 0.157142857143
14867 0.159183673469
14973 0.161224489796
15067 0.163265306122
15086 0.165306122449
15346 0.167346938776
15500 0.169387755102
15664 0.171428571429
15784 0.173469387755
15904 0.175510204082
16139 0.177551020408
16213 0.179591836735
16355 0.181632653061
16389 0.183673469388
16453 0.185714285714
16464 0.187755102041
16513 0.189795918367
16594 0.191836734694
16715 0.19387755102
16743 0.195918367347
17287 0.197959183673
17376 0.2
17446 0.202040816327
17652 0.204081632653
17660 0.20612244898
17719 0.208163265306
17818 0.210204081633
17901 0.212244897959
18039 0.214285714286
18320 0.216326530612
18324 0.218367346939
18366 0.220408163265
18440 0.222448979592
18531 0.224489795918
18617 0.226530612245
18782 0.228571428571
18801 0.230612244898
18815 0.232653061224
19028 0.234693877551
19076 0.236734693878
19088 0.238775510204
19178 0.240816326531
19542 0.242857142857
19574 0.244897959184
19584 0.24693877551
19589 0.248979591837
19654 0.251020408163
19662 0.25306122449
19698 0.255102040816
20094 0.257142857143
20168 0.259183673469
20247 0.261224489796
20534 0.263265306122
20553 0.265306122449
20720 0.267346938776
20860 0.269387755102
20942 0.271428571429
21055 0.273469387755
21187 0.275510204082
21256 0.277551020408
21258 0.279591836735
21361 0.281632653061
21467 0.283673469388
21566 0.285714285714
21570 0.287755102041
21580 0.289795918367
21820 0.291836734694
22162 0.29387755102
22288 0.295918367347
22324 0.297959183673
22712 0.3
22722 0.302040816327
22905 0.304081632653
23032 0.30612244898
23330 0.308163265306
23450 0.310204081633
23580 0.312244897959
23586 0.314285714286
23773 0.316326530612
23854 0.318367346939
23931 0.320408163265
24143 0.322448979592
24582 0.324489795918
24896 0.326530612245
24972 0.328571428571
24994 0.330612244898
25364 0.332653061224
25412 0.334693877551
25664 0.336734693878
25848 0.338775510204
26099 0.340816326531
26169 0.342857142857
26231 0.344897959184
26263 0.34693877551
26390 0.348979591837
26446 0.351020408163
26469 0.35306122449
26550 0.355102040816
26581 0.357142857143
26662 0.359183673469
26886 0.361224489796
26921 0.363265306122
26951 0.365306122449
26993 0.367346938776
27064 0.369387755102
27736 0.371428571429
27820 0.373469387755
27855 0.375510204082
27858 0.377551020408
27928 0.379591836735
27966 0.381632653061
28067 0.383673469388
28158 0.385714285714
28260 0.387755102041
28283 0.389795918367
28372 0.391836734694
28496 0.39387755102
28531 0.395918367347
28601 0.397959183673
28636 0.4
28664 0.402040816327
29084 0.404081632653
29244 0.40612244898
29546 0.408163265306
29669 0.410204081633
30031 0.412244897959
30575 0.414285714286
30613 0.416326530612
30696 0.418367346939
30797 0.420408163265
30810 0.422448979592
30896 0.424489795918
30963 0.426530612245
30983 0.428571428571
31337 0.430612244898
31654 0.432653061224
31954 0.434693877551
32562 0.436734693878
32568 0.438775510204
32797 0.440816326531
32894 0.442857142857
32999 0.444897959184
33054 0.44693877551
33235 0.448979591837
33519 0.451020408163
33650 0.45306122449
33719 0.455102040816
33936 0.457142857143
33941 0.459183673469
34288 0.461224489796
34319 0.463265306122
34394 0.465306122449
34833 0.467346938776
34840 0.469387755102
35325 0.471428571429
35500 0.473469387755
35550 0.475510204082
35643 0.477551020408
35720 0.479591836735
35771 0.481632653061
36279 0.483673469388
36354 0.485714285714
36817 0.487755102041
36861 0.489795918367
37104 0.491836734694
37147 0.49387755102
37161 0.495918367347
37181 0.497959183673
37307 0.5
37712 0.502040816327
37953 0.504081632653
37972 0.50612244898
38340 0.508163265306
38412 0.510204081633
38679 0.512244897959
38864 0.514285714286
38884 0.516326530612
38967 0.518367346939
38970 0.520408163265
38981 0.522448979592
39029 0.524489795918
39224 0.526530612245
39270 0.528571428571
39282 0.530612244898
39346 0.532653061224
39479 0.534693877551
39769 0.536734693878
39885 0.538775510204
39999 0.540816326531
40190 0.542857142857
40285 0.544897959184
40435 0.54693877551
40975 0.548979591837
41314 0.551020408163
41420 0.55306122449
41526 0.555102040816
41631 0.557142857143
41877 0.559183673469
42076 0.561224489796
42358 0.563265306122
42426 0.565306122449
42440 0.567346938776
42662 0.569387755102
42823 0.571428571429
42938 0.573469387755
43004 0.575510204082
43050 0.577551020408
43309 0.579591836735
43505 0.581632653061
43569 0.583673469388
43633 0.585714285714
43693 0.587755102041
43729 0.589795918367
44011 0.591836734694
44019 0.59387755102
44041 0.595918367347
44221 0.597959183673
44430 0.6
44599 0.602040816327
44830 0.604081632653
45010 0.60612244898
45460 0.608163265306
45638 0.610204081633
45710 0.612244897959
45749 0.614285714286
45752 0.616326530612
46135 0.618367346939
46295 0.620408163265
46366 0.622448979592
46405 0.624489795918
46555 0.626530612245
46653 0.628571428571
47032 0.630612244898
47211 0.632653061224
47382 0.634693877551
47543 0.636734693878
48237 0.638775510204
48244 0.640816326531
48868 0.642857142857
48955 0.644897959184
49058 0.64693877551
49060 0.648979591837
49294 0.651020408163
49548 0.65306122449
50260 0.655102040816
50587 0.657142857143
50793 0.659183673469
51389 0.661224489796
51467 0.663265306122
51551 0.665306122449
51655 0.667346938776
51685 0.669387755102
52042 0.671428571429
52399 0.673469387755
52593 0.675510204082
52669 0.677551020408
52756 0.679591836735
53050 0.681632653061
53161 0.683673469388
53248 0.685714285714
53285 0.687755102041
53348 0.689795918367
53385 0.691836734694
53408 0.69387755102
53520 0.695918367347
53852 0.697959183673
54126 0.7
54339 0.702040816327
54436 0.704081632653
54928 0.70612244898
55173 0.708163265306
55752 0.710204081633
56064 0.712244897959
56274 0.714285714286
56285 0.716326530612
56927 0.718367346939
56967 0.720408163265
56968 0.722448979592
57066 0.724489795918
57704 0.726530612245
57916 0.728571428571
58385 0.730612244898
58403 0.732653061224
58629 0.734693877551
58937 0.736734693878
59278 0.738775510204
59289 0.740816326531
59578 0.742857142857
59588 0.744897959184
60028 0.74693877551
60309 0.748979591837
60705 0.751020408163
61303 0.75306122449
61304 0.755102040816
61448 0.757142857143
61742 0.759183673469
61755 0.761224489796
61785 0.763265306122
61871 0.765306122449
62000 0.767346938776
62074 0.769387755102
62230 0.771428571429
62641 0.773469387755
62941 0.775510204082
62944 0.777551020408
63109 0.779591836735
63143 0.781632653061
63318 0.783673469388
63570 0.785714285714
63771 0.787755102041
64196 0.789795918367
64197 0.791836734694
64293 0.79387755102
65112 0.795918367347
65118 0.797959183673
65421 0.8
65454 0.802040816327
65678 0.804081632653
66650 0.80612244898
66969 0.808163265306
67130 0.810204081633
67212 0.812244897959
67837 0.814285714286
68258 0.816326530612
69257 0.818367346939
69661 0.820408163265
69899 0.822448979592
70235 0.824489795918
70376 0.826530612245
70909 0.828571428571
70913 0.830612244898
71258 0.832653061224
71475 0.834693877551
71817 0.836734693878
72483 0.838775510204
72669 0.840816326531
72765 0.842857142857
73135 0.844897959184
73157 0.84693877551
73826 0.848979591837
74021 0.851020408163
75805 0.85306122449
76858 0.855102040816
78093 0.857142857143
78242 0.859183673469
80213 0.861224489796
81293 0.863265306122
81454 0.865306122449
82066 0.867346938776
82485 0.869387755102
83347 0.871428571429
83960 0.873469387755
85111 0.875510204082
85723 0.877551020408
85824 0.879591836735
86039 0.881632653061
87350 0.883673469388
87586 0.885714285714
88303 0.887755102041
88332 0.889795918367
88777 0.891836734694
90857 0.89387755102
91094 0.895918367347
91141 0.897959183673
92972 0.9
95273 0.902040816327
95659 0.904081632653
96433 0.90612244898
96628 0.908163265306
97060 0.910204081633
98691 0.912244897959
102992 0.914285714286
103049 0.916326530612
104695 0.918367346939
107255 0.920408163265
109118 0.922448979592
115793 0.924489795918
117035 0.926530612245
117319 0.928571428571
118057 0.930612244898
119971 0.932653061224
120885 0.934693877551
129998 0.936734693878
133324 0.938775510204
134371 0.940816326531
136364 0.942857142857
138616 0.944897959184
139572 0.94693877551
141838 0.948979591837
147059 0.951020408163
155092 0.95306122449
156121 0.955102040816
158840 0.957142857143
162794 0.959183673469
163242 0.961224489796
164150 0.963265306122
171010 0.965306122449
173115 0.967346938776
174132 0.969387755102
177195 0.971428571429
182482 0.973469387755
183652 0.975510204082
189397 0.977551020408
198046 0.979591836735
206300 0.981632653061
212574 0.983673469388
214262 0.985714285714
225133 0.987755102041
243679 0.989795918367
244861 0.991836734694
248101 0.99387755102
270485 0.995918367347
368288 0.997959183673
371280 1.0
