64 0.00202429149798
1087 0.00404858299595
1146 0.00607287449393
1261 0.0080971659919
1288 0.0101214574899
1387 0.0121457489879
1460 0.0141700404858
1505 0.0161943319838
1547 0.0182186234818
1553 0.0202429149798
1685 0.0222672064777
1710 0.0242914979757
1742 0.0263157894737
1767 0.0283400809717
1827 0.0303643724696
1894 0.0323886639676
1954 0.0344129554656
2010 0.0364372469636
2037 0.0384615384615
2050 0.0404858299595
2063 0.0425101214575
2083 0.0445344129555
2101 0.0465587044534
2107 0.0485829959514
2129 0.0506072874494
2169 0.0526315789474
2170 0.0546558704453
2174 0.0566801619433
2207 0.0587044534413
2230 0.0607287449393
2235 0.0627530364372
2255 0.0647773279352
2272 0.0668016194332
2275 0.0688259109312
2278 0.0708502024291
2300 0.0728744939271
2308 0.0748987854251
2332 0.0769230769231
2367 0.0789473684211
2380 0.080971659919
2429 0.082995951417
2454 0.085020242915
2524 0.087044534413
2525 0.0890688259109
2541 0.0910931174089
2559 0.0931174089069
2571 0.0951417004049
2575 0.0971659919028
2578 0.0991902834008
2604 0.101214574899
2674 0.103238866397
2678 0.105263157895
2706 0.107287449393
2727 0.109311740891
2740 0.111336032389
2795 0.113360323887
2824 0.115384615385
2828 0.117408906883
2833 0.119433198381
2843 0.121457489879
2852 0.125506072874
2852 0.125506072874
2866 0.127530364372
2874 0.12955465587
2896 0.131578947368
2908 0.133603238866
2924 0.135627530364
2931 0.137651821862
2932 0.13967611336
2933 0.141700404858
2970 0.143724696356
2976 0.145748987854
2998 0.147773279352
3000 0.14979757085
3003 0.151821862348
3008 0.153846153846
3020 0.157894736842
3020 0.157894736842
3030 0.15991902834
3031 0.161943319838
3037 0.163967611336
3048 0.165991902834
3052 0.168016194332
3069 0.17004048583
3071 0.172064777328
3136 0.174089068826
3152 0.176113360324
3159 0.178137651822
3172 0.18016194332
3175 0.182186234818
3182 0.184210526316
3186 0.186234817814
3195 0.188259109312
3207 0.19028340081
3213 0.192307692308
3221 0.194331983806
3245 0.196356275304
3314 0.198380566802
3317 0.2004048583
3321 0.202429149798
3342 0.204453441296
3354 0.206477732794
3358 0.208502024291
3383 0.210526315789
3406 0.212550607287
3407 0.214574898785
3412 0.216599190283
3423 0.220647773279
3423 0.220647773279
3428 0.222672064777
3433 0.224696356275
3435 0.226720647773
3439 0.228744939271
3448 0.230769230769
3453 0.232793522267
3459 0.234817813765
3479 0.236842105263
3481 0.238866396761
3494 0.240890688259
3507 0.242914979757
3514 0.244939271255
3524 0.246963562753
3548 0.248987854251
3553 0.251012145749
3557 0.253036437247
3577 0.255060728745
3580 0.257085020243
3593 0.259109311741
3622 0.261133603239
3626 0.265182186235
3626 0.265182186235
3638 0.267206477733
3654 0.269230769231
3664 0.271255060729
3671 0.273279352227
3681 0.275303643725
3701 0.279352226721
3701 0.279352226721
3702 0.281376518219
3704 0.283400809717
3720 0.285425101215
3725 0.289473684211
3725 0.289473684211
3762 0.291497975709
3781 0.293522267206
3792 0.295546558704
3802 0.297570850202
3807 0.2995951417
3808 0.301619433198
3809 0.303643724696
3813 0.305668016194
3815 0.307692307692
3823 0.30971659919
3829 0.311740890688
3838 0.313765182186
3850 0.317813765182
3850 0.317813765182
3887 0.31983805668
3899 0.321862348178
3900 0.323886639676
3930 0.325910931174
3931 0.327935222672
3956 0.32995951417
3958 0.331983805668
3959 0.334008097166
3966 0.336032388664
3969 0.338056680162
3980 0.34008097166
4007 0.342105263158
4009 0.344129554656
4011 0.346153846154
4037 0.348178137652
4071 0.35020242915
4102 0.352226720648
4105 0.354251012146
4106 0.356275303644
4108 0.358299595142
4116 0.362348178138
4116 0.362348178138
4129 0.364372469636
4138 0.366396761134
4228 0.368421052632
4242 0.37044534413
4266 0.372469635628
4343 0.374493927126
4360 0.376518218623
4393 0.378542510121
4407 0.380566801619
4420 0.382591093117
4429 0.384615384615
4437 0.386639676113
4443 0.388663967611
4450 0.390688259109
4452 0.392712550607
4459 0.394736842105
4477 0.396761133603
4489 0.398785425101
4494 0.400809716599
4497 0.402834008097
4513 0.404858299595
4520 0.406882591093
4532 0.408906882591
4541 0.410931174089
4554 0.412955465587
4557 0.414979757085
4559 0.417004048583
4589 0.419028340081
4621 0.421052631579
4632 0.423076923077
4648 0.425101214575
4678 0.429149797571
4678 0.429149797571
4679 0.431174089069
4680 0.433198380567
4699 0.435222672065
4703 0.437246963563
4705 0.439271255061
4723 0.441295546559
4731 0.443319838057
4733 0.445344129555
4739 0.447368421053
4740 0.449392712551
4751 0.453441295547
4751 0.453441295547
4754 0.455465587045
4786 0.457489878543
4806 0.45951417004
4816 0.461538461538
4843 0.463562753036
4850 0.465587044534
4857 0.467611336032
4859 0.471659919028
4859 0.471659919028
4862 0.473684210526
4878 0.475708502024
4881 0.477732793522
4886 0.47975708502
4945 0.481781376518
4982 0.483805668016
4987 0.485829959514
5005 0.487854251012
5007 0.48987854251
5008 0.491902834008
5024 0.495951417004
5024 0.495951417004
5035 0.497975708502
5043 0.5
5062 0.502024291498
5068 0.504048582996
5088 0.506072874494
5099 0.508097165992
5110 0.51012145749
5112 0.514170040486
5112 0.514170040486
5114 0.516194331984
5141 0.52024291498
5141 0.52024291498
5144 0.522267206478
5155 0.524291497976
5204 0.526315789474
5255 0.528340080972
5262 0.53036437247
5266 0.532388663968
5287 0.534412955466
5324 0.536437246964
5328 0.538461538462
5329 0.54048582996
5361 0.542510121457
5385 0.544534412955
5386 0.546558704453
5392 0.548582995951
5422 0.550607287449
5429 0.552631578947
5442 0.554655870445
5465 0.556680161943
5475 0.560728744939
5475 0.560728744939
5501 0.562753036437
5526 0.564777327935
5528 0.566801619433
5590 0.568825910931
5622 0.570850202429
5656 0.572874493927
5668 0.574898785425
5673 0.578947368421
5673 0.578947368421
5694 0.580971659919
5701 0.582995951417
5736 0.587044534413
5736 0.587044534413
5739 0.589068825911
5767 0.591093117409
5776 0.593117408907
5794 0.595141700405
5796 0.597165991903
5802 0.599190283401
5814 0.601214574899
5885 0.603238866397
5894 0.605263157895
5897 0.607287449393
5929 0.609311740891
5941 0.611336032389
5955 0.613360323887
5967 0.615384615385
5982 0.617408906883
5997 0.619433198381
6011 0.621457489879
6071 0.623481781377
6091 0.625506072874
6144 0.627530364372
6181 0.62955465587
6212 0.631578947368
6214 0.633603238866
6272 0.635627530364
6285 0.637651821862
6292 0.63967611336
6297 0.641700404858
6329 0.643724696356
6364 0.645748987854
6408 0.647773279352
6411 0.64979757085
6427 0.651821862348
6449 0.653846153846
6473 0.655870445344
6476 0.657894736842
6495 0.65991902834
6528 0.661943319838
6542 0.663967611336
6546 0.665991902834
6555 0.668016194332
6559 0.67004048583
6573 0.672064777328
6588 0.674089068826
6610 0.676113360324
6655 0.678137651822
6709 0.68016194332
6730 0.682186234818
6745 0.686234817814
6745 0.686234817814
6748 0.688259109312
6772 0.69028340081
6781 0.692307692308
6858 0.694331983806
6863 0.696356275304
6864 0.698380566802
6874 0.7004048583
6898 0.702429149798
6915 0.704453441296
6926 0.706477732794
6992 0.708502024291
6995 0.710526315789
7048 0.712550607287
7054 0.714574898785
7069 0.716599190283
7071 0.718623481781
7091 0.720647773279
7128 0.722672064777
7130 0.724696356275
7190 0.726720647773
7259 0.728744939271
7260 0.730769230769
7282 0.732793522267
7299 0.734817813765
7322 0.736842105263
7329 0.738866396761
7347 0.740890688259
7349 0.742914979757
7368 0.744939271255
7430 0.746963562753
7533 0.748987854251
7547 0.751012145749
7573 0.753036437247
7577 0.755060728745
7579 0.757085020243
7607 0.759109311741
7629 0.761133603239
7643 0.763157894737
7680 0.765182186235
7708 0.767206477733
7768 0.769230769231
7769 0.771255060729
7831 0.773279352227
7872 0.775303643725
7934 0.777327935223
7939 0.779352226721
7998 0.781376518219
8000 0.783400809717
8054 0.785425101215
8126 0.787449392713
8164 0.789473684211
8171 0.791497975709
8177 0.793522267206
8227 0.795546558704
8236 0.797570850202
8292 0.7995951417
8293 0.801619433198
8300 0.803643724696
8335 0.805668016194
8386 0.807692307692
8400 0.80971659919
8405 0.811740890688
8438 0.813765182186
8454 0.815789473684
8459 0.817813765182
8485 0.81983805668
8510 0.821862348178
8528 0.823886639676
8530 0.825910931174
8538 0.827935222672
8543 0.82995951417
8559 0.831983805668
8636 0.834008097166
8683 0.836032388664
8805 0.838056680162
8811 0.84008097166
8851 0.842105263158
8901 0.844129554656
8905 0.846153846154
8909 0.848178137652
8915 0.85020242915
8944 0.852226720648
8947 0.854251012146
9004 0.856275303644
9110 0.858299595142
9115 0.86032388664
9239 0.862348178138
9249 0.864372469636
9267 0.866396761134
9452 0.868421052632
9461 0.87044534413
9503 0.872469635628
9575 0.874493927126
9601 0.876518218623
9620 0.878542510121
9636 0.880566801619
9643 0.882591093117
9692 0.884615384615
9772 0.886639676113
9779 0.888663967611
9923 0.892712550607
9923 0.892712550607
9979 0.894736842105
10050 0.896761133603
10074 0.898785425101
10076 0.900809716599
10094 0.902834008097
10184 0.904858299595
10251 0.906882591093
10266 0.908906882591
10272 0.910931174089
10277 0.912955465587
10518 0.914979757085
10519 0.917004048583
10580 0.919028340081
10635 0.921052631579
10764 0.923076923077
10772 0.925101214575
10938 0.927125506073
11071 0.929149797571
11097 0.931174089069
11131 0.933198380567
11153 0.935222672065
11206 0.937246963563
11416 0.939271255061
11481 0.941295546559
11509 0.943319838057
11794 0.945344129555
12200 0.947368421053
12286 0.949392712551
12444 0.951417004049
12550 0.953441295547
12682 0.955465587045
13022 0.957489878543
13117 0.95951417004
13178 0.961538461538
13198 0.963562753036
13239 0.965587044534
13375 0.967611336032
13579 0.96963562753
13619 0.971659919028
14088 0.973684210526
14229 0.975708502024
14743 0.977732793522
14744 0.97975708502
15724 0.981781376518
15833 0.983805668016
16261 0.985829959514
17665 0.987854251012
18366 0.98987854251
28683 0.991902834008
89410 0.993927125506
93345 0.995951417004
137449 0.997975708502
413852 1.0
