111 0.00202429149798
561 0.00404858299595
1346 0.00607287449393
1442 0.0080971659919
1480 0.0101214574899
1547 0.0121457489879
1753 0.0141700404858
1962 0.0161943319838
1984 0.0182186234818
2131 0.0202429149798
2309 0.0222672064777
2378 0.0242914979757
2453 0.0263157894737
2488 0.0283400809717
2543 0.0303643724696
2583 0.0323886639676
2759 0.0344129554656
2864 0.0364372469636
2900 0.0384615384615
2934 0.0404858299595
2942 0.0425101214575
2946 0.0445344129555
2952 0.0465587044534
3081 0.0485829959514
3166 0.0506072874494
3230 0.0526315789474
3320 0.0546558704453
3476 0.0566801619433
3510 0.0587044534413
3536 0.0607287449393
3540 0.0627530364372
3613 0.0647773279352
3615 0.0668016194332
3634 0.0688259109312
3654 0.0708502024291
3827 0.0728744939271
3856 0.0748987854251
3902 0.0769230769231
4066 0.0789473684211
4140 0.080971659919
4145 0.082995951417
4159 0.085020242915
4162 0.087044534413
4252 0.0890688259109
4276 0.0910931174089
4347 0.0931174089069
4421 0.0951417004049
4427 0.0971659919028
4444 0.0991902834008
4511 0.101214574899
4513 0.103238866397
4580 0.105263157895
4594 0.107287449393
4673 0.109311740891
4720 0.111336032389
4745 0.113360323887
4753 0.115384615385
4759 0.117408906883
4814 0.119433198381
4816 0.121457489879
4952 0.123481781377
5018 0.125506072874
5027 0.127530364372
5055 0.131578947368
5055 0.131578947368
5138 0.133603238866
5216 0.135627530364
5243 0.137651821862
5250 0.13967611336
5313 0.141700404858
5320 0.143724696356
5322 0.145748987854
5351 0.147773279352
5494 0.14979757085
5498 0.151821862348
5553 0.153846153846
5565 0.155870445344
5667 0.157894736842
5671 0.15991902834
5679 0.161943319838
5680 0.163967611336
5697 0.165991902834
5718 0.168016194332
5719 0.17004048583
5725 0.172064777328
5756 0.174089068826
5787 0.176113360324
5846 0.178137651822
5848 0.18016194332
5855 0.182186234818
5861 0.184210526316
5866 0.186234817814
5867 0.188259109312
5868 0.19028340081
5975 0.192307692308
5989 0.194331983806
6038 0.196356275304
6057 0.198380566802
6061 0.2004048583
6085 0.202429149798
6103 0.204453441296
6118 0.206477732794
6218 0.208502024291
6226 0.210526315789
6251 0.212550607287
6257 0.214574898785
6267 0.216599190283
6316 0.218623481781
6337 0.220647773279
6377 0.222672064777
6426 0.224696356275
6434 0.226720647773
6436 0.228744939271
6475 0.230769230769
6585 0.232793522267
6595 0.234817813765
6628 0.236842105263
6641 0.238866396761
6716 0.240890688259
6733 0.242914979757
6771 0.244939271255
6792 0.246963562753
6798 0.248987854251
6803 0.251012145749
6859 0.253036437247
6892 0.255060728745
6917 0.257085020243
6918 0.259109311741
6929 0.261133603239
6940 0.263157894737
6984 0.265182186235
6996 0.267206477733
7006 0.269230769231
7009 0.271255060729
7042 0.273279352227
7049 0.275303643725
7075 0.277327935223
7249 0.279352226721
7252 0.281376518219
7274 0.283400809717
7276 0.285425101215
7288 0.287449392713
7303 0.289473684211
7307 0.291497975709
7314 0.293522267206
7354 0.295546558704
7383 0.297570850202
7403 0.2995951417
7426 0.301619433198
7441 0.303643724696
7476 0.305668016194
7545 0.307692307692
7560 0.30971659919
7649 0.311740890688
7706 0.313765182186
7720 0.315789473684
7754 0.317813765182
7772 0.31983805668
7821 0.321862348178
7865 0.323886639676
7889 0.325910931174
7908 0.327935222672
7986 0.32995951417
8012 0.331983805668
8031 0.334008097166
8041 0.336032388664
8096 0.338056680162
8209 0.34008097166
8211 0.342105263158
8216 0.344129554656
8246 0.346153846154
8296 0.348178137652
8370 0.35020242915
8429 0.352226720648
8449 0.354251012146
8454 0.356275303644
8504 0.358299595142
8531 0.36032388664
8550 0.362348178138
8554 0.364372469636
8609 0.366396761134
8637 0.368421052632
8648 0.37044534413
8657 0.372469635628
8794 0.374493927126
8832 0.376518218623
8850 0.378542510121
8876 0.380566801619
8896 0.382591093117
8924 0.384615384615
8958 0.386639676113
8967 0.388663967611
8992 0.390688259109
9013 0.392712550607
9055 0.394736842105
9061 0.396761133603
9072 0.398785425101
9096 0.400809716599
9150 0.402834008097
9168 0.404858299595
9195 0.406882591093
9204 0.408906882591
9299 0.410931174089
9302 0.412955465587
9308 0.414979757085
9360 0.417004048583
9394 0.419028340081
9542 0.421052631579
9546 0.423076923077
9585 0.425101214575
9603 0.429149797571
9603 0.429149797571
9613 0.431174089069
9657 0.433198380567
9726 0.435222672065
9822 0.437246963563
9852 0.439271255061
9916 0.441295546559
10020 0.443319838057
10081 0.445344129555
10082 0.447368421053
10118 0.449392712551
10160 0.451417004049
10178 0.453441295547
10303 0.455465587045
10352 0.457489878543
10354 0.45951417004
10466 0.461538461538
10492 0.463562753036
10516 0.465587044534
10560 0.467611336032
10602 0.46963562753
10608 0.471659919028
10615 0.473684210526
10628 0.475708502024
10652 0.477732793522
10713 0.47975708502
10718 0.481781376518
10743 0.485829959514
10743 0.485829959514
10756 0.487854251012
10811 0.48987854251
10829 0.491902834008
10861 0.493927125506
10875 0.495951417004
10902 0.497975708502
10924 0.5
10953 0.502024291498
10972 0.504048582996
11020 0.506072874494
11076 0.51012145749
11076 0.51012145749
11085 0.512145748988
11119 0.514170040486
11143 0.516194331984
11159 0.518218623482
11163 0.52024291498
11203 0.522267206478
11233 0.524291497976
11261 0.526315789474
11323 0.528340080972
11380 0.53036437247
11383 0.532388663968
11450 0.534412955466
11499 0.536437246964
11528 0.538461538462
11588 0.54048582996
11601 0.542510121457
11605 0.544534412955
11637 0.546558704453
11638 0.548582995951
11651 0.550607287449
11667 0.552631578947
11673 0.554655870445
11764 0.556680161943
11807 0.558704453441
11837 0.560728744939
11847 0.562753036437
11859 0.564777327935
11968 0.566801619433
11970 0.568825910931
12029 0.570850202429
12091 0.572874493927
12104 0.574898785425
12149 0.576923076923
12179 0.578947368421
12196 0.580971659919
12230 0.582995951417
12245 0.585020242915
12259 0.587044534413
12302 0.589068825911
12350 0.591093117409
12376 0.593117408907
12399 0.595141700405
12447 0.597165991903
12457 0.599190283401
12458 0.601214574899
12461 0.603238866397
12488 0.605263157895
12500 0.607287449393
12638 0.609311740891
12652 0.611336032389
12790 0.613360323887
12821 0.615384615385
12884 0.617408906883
12921 0.619433198381
13056 0.621457489879
13057 0.623481781377
13093 0.625506072874
13129 0.627530364372
13132 0.62955465587
13176 0.631578947368
13242 0.633603238866
13251 0.635627530364
13261 0.637651821862
13395 0.63967611336
13402 0.641700404858
13433 0.643724696356
13520 0.645748987854
13630 0.647773279352
13685 0.64979757085
13687 0.651821862348
13752 0.653846153846
13873 0.655870445344
13884 0.657894736842
14035 0.65991902834
14049 0.661943319838
14101 0.663967611336
14124 0.665991902834
14173 0.668016194332
14198 0.67004048583
14249 0.672064777328
14295 0.674089068826
14351 0.676113360324
14399 0.678137651822
14403 0.68016194332
14575 0.682186234818
14594 0.684210526316
14706 0.686234817814
14707 0.688259109312
14725 0.69028340081
14829 0.692307692308
14830 0.694331983806
14861 0.696356275304
14866 0.698380566802
14918 0.7004048583
14926 0.702429149798
14933 0.704453441296
14960 0.706477732794
14961 0.708502024291
15015 0.710526315789
15041 0.712550607287
15055 0.714574898785
15148 0.716599190283
15201 0.718623481781
15220 0.720647773279
15227 0.722672064777
15299 0.724696356275
15360 0.726720647773
15371 0.728744939271
15392 0.730769230769
15405 0.732793522267
15409 0.734817813765
15528 0.736842105263
15553 0.738866396761
15620 0.740890688259
15642 0.742914979757
15703 0.744939271255
15873 0.746963562753
15922 0.748987854251
15946 0.751012145749
16081 0.753036437247
16124 0.755060728745
16145 0.757085020243
16179 0.759109311741
16196 0.761133603239
16351 0.763157894737
16435 0.765182186235
16455 0.767206477733
16475 0.769230769231
16494 0.771255060729
16509 0.773279352227
16546 0.775303643725
16611 0.777327935223
16754 0.779352226721
16760 0.781376518219
16945 0.783400809717
17052 0.785425101215
17191 0.787449392713
17337 0.789473684211
17345 0.791497975709
17413 0.793522267206
17459 0.795546558704
17470 0.797570850202
17475 0.7995951417
17498 0.801619433198
17594 0.803643724696
17713 0.805668016194
17877 0.807692307692
17994 0.80971659919
18003 0.811740890688
18045 0.813765182186
18144 0.815789473684
18187 0.817813765182
18241 0.81983805668
18271 0.821862348178
18316 0.823886639676
18767 0.825910931174
18778 0.827935222672
18821 0.82995951417
18969 0.831983805668
19100 0.834008097166
19295 0.836032388664
19401 0.838056680162
19455 0.84008097166
19560 0.842105263158
19698 0.844129554656
20049 0.846153846154
20086 0.848178137652
20090 0.85020242915
20123 0.852226720648
20189 0.854251012146
20303 0.856275303644
20506 0.858299595142
20594 0.86032388664
20782 0.862348178138
20805 0.864372469636
21175 0.866396761134
21181 0.868421052632
21198 0.87044534413
21229 0.872469635628
21634 0.874493927126
21776 0.876518218623
22194 0.878542510121
22221 0.880566801619
22313 0.882591093117
22315 0.884615384615
22671 0.886639676113
22759 0.888663967611
22774 0.890688259109
22913 0.892712550607
23419 0.894736842105
23691 0.896761133603
23722 0.898785425101
23778 0.900809716599
23900 0.902834008097
24046 0.904858299595
24702 0.906882591093
24852 0.908906882591
25765 0.910931174089
27235 0.912955465587
28275 0.914979757085
28404 0.917004048583
29003 0.919028340081
30375 0.921052631579
30841 0.923076923077
31628 0.925101214575
32341 0.927125506073
32894 0.929149797571
35196 0.931174089069
35325 0.933198380567
35490 0.935222672065
36091 0.937246963563
37169 0.939271255061
38045 0.941295546559
38527 0.943319838057
38676 0.945344129555
38950 0.947368421053
40116 0.949392712551
40122 0.951417004049
40425 0.953441295547
40508 0.955465587045
40535 0.957489878543
40646 0.95951417004
42505 0.961538461538
42853 0.963562753036
43797 0.965587044534
43987 0.967611336032
45754 0.96963562753
52239 0.971659919028
52996 0.973684210526
53524 0.975708502024
57216 0.977732793522
58285 0.97975708502
58909 0.981781376518
59898 0.983805668016
62138 0.985829959514
73518 0.987854251012
81219 0.98987854251
85021 0.991902834008
92284 0.993927125506
103897 0.995951417004
128753 0.997975708502
446469 1.0
