50 0.00202429149798
1259 0.00404858299595
1261 0.00607287449393
1303 0.0080971659919
1365 0.0101214574899
1644 0.0121457489879
1693 0.0141700404858
1731 0.0161943319838
1756 0.0182186234818
1783 0.0202429149798
1881 0.0222672064777
1884 0.0242914979757
1969 0.0263157894737
2059 0.0283400809717
2135 0.0303643724696
2186 0.0323886639676
2190 0.0344129554656
2226 0.0364372469636
2278 0.0384615384615
2293 0.0404858299595
2305 0.0425101214575
2310 0.0445344129555
2312 0.0465587044534
2319 0.0485829959514
2340 0.0506072874494
2349 0.0526315789474
2355 0.0546558704453
2431 0.0566801619433
2456 0.0587044534413
2476 0.0607287449393
2495 0.0627530364372
2499 0.0647773279352
2503 0.0668016194332
2516 0.0688259109312
2554 0.0708502024291
2619 0.0728744939271
2684 0.0748987854251
2703 0.0769230769231
2730 0.0789473684211
2759 0.080971659919
2803 0.082995951417
2807 0.085020242915
2816 0.087044534413
2821 0.0890688259109
2843 0.0910931174089
2851 0.0931174089069
2853 0.0951417004049
2860 0.0971659919028
2914 0.0991902834008
2917 0.101214574899
2924 0.103238866397
2963 0.105263157895
2968 0.107287449393
3011 0.109311740891
3025 0.111336032389
3042 0.113360323887
3044 0.115384615385
3045 0.117408906883
3071 0.119433198381
3091 0.121457489879
3128 0.123481781377
3149 0.125506072874
3190 0.127530364372
3192 0.12955465587
3222 0.131578947368
3248 0.133603238866
3271 0.135627530364
3272 0.137651821862
3280 0.13967611336
3294 0.141700404858
3313 0.143724696356
3322 0.145748987854
3327 0.147773279352
3331 0.14979757085
3366 0.151821862348
3419 0.153846153846
3424 0.155870445344
3448 0.15991902834
3448 0.15991902834
3459 0.161943319838
3491 0.163967611336
3494 0.165991902834
3521 0.168016194332
3551 0.17004048583
3554 0.172064777328
3555 0.174089068826
3558 0.176113360324
3565 0.178137651822
3576 0.18016194332
3589 0.182186234818
3597 0.184210526316
3599 0.186234817814
3620 0.188259109312
3639 0.19028340081
3641 0.192307692308
3645 0.194331983806
3649 0.196356275304
3652 0.198380566802
3657 0.2004048583
3665 0.202429149798
3668 0.204453441296
3718 0.206477732794
3723 0.208502024291
3726 0.210526315789
3727 0.212550607287
3738 0.214574898785
3750 0.216599190283
3766 0.218623481781
3780 0.220647773279
3781 0.222672064777
3806 0.224696356275
3807 0.226720647773
3843 0.228744939271
3854 0.232793522267
3854 0.232793522267
3861 0.234817813765
3867 0.236842105263
3869 0.238866396761
3885 0.240890688259
3890 0.242914979757
3954 0.244939271255
3963 0.246963562753
3965 0.248987854251
3969 0.251012145749
3970 0.255060728745
3970 0.255060728745
3972 0.257085020243
4043 0.259109311741
4049 0.261133603239
4051 0.263157894737
4065 0.265182186235
4083 0.267206477733
4090 0.269230769231
4119 0.273279352227
4119 0.273279352227
4152 0.275303643725
4160 0.277327935223
4165 0.279352226721
4169 0.281376518219
4173 0.283400809717
4204 0.285425101215
4205 0.287449392713
4213 0.289473684211
4217 0.291497975709
4227 0.293522267206
4236 0.295546558704
4241 0.297570850202
4257 0.2995951417
4258 0.301619433198
4265 0.303643724696
4266 0.305668016194
4269 0.307692307692
4312 0.30971659919
4313 0.311740890688
4318 0.313765182186
4326 0.315789473684
4357 0.317813765182
4367 0.31983805668
4376 0.321862348178
4395 0.323886639676
4445 0.327935222672
4445 0.327935222672
4452 0.32995951417
4455 0.331983805668
4479 0.334008097166
4480 0.336032388664
4482 0.338056680162
4496 0.342105263158
4496 0.342105263158
4533 0.344129554656
4564 0.348178137652
4564 0.348178137652
4566 0.35020242915
4569 0.352226720648
4572 0.354251012146
4602 0.356275303644
4614 0.358299595142
4620 0.36032388664
4624 0.362348178138
4625 0.364372469636
4637 0.366396761134
4653 0.368421052632
4669 0.37044534413
4671 0.372469635628
4679 0.374493927126
4692 0.376518218623
4734 0.378542510121
4748 0.380566801619
4777 0.382591093117
4778 0.384615384615
4784 0.386639676113
4803 0.388663967611
4827 0.390688259109
4840 0.392712550607
4851 0.394736842105
4862 0.396761133603
4866 0.398785425101
4878 0.400809716599
4929 0.402834008097
4944 0.404858299595
4960 0.406882591093
4961 0.408906882591
4965 0.410931174089
4973 0.412955465587
4974 0.414979757085
5026 0.417004048583
5030 0.419028340081
5037 0.421052631579
5047 0.425101214575
5047 0.425101214575
5050 0.427125506073
5093 0.429149797571
5126 0.431174089069
5136 0.433198380567
5138 0.435222672065
5164 0.437246963563
5178 0.439271255061
5195 0.441295546559
5199 0.443319838057
5227 0.445344129555
5260 0.447368421053
5275 0.449392712551
5277 0.451417004049
5293 0.453441295547
5295 0.455465587045
5306 0.457489878543
5320 0.45951417004
5355 0.461538461538
5383 0.463562753036
5384 0.465587044534
5390 0.467611336032
5399 0.46963562753
5443 0.471659919028
5449 0.473684210526
5461 0.475708502024
5471 0.477732793522
5478 0.47975708502
5482 0.481781376518
5545 0.483805668016
5550 0.485829959514
5556 0.487854251012
5567 0.48987854251
5568 0.491902834008
5581 0.493927125506
5594 0.495951417004
5603 0.497975708502
5611 0.5
5613 0.502024291498
5614 0.504048582996
5617 0.506072874494
5633 0.508097165992
5655 0.51012145749
5662 0.512145748988
5665 0.514170040486
5666 0.516194331984
5668 0.518218623482
5675 0.52024291498
5701 0.522267206478
5718 0.524291497976
5726 0.526315789474
5751 0.528340080972
5809 0.53036437247
5816 0.532388663968
5821 0.534412955466
5830 0.536437246964
5831 0.538461538462
5836 0.54048582996
5857 0.542510121457
5883 0.544534412955
5889 0.546558704453
5898 0.548582995951
5940 0.550607287449
5946 0.552631578947
5952 0.554655870445
5969 0.556680161943
5983 0.558704453441
5993 0.560728744939
6010 0.562753036437
6028 0.564777327935
6036 0.566801619433
6037 0.568825910931
6046 0.570850202429
6104 0.574898785425
6104 0.574898785425
6118 0.576923076923
6139 0.578947368421
6148 0.580971659919
6157 0.582995951417
6164 0.585020242915
6178 0.587044534413
6199 0.589068825911
6226 0.591093117409
6285 0.593117408907
6310 0.595141700405
6316 0.597165991903
6334 0.599190283401
6360 0.601214574899
6428 0.603238866397
6433 0.605263157895
6463 0.607287449393
6475 0.609311740891
6496 0.611336032389
6535 0.613360323887
6561 0.615384615385
6576 0.617408906883
6584 0.619433198381
6595 0.621457489879
6598 0.623481781377
6643 0.625506072874
6653 0.627530364372
6677 0.62955465587
6707 0.631578947368
6772 0.633603238866
6796 0.635627530364
6850 0.63967611336
6850 0.63967611336
6855 0.641700404858
6863 0.643724696356
6876 0.645748987854
6888 0.647773279352
6905 0.64979757085
6933 0.651821862348
6941 0.653846153846
6951 0.655870445344
6960 0.657894736842
6981 0.65991902834
6996 0.661943319838
7009 0.663967611336
7011 0.665991902834
7014 0.668016194332
7019 0.67004048583
7035 0.672064777328
7066 0.674089068826
7115 0.676113360324
7125 0.678137651822
7134 0.68016194332
7186 0.682186234818
7206 0.684210526316
7255 0.686234817814
7264 0.688259109312
7273 0.69028340081
7327 0.692307692308
7356 0.694331983806
7369 0.696356275304
7372 0.698380566802
7380 0.7004048583
7385 0.702429149798
7480 0.704453441296
7499 0.706477732794
7531 0.708502024291
7534 0.710526315789
7549 0.712550607287
7569 0.714574898785
7604 0.716599190283
7623 0.718623481781
7625 0.720647773279
7628 0.722672064777
7653 0.724696356275
7696 0.726720647773
7846 0.728744939271
7867 0.730769230769
7942 0.732793522267
7948 0.734817813765
8007 0.736842105263
8010 0.738866396761
8015 0.740890688259
8097 0.742914979757
8182 0.744939271255
8183 0.746963562753
8224 0.748987854251
8337 0.751012145749
8369 0.753036437247
8391 0.755060728745
8417 0.757085020243
8491 0.761133603239
8491 0.761133603239
8500 0.763157894737
8540 0.765182186235
8569 0.767206477733
8581 0.769230769231
8587 0.771255060729
8607 0.773279352227
8626 0.775303643725
8627 0.777327935223
8660 0.779352226721
8663 0.781376518219
8694 0.783400809717
8704 0.785425101215
8707 0.787449392713
8714 0.789473684211
8730 0.791497975709
8734 0.793522267206
8799 0.795546558704
8802 0.797570850202
8857 0.7995951417
8863 0.801619433198
8869 0.803643724696
8879 0.805668016194
8935 0.807692307692
8969 0.80971659919
9019 0.811740890688
9055 0.813765182186
9057 0.815789473684
9092 0.817813765182
9103 0.81983805668
9132 0.821862348178
9147 0.823886639676
9201 0.825910931174
9239 0.827935222672
9270 0.82995951417
9271 0.831983805668
9301 0.834008097166
9382 0.836032388664
9384 0.838056680162
9387 0.84008097166
9556 0.842105263158
9577 0.844129554656
9612 0.846153846154
9687 0.848178137652
9702 0.85020242915
9849 0.852226720648
9853 0.854251012146
9858 0.856275303644
9905 0.858299595142
9911 0.86032388664
9930 0.862348178138
10022 0.864372469636
10027 0.866396761134
10085 0.868421052632
10131 0.87044534413
10150 0.872469635628
10184 0.874493927126
10386 0.876518218623
10466 0.878542510121
10515 0.880566801619
10597 0.882591093117
10660 0.884615384615
10681 0.886639676113
10724 0.888663967611
10739 0.890688259109
10742 0.892712550607
10790 0.894736842105
10799 0.896761133603
10894 0.898785425101
10967 0.900809716599
11154 0.902834008097
11210 0.904858299595
11306 0.906882591093
11314 0.908906882591
11328 0.910931174089
11371 0.912955465587
11383 0.914979757085
11486 0.917004048583
11492 0.919028340081
11543 0.921052631579
11638 0.923076923077
11664 0.925101214575
11763 0.927125506073
11876 0.929149797571
11963 0.931174089069
11976 0.933198380567
12033 0.935222672065
12140 0.937246963563
12290 0.939271255061
12515 0.941295546559
12765 0.943319838057
12991 0.945344129555
13015 0.947368421053
13251 0.949392712551
13337 0.951417004049
13344 0.953441295547
13359 0.955465587045
13431 0.957489878543
13696 0.95951417004
13738 0.961538461538
14027 0.963562753036
14170 0.965587044534
14273 0.967611336032
14461 0.96963562753
14463 0.971659919028
14768 0.973684210526
15376 0.975708502024
15488 0.977732793522
15719 0.97975708502
15871 0.981781376518
15996 0.983805668016
17316 0.985829959514
17562 0.987854251012
17610 0.98987854251
26976 0.991902834008
87662 0.993927125506
116313 0.995951417004
125715 0.997975708502
431772 1.0
