48 0.00202429149798
1057 0.00404858299595
1394 0.00607287449393
1722 0.0080971659919
1980 0.0101214574899
2327 0.0121457489879
2518 0.0141700404858
2647 0.0161943319838
3138 0.0182186234818
3189 0.0202429149798
3330 0.0222672064777
3410 0.0242914979757
3473 0.0263157894737
3506 0.0283400809717
3707 0.0303643724696
3733 0.0323886639676
3738 0.0344129554656
3780 0.0364372469636
3808 0.0384615384615
3847 0.0404858299595
3906 0.0425101214575
4254 0.0445344129555
4271 0.0465587044534
4390 0.0485829959514
4589 0.0506072874494
4727 0.0526315789474
4753 0.0546558704453
4771 0.0566801619433
4778 0.0587044534413
4961 0.0607287449393
4987 0.0627530364372
5019 0.0647773279352
5021 0.0668016194332
5026 0.0688259109312
5031 0.0708502024291
5085 0.0728744939271
5175 0.0748987854251
5181 0.0769230769231
5215 0.0789473684211
5229 0.080971659919
5303 0.082995951417
5368 0.085020242915
5452 0.087044534413
5550 0.0890688259109
5557 0.0910931174089
5613 0.0931174089069
5866 0.0951417004049
5915 0.0971659919028
5935 0.0991902834008
6031 0.101214574899
6092 0.103238866397
6104 0.105263157895
6108 0.107287449393
6123 0.109311740891
6124 0.111336032389
6379 0.113360323887
6420 0.115384615385
6425 0.117408906883
6431 0.119433198381
6433 0.121457489879
6468 0.123481781377
6530 0.125506072874
6533 0.127530364372
6534 0.12955465587
6626 0.131578947368
6652 0.133603238866
6755 0.137651821862
6755 0.137651821862
6800 0.13967611336
6866 0.141700404858
6893 0.143724696356
6916 0.145748987854
6924 0.147773279352
6930 0.14979757085
7010 0.151821862348
7032 0.153846153846
7047 0.155870445344
7048 0.157894736842
7052 0.15991902834
7062 0.161943319838
7078 0.163967611336
7080 0.165991902834
7162 0.168016194332
7170 0.17004048583
7173 0.172064777328
7233 0.174089068826
7237 0.176113360324
7244 0.178137651822
7246 0.18016194332
7250 0.182186234818
7277 0.184210526316
7287 0.186234817814
7328 0.188259109312
7386 0.19028340081
7455 0.192307692308
7590 0.194331983806
7601 0.196356275304
7603 0.198380566802
7612 0.2004048583
7688 0.202429149798
7702 0.204453441296
7731 0.206477732794
7734 0.208502024291
7761 0.210526315789
7762 0.212550607287
7783 0.214574898785
7791 0.216599190283
7793 0.218623481781
7803 0.220647773279
7951 0.222672064777
8017 0.224696356275
8097 0.226720647773
8113 0.228744939271
8125 0.230769230769
8140 0.232793522267
8141 0.234817813765
8160 0.236842105263
8204 0.238866396761
8212 0.240890688259
8221 0.242914979757
8318 0.244939271255
8329 0.246963562753
8345 0.248987854251
8400 0.251012145749
8408 0.253036437247
8409 0.255060728745
8463 0.257085020243
8522 0.259109311741
8540 0.261133603239
8563 0.263157894737
8636 0.265182186235
8759 0.267206477733
8765 0.269230769231
8830 0.271255060729
8852 0.273279352227
8894 0.275303643725
8951 0.277327935223
8974 0.279352226721
8994 0.281376518219
9001 0.283400809717
9008 0.285425101215
9032 0.287449392713
9072 0.289473684211
9076 0.293522267206
9076 0.293522267206
9116 0.295546558704
9173 0.297570850202
9174 0.2995951417
9250 0.301619433198
9256 0.303643724696
9353 0.305668016194
9474 0.307692307692
9550 0.30971659919
9555 0.311740890688
9572 0.313765182186
9573 0.315789473684
9607 0.317813765182
9678 0.31983805668
9797 0.321862348178
9805 0.323886639676
9840 0.325910931174
9915 0.327935222672
9990 0.32995951417
10007 0.331983805668
10020 0.334008097166
10040 0.336032388664
10041 0.338056680162
10066 0.34008097166
10071 0.342105263158
10118 0.344129554656
10149 0.346153846154
10152 0.348178137652
10164 0.35020242915
10218 0.352226720648
10279 0.354251012146
10330 0.356275303644
10383 0.358299595142
10428 0.36032388664
10489 0.362348178138
10505 0.364372469636
10587 0.366396761134
10650 0.368421052632
10669 0.37044534413
10680 0.372469635628
10690 0.374493927126
10739 0.376518218623
10762 0.378542510121
10776 0.380566801619
10781 0.382591093117
10815 0.384615384615
10818 0.386639676113
10910 0.388663967611
10913 0.390688259109
10916 0.392712550607
10931 0.394736842105
10946 0.396761133603
10983 0.398785425101
11000 0.400809716599
11012 0.402834008097
11098 0.404858299595
11177 0.406882591093
11217 0.408906882591
11237 0.410931174089
11242 0.412955465587
11338 0.414979757085
11397 0.417004048583
11439 0.419028340081
11445 0.421052631579
11446 0.423076923077
11451 0.425101214575
11452 0.427125506073
11470 0.429149797571
11472 0.431174089069
11493 0.433198380567
11511 0.435222672065
11605 0.437246963563
11622 0.439271255061
11643 0.441295546559
11672 0.443319838057
11682 0.445344129555
11711 0.447368421053
11716 0.449392712551
11722 0.451417004049
11762 0.453441295547
11781 0.455465587045
11840 0.457489878543
11844 0.45951417004
11848 0.461538461538
11863 0.463562753036
11873 0.465587044534
11878 0.467611336032
11924 0.46963562753
11942 0.471659919028
11951 0.473684210526
11957 0.475708502024
11973 0.477732793522
12034 0.47975708502
12066 0.481781376518
12094 0.483805668016
12167 0.485829959514
12183 0.487854251012
12214 0.48987854251
12216 0.491902834008
12262 0.493927125506
12275 0.495951417004
12376 0.497975708502
12449 0.5
12467 0.502024291498
12502 0.504048582996
12520 0.506072874494
12546 0.508097165992
12608 0.51012145749
12676 0.512145748988
12710 0.514170040486
12756 0.516194331984
12810 0.518218623482
12855 0.52024291498
12878 0.522267206478
12904 0.524291497976
12937 0.526315789474
13029 0.528340080972
13036 0.53036437247
13058 0.532388663968
13072 0.534412955466
13086 0.536437246964
13100 0.538461538462
13114 0.54048582996
13130 0.542510121457
13150 0.544534412955
13173 0.546558704453
13244 0.548582995951
13307 0.550607287449
13313 0.552631578947
13355 0.554655870445
13447 0.556680161943
13541 0.558704453441
13552 0.560728744939
13596 0.562753036437
13619 0.564777327935
13643 0.566801619433
13830 0.568825910931
13899 0.570850202429
14016 0.572874493927
14038 0.576923076923
14038 0.576923076923
14134 0.578947368421
14142 0.580971659919
14151 0.582995951417
14209 0.585020242915
14210 0.587044534413
14215 0.589068825911
14251 0.591093117409
14279 0.593117408907
14346 0.595141700405
14375 0.597165991903
14378 0.599190283401
14383 0.601214574899
14414 0.603238866397
14493 0.605263157895
14506 0.607287449393
14581 0.609311740891
14611 0.611336032389
14623 0.613360323887
14650 0.615384615385
14697 0.617408906883
14775 0.619433198381
14866 0.621457489879
14908 0.623481781377
14951 0.625506072874
15216 0.627530364372
15308 0.62955465587
15311 0.631578947368
15328 0.633603238866
15416 0.635627530364
15503 0.637651821862
15507 0.63967611336
15717 0.641700404858
15772 0.643724696356
15791 0.645748987854
15800 0.647773279352
15832 0.64979757085
15883 0.651821862348
15929 0.653846153846
15988 0.655870445344
15990 0.657894736842
16044 0.65991902834
16066 0.661943319838
16086 0.663967611336
16197 0.665991902834
16202 0.668016194332
16235 0.67004048583
16284 0.672064777328
16380 0.674089068826
16398 0.676113360324
16421 0.678137651822
16431 0.68016194332
16433 0.682186234818
16474 0.684210526316
16477 0.686234817814
16513 0.688259109312
16525 0.69028340081
16573 0.692307692308
16664 0.694331983806
16680 0.696356275304
16683 0.698380566802
16689 0.7004048583
16745 0.702429149798
16806 0.704453441296
16920 0.706477732794
17003 0.708502024291
17007 0.710526315789
17020 0.712550607287
17047 0.714574898785
17058 0.716599190283
17080 0.718623481781
17192 0.720647773279
17212 0.722672064777
17251 0.724696356275
17256 0.726720647773
17307 0.728744939271
17435 0.730769230769
17534 0.732793522267
17558 0.734817813765
17608 0.736842105263
17662 0.738866396761
17706 0.740890688259
17729 0.742914979757
17921 0.744939271255
17967 0.746963562753
18046 0.748987854251
18169 0.751012145749
18186 0.753036437247
18197 0.755060728745
18206 0.757085020243
18214 0.759109311741
18254 0.761133603239
18265 0.763157894737
18460 0.765182186235
18481 0.767206477733
18511 0.769230769231
18564 0.771255060729
18698 0.773279352227
18723 0.775303643725
18918 0.777327935223
18942 0.779352226721
19086 0.781376518219
19306 0.783400809717
19331 0.785425101215
19355 0.787449392713
19445 0.789473684211
19528 0.791497975709
19593 0.793522267206
19596 0.795546558704
19616 0.797570850202
19670 0.7995951417
19771 0.801619433198
19901 0.803643724696
20001 0.805668016194
20157 0.807692307692
20172 0.80971659919
20271 0.811740890688
20352 0.813765182186
20419 0.815789473684
20517 0.817813765182
20718 0.81983805668
20774 0.821862348178
21008 0.823886639676
21241 0.825910931174
21271 0.827935222672
21377 0.82995951417
21382 0.831983805668
21432 0.834008097166
21635 0.836032388664
21890 0.838056680162
21975 0.84008097166
22064 0.842105263158
22065 0.844129554656
22129 0.846153846154
22168 0.848178137652
22383 0.85020242915
22549 0.852226720648
22662 0.854251012146
23166 0.856275303644
23180 0.858299595142
23281 0.86032388664
23325 0.862348178138
23396 0.864372469636
23521 0.866396761134
23680 0.868421052632
23699 0.87044534413
23747 0.872469635628
23769 0.874493927126
23858 0.876518218623
23932 0.878542510121
23998 0.880566801619
24160 0.882591093117
24320 0.884615384615
24362 0.886639676113
24377 0.888663967611
24677 0.890688259109
25092 0.892712550607
25387 0.894736842105
25388 0.896761133603
25618 0.898785425101
26416 0.900809716599
26541 0.902834008097
26814 0.904858299595
27315 0.906882591093
27543 0.908906882591
28274 0.910931174089
28761 0.912955465587
29282 0.914979757085
29386 0.917004048583
30023 0.919028340081
31367 0.921052631579
31753 0.923076923077
32674 0.925101214575
33037 0.927125506073
33384 0.929149797571
34411 0.931174089069
35293 0.933198380567
35450 0.935222672065
35898 0.937246963563
38811 0.939271255061
39384 0.941295546559
39393 0.943319838057
39698 0.945344129555
39775 0.947368421053
40177 0.949392712551
40870 0.951417004049
41711 0.953441295547
43073 0.955465587045
43382 0.957489878543
44365 0.95951417004
44440 0.961538461538
44630 0.963562753036
44731 0.965587044534
45592 0.967611336032
47705 0.96963562753
55568 0.971659919028
56630 0.973684210526
57875 0.975708502024
57961 0.977732793522
58697 0.97975708502
60775 0.981781376518
61354 0.983805668016
63946 0.985829959514
68427 0.987854251012
82286 0.98987854251
86230 0.991902834008
89930 0.993927125506
133871 0.995951417004
143791 0.997975708502
453727 1.0
