58 0.00202429149798
923 0.00404858299595
1442 0.00607287449393
1606 0.0080971659919
1673 0.0101214574899
1751 0.0121457489879
1905 0.0141700404858
2212 0.0161943319838
2221 0.0182186234818
2375 0.0202429149798
2380 0.0222672064777
2408 0.0242914979757
2409 0.0263157894737
2436 0.0283400809717
2485 0.0303643724696
2490 0.0323886639676
2621 0.0344129554656
2634 0.0364372469636
2710 0.0384615384615
2722 0.0404858299595
2760 0.0425101214575
2794 0.0445344129555
2857 0.0465587044534
2890 0.0485829959514
2939 0.0506072874494
2993 0.0526315789474
3147 0.0546558704453
3162 0.0566801619433
3210 0.0587044534413
3229 0.0607287449393
3243 0.0627530364372
3244 0.0647773279352
3296 0.0668016194332
3330 0.0688259109312
3432 0.0708502024291
3443 0.0728744939271
3501 0.0748987854251
3508 0.0769230769231
3519 0.0789473684211
3582 0.080971659919
3586 0.082995951417
3603 0.085020242915
3607 0.087044534413
3613 0.0890688259109
3625 0.0910931174089
3651 0.0931174089069
3672 0.0951417004049
3681 0.0971659919028
3694 0.0991902834008
3709 0.101214574899
3715 0.103238866397
3720 0.105263157895
3766 0.107287449393
3778 0.109311740891
3811 0.111336032389
3826 0.113360323887
3835 0.115384615385
3844 0.117408906883
3845 0.119433198381
3873 0.121457489879
3903 0.123481781377
3916 0.125506072874
3933 0.127530364372
3961 0.12955465587
4045 0.131578947368
4057 0.133603238866
4066 0.135627530364
4081 0.137651821862
4109 0.13967611336
4150 0.141700404858
4162 0.143724696356
4174 0.145748987854
4176 0.147773279352
4269 0.14979757085
4307 0.151821862348
4313 0.153846153846
4337 0.155870445344
4343 0.157894736842
4352 0.15991902834
4353 0.161943319838
4365 0.163967611336
4371 0.165991902834
4376 0.168016194332
4384 0.17004048583
4387 0.172064777328
4429 0.174089068826
4430 0.176113360324
4442 0.178137651822
4444 0.18016194332
4463 0.182186234818
4471 0.184210526316
4479 0.186234817814
4499 0.188259109312
4502 0.19028340081
4505 0.192307692308
4530 0.194331983806
4561 0.196356275304
4583 0.198380566802
4602 0.2004048583
4605 0.202429149798
4626 0.204453441296
4638 0.206477732794
4640 0.208502024291
4672 0.210526315789
4673 0.212550607287
4677 0.214574898785
4684 0.216599190283
4692 0.218623481781
4694 0.220647773279
4695 0.222672064777
4707 0.224696356275
4712 0.226720647773
4715 0.228744939271
4734 0.230769230769
4735 0.232793522267
4744 0.234817813765
4764 0.236842105263
4772 0.238866396761
4776 0.240890688259
4810 0.242914979757
4823 0.246963562753
4823 0.246963562753
4830 0.248987854251
4856 0.251012145749
4858 0.253036437247
4888 0.255060728745
4894 0.257085020243
4917 0.259109311741
4943 0.261133603239
4950 0.263157894737
4981 0.265182186235
4991 0.267206477733
5001 0.269230769231
5014 0.271255060729
5016 0.273279352227
5018 0.275303643725
5023 0.277327935223
5043 0.279352226721
5057 0.281376518219
5080 0.283400809717
5111 0.285425101215
5133 0.287449392713
5135 0.289473684211
5167 0.291497975709
5169 0.295546558704
5169 0.295546558704
5173 0.297570850202
5185 0.2995951417
5190 0.301619433198
5215 0.303643724696
5219 0.305668016194
5241 0.307692307692
5248 0.30971659919
5272 0.311740890688
5273 0.313765182186
5298 0.315789473684
5321 0.317813765182
5324 0.31983805668
5325 0.321862348178
5355 0.323886639676
5370 0.325910931174
5383 0.327935222672
5387 0.32995951417
5428 0.331983805668
5432 0.334008097166
5450 0.336032388664
5469 0.338056680162
5480 0.34008097166
5507 0.342105263158
5509 0.344129554656
5514 0.346153846154
5521 0.348178137652
5533 0.35020242915
5549 0.352226720648
5556 0.354251012146
5607 0.356275303644
5608 0.358299595142
5619 0.362348178138
5619 0.362348178138
5629 0.364372469636
5636 0.366396761134
5637 0.368421052632
5663 0.37044534413
5692 0.374493927126
5692 0.374493927126
5696 0.376518218623
5698 0.380566801619
5698 0.380566801619
5705 0.382591093117
5727 0.384615384615
5738 0.386639676113
5779 0.388663967611
5781 0.390688259109
5809 0.392712550607
5821 0.394736842105
5824 0.396761133603
5847 0.398785425101
5876 0.400809716599
5889 0.402834008097
5931 0.404858299595
5932 0.406882591093
5981 0.408906882591
6035 0.410931174089
6041 0.412955465587
6055 0.414979757085
6073 0.417004048583
6100 0.419028340081
6101 0.421052631579
6137 0.423076923077
6139 0.425101214575
6142 0.427125506073
6151 0.429149797571
6153 0.431174089069
6158 0.433198380567
6182 0.435222672065
6186 0.437246963563
6210 0.439271255061
6275 0.441295546559
6281 0.443319838057
6285 0.445344129555
6303 0.447368421053
6327 0.449392712551
6334 0.451417004049
6411 0.453441295547
6413 0.455465587045
6420 0.457489878543
6447 0.45951417004
6452 0.461538461538
6473 0.463562753036
6497 0.465587044534
6498 0.467611336032
6534 0.46963562753
6578 0.471659919028
6580 0.473684210526
6584 0.475708502024
6607 0.477732793522
6661 0.47975708502
6662 0.481781376518
6670 0.483805668016
6671 0.485829959514
6698 0.487854251012
6729 0.48987854251
6741 0.491902834008
6747 0.493927125506
6779 0.495951417004
6781 0.497975708502
6791 0.5
6858 0.502024291498
6864 0.504048582996
6877 0.506072874494
6918 0.508097165992
6927 0.51012145749
6931 0.512145748988
6939 0.514170040486
6953 0.516194331984
6956 0.518218623482
6960 0.52024291498
6988 0.522267206478
7008 0.524291497976
7015 0.526315789474
7016 0.528340080972
7017 0.53036437247
7043 0.532388663968
7049 0.534412955466
7053 0.536437246964
7063 0.538461538462
7074 0.54048582996
7082 0.542510121457
7102 0.546558704453
7102 0.546558704453
7104 0.548582995951
7123 0.550607287449
7139 0.552631578947
7147 0.554655870445
7148 0.556680161943
7151 0.560728744939
7151 0.560728744939
7166 0.562753036437
7203 0.564777327935
7204 0.566801619433
7224 0.568825910931
7237 0.570850202429
7262 0.572874493927
7264 0.574898785425
7292 0.576923076923
7309 0.578947368421
7311 0.580971659919
7324 0.582995951417
7354 0.585020242915
7399 0.587044534413
7417 0.589068825911
7443 0.591093117409
7462 0.593117408907
7467 0.595141700405
7487 0.597165991903
7491 0.599190283401
7498 0.601214574899
7543 0.603238866397
7557 0.605263157895
7559 0.607287449393
7566 0.609311740891
7587 0.611336032389
7623 0.613360323887
7625 0.615384615385
7637 0.617408906883
7718 0.619433198381
7745 0.621457489879
7777 0.623481781377
7792 0.625506072874
7812 0.627530364372
7821 0.62955465587
7836 0.631578947368
7839 0.633603238866
7842 0.635627530364
7932 0.637651821862
7944 0.63967611336
7958 0.641700404858
7984 0.645748987854
7984 0.645748987854
7994 0.647773279352
8015 0.64979757085
8084 0.651821862348
8110 0.653846153846
8124 0.655870445344
8163 0.657894736842
8176 0.65991902834
8179 0.661943319838
8190 0.663967611336
8275 0.665991902834
8283 0.668016194332
8298 0.67004048583
8373 0.672064777328
8433 0.674089068826
8466 0.676113360324
8479 0.678137651822
8488 0.68016194332
8497 0.682186234818
8532 0.684210526316
8534 0.686234817814
8540 0.688259109312
8580 0.69028340081
8586 0.692307692308
8593 0.694331983806
8596 0.696356275304
8626 0.698380566802
8699 0.7004048583
8706 0.702429149798
8761 0.704453441296
8801 0.706477732794
8802 0.708502024291
8811 0.710526315789
8840 0.712550607287
8878 0.714574898785
8920 0.716599190283
8934 0.718623481781
8945 0.720647773279
9034 0.722672064777
9041 0.724696356275
9072 0.726720647773
9114 0.728744939271
9126 0.730769230769
9129 0.732793522267
9134 0.734817813765
9154 0.736842105263
9159 0.738866396761
9282 0.740890688259
9300 0.742914979757
9331 0.744939271255
9417 0.746963562753
9472 0.748987854251
9504 0.751012145749
9544 0.753036437247
9560 0.755060728745
9587 0.757085020243
9613 0.759109311741
9628 0.761133603239
9637 0.763157894737
9682 0.765182186235
9698 0.767206477733
9700 0.769230769231
9753 0.771255060729
9913 0.775303643725
9913 0.775303643725
10001 0.777327935223
10073 0.779352226721
10090 0.781376518219
10127 0.783400809717
10156 0.785425101215
10252 0.787449392713
10284 0.789473684211
10320 0.791497975709
10343 0.793522267206
10359 0.795546558704
10397 0.797570850202
10446 0.7995951417
10478 0.801619433198
10484 0.803643724696
10578 0.805668016194
10584 0.807692307692
10600 0.80971659919
10639 0.811740890688
10650 0.813765182186
10687 0.815789473684
10701 0.817813765182
10702 0.81983805668
10703 0.821862348178
10707 0.823886639676
10753 0.825910931174
10757 0.827935222672
10773 0.82995951417
10827 0.831983805668
10830 0.834008097166
10856 0.836032388664
10859 0.838056680162
11000 0.84008097166
11010 0.842105263158
11018 0.844129554656
11023 0.846153846154
11035 0.848178137652
11113 0.85020242915
11192 0.852226720648
11291 0.854251012146
11299 0.856275303644
11308 0.858299595142
11311 0.86032388664
11481 0.862348178138
11527 0.864372469636
11530 0.866396761134
11673 0.868421052632
11706 0.87044534413
11883 0.872469635628
11887 0.874493927126
11910 0.876518218623
12093 0.878542510121
12100 0.880566801619
12103 0.882591093117
12188 0.884615384615
12238 0.886639676113
12264 0.888663967611
12493 0.890688259109
12577 0.892712550607
12609 0.894736842105
12627 0.896761133603
12688 0.898785425101
12751 0.900809716599
12803 0.902834008097
12811 0.904858299595
12969 0.906882591093
12984 0.908906882591
13140 0.910931174089
13319 0.912955465587
13442 0.914979757085
13534 0.917004048583
13544 0.919028340081
13639 0.921052631579
13696 0.923076923077
13921 0.925101214575
14029 0.927125506073
14055 0.929149797571
14064 0.931174089069
14069 0.933198380567
14195 0.935222672065
14265 0.937246963563
14455 0.939271255061
14456 0.941295546559
14457 0.943319838057
14553 0.945344129555
14659 0.947368421053
14700 0.949392712551
14708 0.951417004049
14800 0.953441295547
14878 0.955465587045
15022 0.957489878543
15267 0.95951417004
15573 0.961538461538
15792 0.963562753036
15882 0.965587044534
16305 0.967611336032
16586 0.96963562753
16783 0.971659919028
17470 0.973684210526
17573 0.975708502024
17701 0.977732793522
17791 0.97975708502
18122 0.981781376518
18195 0.983805668016
18513 0.985829959514
19704 0.987854251012
20658 0.98987854251
31258 0.991902834008
85584 0.993927125506
86718 0.995951417004
117499 0.997975708502
402990 1.0
