56 0.00202429149798
1044 0.00404858299595
1659 0.00607287449393
1739 0.0080971659919
1841 0.0101214574899
1947 0.0121457489879
2195 0.0141700404858
2232 0.0161943319838
2393 0.0182186234818
2463 0.0202429149798
2702 0.0222672064777
2712 0.0242914979757
2774 0.0263157894737
2778 0.0283400809717
2811 0.0303643724696
2863 0.0323886639676
2876 0.0344129554656
2913 0.0364372469636
2930 0.0384615384615
3167 0.0404858299595
3189 0.0425101214575
3221 0.0445344129555
3315 0.0465587044534
3321 0.0506072874494
3321 0.0506072874494
3374 0.0526315789474
3428 0.0546558704453
3440 0.0566801619433
3473 0.0587044534413
3494 0.0607287449393
3527 0.0627530364372
3597 0.0647773279352
3601 0.0668016194332
3603 0.0688259109312
3639 0.0708502024291
3756 0.0728744939271
3798 0.0748987854251
3827 0.0769230769231
3834 0.080971659919
3834 0.080971659919
3841 0.082995951417
3860 0.085020242915
3917 0.087044534413
3931 0.0890688259109
3962 0.0910931174089
3968 0.0931174089069
3973 0.0951417004049
4003 0.0971659919028
4041 0.0991902834008
4052 0.101214574899
4094 0.103238866397
4116 0.105263157895
4137 0.107287449393
4149 0.109311740891
4195 0.111336032389
4198 0.113360323887
4205 0.115384615385
4218 0.117408906883
4230 0.119433198381
4262 0.121457489879
4273 0.123481781377
4281 0.125506072874
4324 0.127530364372
4328 0.12955465587
4410 0.131578947368
4414 0.133603238866
4463 0.135627530364
4464 0.137651821862
4491 0.13967611336
4503 0.141700404858
4571 0.143724696356
4577 0.145748987854
4601 0.147773279352
4608 0.14979757085
4620 0.151821862348
4629 0.153846153846
4632 0.155870445344
4635 0.157894736842
4636 0.15991902834
4718 0.161943319838
4741 0.163967611336
4771 0.165991902834
4809 0.168016194332
4823 0.17004048583
4833 0.172064777328
4837 0.174089068826
4853 0.176113360324
4887 0.178137651822
4891 0.18016194332
4897 0.182186234818
4900 0.184210526316
4915 0.186234817814
4953 0.188259109312
4964 0.19028340081
4973 0.192307692308
4976 0.194331983806
4987 0.196356275304
5013 0.198380566802
5014 0.2004048583
5038 0.202429149798
5050 0.204453441296
5064 0.206477732794
5070 0.208502024291
5083 0.210526315789
5108 0.212550607287
5112 0.214574898785
5137 0.216599190283
5150 0.218623481781
5156 0.220647773279
5160 0.222672064777
5172 0.224696356275
5195 0.226720647773
5219 0.228744939271
5220 0.230769230769
5241 0.232793522267
5245 0.234817813765
5249 0.236842105263
5256 0.238866396761
5268 0.240890688259
5285 0.242914979757
5287 0.246963562753
5287 0.246963562753
5310 0.248987854251
5325 0.251012145749
5353 0.253036437247
5361 0.255060728745
5368 0.257085020243
5378 0.259109311741
5390 0.261133603239
5402 0.263157894737
5426 0.265182186235
5429 0.267206477733
5471 0.269230769231
5491 0.271255060729
5495 0.273279352227
5497 0.275303643725
5501 0.277327935223
5504 0.279352226721
5512 0.281376518219
5533 0.283400809717
5539 0.285425101215
5566 0.287449392713
5567 0.289473684211
5569 0.291497975709
5580 0.293522267206
5583 0.295546558704
5592 0.297570850202
5617 0.2995951417
5640 0.301619433198
5686 0.303643724696
5694 0.305668016194
5737 0.307692307692
5748 0.30971659919
5784 0.311740890688
5791 0.313765182186
5803 0.315789473684
5814 0.317813765182
5824 0.31983805668
5844 0.321862348178
5848 0.323886639676
5850 0.325910931174
5851 0.327935222672
5852 0.32995951417
5859 0.331983805668
5900 0.336032388664
5900 0.336032388664
5903 0.338056680162
5916 0.34008097166
5936 0.342105263158
5943 0.344129554656
5957 0.346153846154
5964 0.348178137652
5972 0.35020242915
5975 0.352226720648
5990 0.354251012146
5997 0.356275303644
6012 0.358299595142
6023 0.36032388664
6026 0.362348178138
6029 0.364372469636
6054 0.366396761134
6065 0.368421052632
6091 0.372469635628
6091 0.372469635628
6106 0.374493927126
6108 0.376518218623
6196 0.378542510121
6215 0.380566801619
6299 0.382591093117
6306 0.384615384615
6307 0.386639676113
6372 0.388663967611
6375 0.390688259109
6381 0.392712550607
6412 0.394736842105
6427 0.396761133603
6436 0.398785425101
6439 0.400809716599
6442 0.402834008097
6458 0.404858299595
6503 0.406882591093
6540 0.408906882591
6541 0.410931174089
6576 0.412955465587
6593 0.414979757085
6644 0.419028340081
6644 0.419028340081
6646 0.421052631579
6658 0.423076923077
6662 0.425101214575
6672 0.427125506073
6678 0.429149797571
6683 0.431174089069
6700 0.433198380567
6751 0.435222672065
6770 0.439271255061
6770 0.439271255061
6780 0.441295546559
6791 0.443319838057
6792 0.445344129555
6819 0.447368421053
6834 0.449392712551
6841 0.451417004049
6874 0.453441295547
6917 0.455465587045
6922 0.457489878543
6947 0.45951417004
6953 0.461538461538
6958 0.463562753036
6978 0.465587044534
6993 0.467611336032
6996 0.46963562753
7006 0.471659919028
7010 0.473684210526
7028 0.475708502024
7062 0.477732793522
7110 0.47975708502
7111 0.481781376518
7119 0.485829959514
7119 0.485829959514
7143 0.487854251012
7157 0.48987854251
7177 0.491902834008
7184 0.495951417004
7184 0.495951417004
7202 0.497975708502
7215 0.5
7217 0.502024291498
7222 0.504048582996
7224 0.506072874494
7251 0.508097165992
7269 0.51012145749
7302 0.512145748988
7309 0.514170040486
7313 0.516194331984
7335 0.518218623482
7366 0.52024291498
7374 0.522267206478
7380 0.524291497976
7382 0.526315789474
7393 0.528340080972
7440 0.53036437247
7468 0.534412955466
7468 0.534412955466
7470 0.536437246964
7492 0.538461538462
7502 0.54048582996
7561 0.542510121457
7567 0.544534412955
7585 0.546558704453
7591 0.550607287449
7591 0.550607287449
7600 0.552631578947
7604 0.554655870445
7609 0.556680161943
7652 0.558704453441
7684 0.560728744939
7710 0.562753036437
7769 0.564777327935
7772 0.566801619433
7822 0.568825910931
7831 0.570850202429
7837 0.572874493927
7850 0.574898785425
7852 0.576923076923
7883 0.578947368421
7889 0.580971659919
7894 0.582995951417
7903 0.585020242915
7905 0.587044534413
7936 0.589068825911
7964 0.591093117409
7979 0.593117408907
8044 0.595141700405
8064 0.597165991903
8105 0.599190283401
8106 0.601214574899
8118 0.603238866397
8119 0.605263157895
8244 0.607287449393
8250 0.609311740891
8252 0.611336032389
8255 0.613360323887
8290 0.615384615385
8293 0.617408906883
8298 0.619433198381
8302 0.621457489879
8329 0.625506072874
8329 0.625506072874
8332 0.627530364372
8338 0.62955465587
8516 0.631578947368
8532 0.633603238866
8538 0.635627530364
8549 0.637651821862
8663 0.63967611336
8688 0.641700404858
8734 0.643724696356
8774 0.645748987854
8778 0.64979757085
8778 0.64979757085
8798 0.651821862348
8865 0.653846153846
8886 0.655870445344
8954 0.657894736842
8988 0.65991902834
9012 0.661943319838
9018 0.663967611336
9036 0.665991902834
9037 0.668016194332
9038 0.67004048583
9062 0.672064777328
9065 0.674089068826
9071 0.676113360324
9086 0.678137651822
9120 0.68016194332
9167 0.682186234818
9239 0.684210526316
9242 0.686234817814
9275 0.688259109312
9299 0.69028340081
9310 0.692307692308
9331 0.694331983806
9336 0.696356275304
9377 0.698380566802
9381 0.7004048583
9426 0.702429149798
9469 0.704453441296
9536 0.706477732794
9551 0.708502024291
9554 0.710526315789
9575 0.712550607287
9587 0.714574898785
9617 0.716599190283
9620 0.718623481781
9652 0.720647773279
9671 0.722672064777
9676 0.724696356275
9727 0.726720647773
9865 0.728744939271
9869 0.730769230769
9886 0.732793522267
9887 0.734817813765
9946 0.736842105263
10038 0.738866396761
10041 0.740890688259
10049 0.742914979757
10093 0.744939271255
10153 0.746963562753
10214 0.748987854251
10230 0.751012145749
10246 0.753036437247
10248 0.755060728745
10278 0.757085020243
10316 0.759109311741
10324 0.761133603239
10340 0.763157894737
10484 0.765182186235
10491 0.767206477733
10566 0.769230769231
10620 0.771255060729
10653 0.773279352227
10713 0.775303643725
10726 0.777327935223
10731 0.779352226721
10749 0.781376518219
10750 0.783400809717
10787 0.785425101215
10804 0.787449392713
10942 0.789473684211
11015 0.791497975709
11036 0.793522267206
11047 0.795546558704
11091 0.797570850202
11160 0.7995951417
11198 0.801619433198
11204 0.803643724696
11229 0.805668016194
11246 0.807692307692
11275 0.80971659919
11312 0.811740890688
11314 0.813765182186
11356 0.815789473684
11371 0.817813765182
11372 0.81983805668
11421 0.821862348178
11445 0.823886639676
11508 0.825910931174
11529 0.827935222672
11548 0.82995951417
11577 0.831983805668
11615 0.834008097166
11640 0.836032388664
11667 0.838056680162
11675 0.84008097166
11684 0.842105263158
11734 0.844129554656
11750 0.846153846154
11807 0.848178137652
11842 0.85020242915
11857 0.852226720648
11867 0.854251012146
11943 0.856275303644
12054 0.858299595142
12143 0.86032388664
12163 0.862348178138
12207 0.864372469636
12272 0.866396761134
12290 0.868421052632
12308 0.87044534413
12320 0.872469635628
12511 0.874493927126
12581 0.876518218623
12719 0.878542510121
12767 0.880566801619
12868 0.882591093117
12877 0.884615384615
12930 0.886639676113
13010 0.888663967611
13137 0.890688259109
13159 0.892712550607
13313 0.894736842105
13342 0.896761133603
13469 0.898785425101
13482 0.900809716599
13485 0.902834008097
13584 0.904858299595
13651 0.906882591093
13683 0.908906882591
13706 0.910931174089
13744 0.912955465587
13763 0.914979757085
13834 0.917004048583
13897 0.919028340081
14100 0.921052631579
14142 0.923076923077
14329 0.925101214575
14330 0.927125506073
14361 0.929149797571
14483 0.931174089069
14580 0.933198380567
14728 0.935222672065
14813 0.937246963563
14832 0.939271255061
14848 0.941295546559
14959 0.943319838057
15049 0.945344129555
15168 0.947368421053
15185 0.949392712551
15242 0.951417004049
15396 0.953441295547
15738 0.955465587045
15899 0.957489878543
15991 0.95951417004
16248 0.961538461538
16765 0.963562753036
16855 0.965587044534
17532 0.967611336032
17639 0.96963562753
17753 0.971659919028
17768 0.973684210526
18224 0.975708502024
18565 0.977732793522
18804 0.97975708502
19001 0.981781376518
19566 0.983805668016
20166 0.985829959514
20673 0.987854251012
23074 0.98987854251
29745 0.991902834008
79581 0.993927125506
102236 0.995951417004
119568 0.997975708502
401334 1.0
