53 0.00202429149798
1310 0.00404858299595
1536 0.00607287449393
1825 0.0080971659919
1931 0.0101214574899
2141 0.0121457489879
2689 0.0141700404858
2771 0.0161943319838
2824 0.0182186234818
2837 0.0202429149798
2855 0.0222672064777
2902 0.0242914979757
3051 0.0263157894737
3076 0.0283400809717
3291 0.0303643724696
3351 0.0323886639676
3518 0.0344129554656
3548 0.0364372469636
3550 0.0384615384615
3577 0.0404858299595
3590 0.0425101214575
3701 0.0445344129555
3742 0.0465587044534
3757 0.0485829959514
3899 0.0506072874494
3939 0.0526315789474
3941 0.0546558704453
3993 0.0566801619433
4005 0.0587044534413
4018 0.0607287449393
4101 0.0627530364372
4106 0.0647773279352
4238 0.0668016194332
4336 0.0688259109312
4376 0.0708502024291
4379 0.0728744939271
4486 0.0748987854251
4487 0.0769230769231
4608 0.0789473684211
4638 0.080971659919
4645 0.082995951417
4654 0.085020242915
4655 0.087044534413
4674 0.0890688259109
4719 0.0910931174089
4871 0.0931174089069
4882 0.0951417004049
4889 0.0971659919028
4891 0.101214574899
4891 0.101214574899
4918 0.103238866397
4951 0.105263157895
4998 0.107287449393
4999 0.109311740891
5005 0.111336032389
5054 0.113360323887
5070 0.115384615385
5106 0.117408906883
5111 0.119433198381
5141 0.121457489879
5144 0.123481781377
5148 0.125506072874
5149 0.127530364372
5165 0.12955465587
5180 0.131578947368
5248 0.135627530364
5248 0.135627530364
5293 0.137651821862
5307 0.13967611336
5313 0.141700404858
5319 0.143724696356
5336 0.145748987854
5365 0.147773279352
5401 0.14979757085
5444 0.151821862348
5458 0.153846153846
5471 0.155870445344
5518 0.157894736842
5539 0.15991902834
5559 0.161943319838
5570 0.163967611336
5587 0.165991902834
5615 0.168016194332
5620 0.17004048583
5642 0.172064777328
5646 0.174089068826
5649 0.176113360324
5650 0.178137651822
5680 0.18016194332
5711 0.182186234818
5732 0.184210526316
5748 0.186234817814
5761 0.188259109312
5774 0.19028340081
5778 0.192307692308
5788 0.194331983806
5797 0.196356275304
5800 0.198380566802
5819 0.2004048583
5824 0.202429149798
5835 0.204453441296
5853 0.206477732794
5862 0.208502024291
5880 0.210526315789
5903 0.212550607287
5924 0.214574898785
5934 0.216599190283
5944 0.218623481781
5982 0.220647773279
6009 0.222672064777
6010 0.224696356275
6044 0.226720647773
6069 0.228744939271
6071 0.230769230769
6076 0.232793522267
6095 0.234817813765
6137 0.236842105263
6146 0.238866396761
6160 0.240890688259
6191 0.242914979757
6199 0.244939271255
6200 0.246963562753
6203 0.248987854251
6211 0.251012145749
6233 0.253036437247
6258 0.255060728745
6273 0.257085020243
6281 0.259109311741
6282 0.261133603239
6301 0.263157894737
6332 0.265182186235
6350 0.267206477733
6371 0.269230769231
6393 0.271255060729
6397 0.273279352227
6428 0.275303643725
6463 0.277327935223
6465 0.279352226721
6507 0.281376518219
6554 0.283400809717
6562 0.285425101215
6573 0.287449392713
6593 0.289473684211
6663 0.291497975709
6669 0.293522267206
6670 0.295546558704
6691 0.297570850202
6697 0.2995951417
6721 0.301619433198
6800 0.303643724696
6801 0.305668016194
6824 0.307692307692
6827 0.30971659919
6843 0.311740890688
6867 0.313765182186
6896 0.315789473684
6909 0.317813765182
6914 0.31983805668
6918 0.321862348178
6935 0.323886639676
6953 0.325910931174
6955 0.327935222672
6960 0.32995951417
6964 0.331983805668
6981 0.334008097166
6992 0.336032388664
6999 0.338056680162
7002 0.34008097166
7004 0.342105263158
7050 0.344129554656
7061 0.346153846154
7067 0.348178137652
7083 0.35020242915
7084 0.352226720648
7092 0.354251012146
7103 0.356275303644
7154 0.358299595142
7174 0.36032388664
7177 0.362348178138
7195 0.364372469636
7230 0.366396761134
7235 0.368421052632
7244 0.37044534413
7254 0.372469635628
7256 0.374493927126
7285 0.376518218623
7311 0.378542510121
7361 0.380566801619
7363 0.382591093117
7392 0.384615384615
7408 0.386639676113
7417 0.388663967611
7432 0.390688259109
7447 0.392712550607
7504 0.394736842105
7514 0.396761133603
7516 0.398785425101
7526 0.400809716599
7550 0.402834008097
7578 0.404858299595
7609 0.406882591093
7618 0.408906882591
7665 0.410931174089
7682 0.412955465587
7715 0.414979757085
7752 0.417004048583
7753 0.419028340081
7765 0.421052631579
7774 0.423076923077
7806 0.425101214575
7832 0.427125506073
7835 0.429149797571
7838 0.431174089069
7846 0.433198380567
7848 0.435222672065
7873 0.437246963563
7874 0.439271255061
7899 0.441295546559
7900 0.443319838057
7932 0.445344129555
7992 0.447368421053
8015 0.449392712551
8024 0.451417004049
8041 0.453441295547
8045 0.455465587045
8075 0.457489878543
8076 0.45951417004
8095 0.461538461538
8104 0.463562753036
8125 0.465587044534
8162 0.467611336032
8190 0.46963562753
8251 0.471659919028
8276 0.473684210526
8329 0.475708502024
8343 0.477732793522
8386 0.47975708502
8404 0.481781376518
8409 0.483805668016
8416 0.485829959514
8428 0.487854251012
8470 0.48987854251
8473 0.491902834008
8476 0.493927125506
8480 0.495951417004
8509 0.497975708502
8525 0.5
8540 0.502024291498
8550 0.504048582996
8554 0.506072874494
8569 0.508097165992
8570 0.51012145749
8616 0.512145748988
8650 0.514170040486
8670 0.516194331984
8680 0.518218623482
8722 0.52024291498
8730 0.522267206478
8731 0.524291497976
8756 0.526315789474
8778 0.528340080972
8786 0.53036437247
8787 0.532388663968
8799 0.534412955466
8815 0.536437246964
8863 0.538461538462
8869 0.54048582996
8870 0.542510121457
8876 0.544534412955
8879 0.546558704453
8900 0.548582995951
8902 0.550607287449
8915 0.552631578947
8945 0.554655870445
8949 0.556680161943
8953 0.558704453441
9021 0.560728744939
9047 0.562753036437
9052 0.564777327935
9093 0.566801619433
9098 0.568825910931
9132 0.570850202429
9164 0.572874493927
9178 0.574898785425
9182 0.576923076923
9199 0.578947368421
9289 0.580971659919
9440 0.582995951417
9442 0.585020242915
9468 0.587044534413
9479 0.589068825911
9519 0.591093117409
9537 0.593117408907
9561 0.595141700405
9631 0.597165991903
9639 0.599190283401
9650 0.601214574899
9685 0.603238866397
9721 0.605263157895
9732 0.607287449393
9738 0.609311740891
9761 0.611336032389
9784 0.613360323887
9844 0.615384615385
9845 0.617408906883
9858 0.619433198381
9874 0.621457489879
9887 0.623481781377
9910 0.625506072874
10021 0.62955465587
10021 0.62955465587
10025 0.631578947368
10038 0.633603238866
10074 0.635627530364
10134 0.637651821862
10138 0.63967611336
10151 0.641700404858
10164 0.643724696356
10177 0.645748987854
10222 0.647773279352
10230 0.64979757085
10244 0.651821862348
10303 0.653846153846
10317 0.655870445344
10323 0.657894736842
10330 0.65991902834
10354 0.661943319838
10378 0.663967611336
10427 0.665991902834
10471 0.668016194332
10473 0.67004048583
10494 0.672064777328
10509 0.674089068826
10527 0.676113360324
10533 0.678137651822
10645 0.68016194332
10667 0.682186234818
10684 0.684210526316
10713 0.686234817814
10720 0.688259109312
10757 0.69028340081
10767 0.692307692308
10858 0.694331983806
10997 0.696356275304
11001 0.698380566802
11018 0.7004048583
11049 0.702429149798
11133 0.704453441296
11201 0.706477732794
11233 0.708502024291
11288 0.710526315789
11300 0.712550607287
11344 0.714574898785
11359 0.716599190283
11372 0.718623481781
11373 0.720647773279
11407 0.722672064777
11423 0.724696356275
11518 0.726720647773
11597 0.728744939271
11603 0.730769230769
11672 0.732793522267
11698 0.734817813765
11752 0.736842105263
11798 0.738866396761
11806 0.740890688259
11834 0.742914979757
11853 0.744939271255
11864 0.746963562753
11910 0.748987854251
11951 0.751012145749
11981 0.753036437247
12023 0.755060728745
12131 0.757085020243
12170 0.759109311741
12225 0.761133603239
12270 0.763157894737
12271 0.765182186235
12290 0.767206477733
12325 0.769230769231
12376 0.771255060729
12381 0.773279352227
12432 0.775303643725
12455 0.777327935223
12478 0.779352226721
12536 0.781376518219
12539 0.783400809717
12722 0.785425101215
12792 0.787449392713
12823 0.789473684211
12871 0.791497975709
12969 0.793522267206
12997 0.795546558704
13013 0.797570850202
13021 0.7995951417
13094 0.801619433198
13104 0.803643724696
13131 0.805668016194
13253 0.807692307692
13435 0.80971659919
13483 0.811740890688
13533 0.813765182186
13537 0.815789473684
13551 0.817813765182
13566 0.81983805668
13587 0.823886639676
13587 0.823886639676
13613 0.825910931174
13678 0.827935222672
13831 0.82995951417
13947 0.831983805668
13974 0.834008097166
13979 0.836032388664
14171 0.838056680162
14180 0.84008097166
14295 0.842105263158
14395 0.844129554656
14531 0.846153846154
14534 0.848178137652
14732 0.85020242915
14765 0.852226720648
14794 0.854251012146
14953 0.856275303644
15033 0.858299595142
15243 0.86032388664
15249 0.862348178138
15277 0.864372469636
15322 0.866396761134
15459 0.868421052632
15638 0.87044534413
15974 0.872469635628
16066 0.874493927126
16325 0.876518218623
16402 0.878542510121
16413 0.880566801619
16519 0.882591093117
16681 0.884615384615
16743 0.886639676113
16820 0.888663967611
16900 0.890688259109
16972 0.892712550607
17015 0.894736842105
17156 0.896761133603
17166 0.898785425101
17457 0.900809716599
17549 0.902834008097
17570 0.904858299595
17571 0.906882591093
17692 0.908906882591
17776 0.910931174089
17788 0.912955465587
17791 0.914979757085
17971 0.917004048583
18487 0.919028340081
18625 0.921052631579
18653 0.923076923077
18855 0.925101214575
18918 0.927125506073
19277 0.929149797571
19319 0.931174089069
19405 0.933198380567
19707 0.935222672065
19951 0.937246963563
20215 0.939271255061
20355 0.941295546559
20516 0.943319838057
20795 0.945344129555
20898 0.947368421053
20979 0.949392712551
21008 0.951417004049
21131 0.953441295547
21225 0.955465587045
21790 0.957489878543
23984 0.95951417004
24125 0.961538461538
24888 0.963562753036
26293 0.965587044534
26550 0.967611336032
26848 0.96963562753
26851 0.971659919028
27020 0.973684210526
27869 0.975708502024
35460 0.977732793522
35465 0.97975708502
74177 0.981781376518
88430 0.983805668016
108777 0.985829959514
114562 0.987854251012
121343 0.98987854251
131949 0.991902834008
169140 0.993927125506
182325 0.995951417004
387924 0.997975708502
994210 1.0
