172 0.0020325203252
1038 0.00406504065041
1039 0.00609756097561
2245 0.00813008130081
2518 0.010162601626
2894 0.0121951219512
3009 0.0142276422764
3227 0.0162601626016
3349 0.0182926829268
3754 0.020325203252
3999 0.0223577235772
4382 0.0243902439024
4858 0.0264227642276
4940 0.0284552845528
5045 0.030487804878
5231 0.0325203252033
5451 0.0345528455285
5539 0.0365853658537
5715 0.0386178861789
5724 0.0406504065041
6144 0.0426829268293
6177 0.0447154471545
6297 0.0467479674797
6356 0.0487804878049
6445 0.0508130081301
6541 0.0528455284553
6680 0.0548780487805
6701 0.0569105691057
6734 0.0589430894309
6866 0.0609756097561
7145 0.0630081300813
7147 0.0650406504065
7361 0.0670731707317
7402 0.0691056910569
7543 0.0711382113821
7634 0.0731707317073
8155 0.0752032520325
8544 0.0772357723577
8570 0.0792682926829
8587 0.0813008130081
8593 0.0833333333333
8635 0.0853658536585
8672 0.0873983739837
8945 0.0894308943089
9054 0.0914634146341
9249 0.0934959349593
9271 0.0955284552846
9490 0.0975609756098
9768 0.099593495935
9959 0.10162601626
10170 0.103658536585
10344 0.105691056911
10505 0.107723577236
10896 0.109756097561
10897 0.111788617886
10917 0.113821138211
11260 0.115853658537
11262 0.117886178862
11321 0.119918699187
11399 0.121951219512
11400 0.123983739837
11421 0.126016260163
11424 0.128048780488
11425 0.130081300813
11594 0.132113821138
11629 0.134146341463
11673 0.136178861789
11812 0.138211382114
11880 0.140243902439
11912 0.142276422764
11948 0.144308943089
12061 0.146341463415
12174 0.14837398374
12188 0.150406504065
12365 0.15243902439
12372 0.154471544715
12416 0.156504065041
12737 0.158536585366
12817 0.160569105691
12877 0.162601626016
13057 0.164634146341
13240 0.166666666667
13266 0.168699186992
13478 0.170731707317
13488 0.172764227642
13527 0.174796747967
13561 0.176829268293
13662 0.178861788618
13668 0.180894308943
13672 0.182926829268
13689 0.184959349593
13724 0.186991869919
13750 0.189024390244
13770 0.191056910569
13810 0.193089430894
14052 0.19512195122
14067 0.197154471545
14094 0.19918699187
14131 0.201219512195
14243 0.20325203252
14369 0.205284552846
14397 0.207317073171
14456 0.209349593496
14474 0.211382113821
14491 0.213414634146
14664 0.215447154472
14804 0.217479674797
14831 0.219512195122
14848 0.221544715447
14936 0.223577235772
14941 0.225609756098
15136 0.227642276423
15277 0.229674796748
15298 0.231707317073
15470 0.233739837398
15519 0.235772357724
15543 0.237804878049
15716 0.239837398374
15779 0.241869918699
15792 0.243902439024
15823 0.24593495935
15900 0.247967479675
15940 0.25
16046 0.252032520325
16216 0.25406504065
16243 0.256097560976
16245 0.258130081301
16371 0.260162601626
16502 0.262195121951
16530 0.264227642276
16727 0.266260162602
16742 0.268292682927
17141 0.270325203252
17283 0.272357723577
17284 0.274390243902
17332 0.276422764228
17344 0.278455284553
17431 0.280487804878
17441 0.282520325203
17465 0.284552845528
17562 0.286585365854
17650 0.288617886179
17824 0.290650406504
17836 0.292682926829
17874 0.294715447154
17988 0.29674796748
18004 0.298780487805
18130 0.30081300813
18317 0.302845528455
18350 0.30487804878
18367 0.306910569106
18508 0.308943089431
18542 0.310975609756
18647 0.313008130081
18923 0.315040650407
18928 0.317073170732
19158 0.319105691057
19194 0.321138211382
19212 0.323170731707
19503 0.325203252033
19567 0.327235772358
19616 0.329268292683
19844 0.331300813008
19848 0.333333333333
19914 0.335365853659
19950 0.337398373984
20066 0.339430894309
20225 0.341463414634
20235 0.343495934959
20250 0.345528455285
20267 0.34756097561
20296 0.349593495935
20299 0.35162601626
20344 0.353658536585
20417 0.355691056911
20539 0.357723577236
20586 0.359756097561
20883 0.361788617886
20907 0.363821138211
21052 0.365853658537
21206 0.367886178862
21242 0.369918699187
21296 0.371951219512
21449 0.373983739837
21625 0.376016260163
21640 0.378048780488
21668 0.380081300813
21766 0.382113821138
21860 0.384146341463
21940 0.386178861789
21998 0.388211382114
21999 0.390243902439
22002 0.392276422764
22276 0.394308943089
22298 0.396341463415
22306 0.39837398374
22332 0.400406504065
22485 0.40243902439
22516 0.404471544715
22561 0.406504065041
22734 0.408536585366
22789 0.410569105691
22966 0.414634146341
22966 0.414634146341
23355 0.416666666667
23372 0.418699186992
23397 0.420731707317
23702 0.422764227642
23741 0.424796747967
23826 0.426829268293
23908 0.428861788618
23993 0.430894308943
24115 0.432926829268
24144 0.434959349593
24174 0.436991869919
24178 0.439024390244
24205 0.441056910569
24212 0.443089430894
24420 0.44512195122
24421 0.447154471545
24570 0.44918699187
24589 0.451219512195
24979 0.45325203252
24996 0.455284552846
25083 0.457317073171
25114 0.459349593496
25169 0.461382113821
25187 0.463414634146
25275 0.465447154472
25506 0.467479674797
25601 0.469512195122
25775 0.471544715447
25921 0.473577235772
25929 0.475609756098
26106 0.477642276423
26110 0.479674796748
26119 0.481707317073
26122 0.483739837398
26158 0.485772357724
26258 0.487804878049
26422 0.489837398374
26530 0.491869918699
26574 0.493902439024
26607 0.49593495935
26704 0.497967479675
26841 0.5
26943 0.502032520325
27156 0.50406504065
27323 0.506097560976
27435 0.508130081301
27618 0.510162601626
27625 0.512195121951
27795 0.514227642276
27816 0.516260162602
27950 0.518292682927
27963 0.520325203252
28006 0.522357723577
28015 0.524390243902
28166 0.526422764228
28211 0.528455284553
28286 0.530487804878
28403 0.532520325203
28758 0.534552845528
28805 0.536585365854
28816 0.538617886179
28855 0.540650406504
28883 0.542682926829
29132 0.544715447154
29211 0.54674796748
29346 0.548780487805
29358 0.55081300813
29371 0.552845528455
29417 0.55487804878
29462 0.556910569106
29662 0.558943089431
29851 0.560975609756
29929 0.563008130081
30045 0.565040650407
30068 0.567073170732
30121 0.569105691057
30179 0.571138211382
30515 0.573170731707
30561 0.575203252033
30571 0.579268292683
30571 0.579268292683
30709 0.581300813008
30830 0.583333333333
30848 0.585365853659
31311 0.587398373984
31321 0.589430894309
31366 0.591463414634
31426 0.593495934959
31448 0.595528455285
31494 0.59756097561
31744 0.599593495935
31815 0.60162601626
32132 0.603658536585
32166 0.605691056911
32385 0.607723577236
32615 0.609756097561
32687 0.611788617886
33099 0.613821138211
33100 0.615853658537
33134 0.617886178862
33249 0.619918699187
33372 0.621951219512
33406 0.623983739837
33442 0.626016260163
33742 0.628048780488
33832 0.630081300813
33898 0.632113821138
33905 0.634146341463
34132 0.636178861789
34300 0.638211382114
34551 0.640243902439
34631 0.642276422764
34757 0.644308943089
34946 0.646341463415
35009 0.64837398374
35087 0.650406504065
35349 0.65243902439
35402 0.654471544715
35408 0.656504065041
35423 0.658536585366
35432 0.660569105691
35694 0.662601626016
35735 0.664634146341
35767 0.666666666667
35875 0.668699186992
35916 0.670731707317
35990 0.672764227642
36258 0.674796747967
36527 0.676829268293
36652 0.678861788618
36780 0.680894308943
36975 0.682926829268
37085 0.684959349593
37518 0.686991869919
37528 0.689024390244
37854 0.691056910569
37911 0.693089430894
37950 0.69512195122
37953 0.697154471545
38127 0.69918699187
38154 0.701219512195
38195 0.70325203252
38210 0.705284552846
38425 0.707317073171
38493 0.709349593496
38597 0.711382113821
38880 0.713414634146
38913 0.715447154472
38983 0.717479674797
39616 0.719512195122
39817 0.721544715447
40278 0.723577235772
40306 0.725609756098
40328 0.727642276423
40580 0.729674796748
40688 0.731707317073
40735 0.733739837398
40752 0.735772357724
40856 0.737804878049
40965 0.739837398374
41288 0.741869918699
41539 0.743902439024
41554 0.74593495935
41736 0.747967479675
41839 0.75
41980 0.752032520325
42017 0.75406504065
42066 0.756097560976
42453 0.758130081301
42462 0.760162601626
42485 0.762195121951
42535 0.764227642276
42694 0.766260162602
42787 0.768292682927
42843 0.770325203252
43020 0.772357723577
43732 0.774390243902
43753 0.776422764228
44050 0.778455284553
44163 0.780487804878
44362 0.782520325203
44402 0.784552845528
44430 0.786585365854
44627 0.788617886179
44645 0.790650406504
44733 0.792682926829
44858 0.794715447154
44950 0.79674796748
45205 0.798780487805
45478 0.80081300813
45578 0.802845528455
46218 0.80487804878
46225 0.806910569106
47296 0.808943089431
47331 0.810975609756
47933 0.813008130081
48202 0.815040650407
48240 0.817073170732
48286 0.819105691057
48459 0.821138211382
48695 0.823170731707
48961 0.825203252033
48979 0.827235772358
49018 0.829268292683
49237 0.831300813008
49445 0.833333333333
49866 0.835365853659
50170 0.837398373984
50458 0.839430894309
50712 0.841463414634
51073 0.843495934959
51125 0.845528455285
51633 0.84756097561
52790 0.849593495935
53047 0.85162601626
53061 0.853658536585
53593 0.855691056911
53827 0.857723577236
54354 0.859756097561
55638 0.861788617886
55705 0.863821138211
55912 0.865853658537
56138 0.867886178862
56223 0.869918699187
56311 0.871951219512
56420 0.873983739837
58430 0.876016260163
59064 0.878048780488
59129 0.880081300813
59183 0.882113821138
60301 0.884146341463
60723 0.886178861789
60873 0.888211382114
61047 0.890243902439
61280 0.892276422764
61344 0.894308943089
61783 0.896341463415
62214 0.89837398374
62675 0.900406504065
64057 0.90243902439
65396 0.904471544715
65566 0.906504065041
66294 0.908536585366
67729 0.910569105691
72184 0.912601626016
73171 0.914634146341
75544 0.916666666667
75559 0.918699186992
75955 0.920731707317
78643 0.922764227642
81319 0.924796747967
82826 0.926829268293
83862 0.928861788618
87908 0.930894308943
88356 0.932926829268
97686 0.934959349593
99877 0.936991869919
100055 0.939024390244
101140 0.941056910569
104481 0.943089430894
108342 0.94512195122
109148 0.947154471545
110994 0.94918699187
112015 0.951219512195
112075 0.95325203252
112417 0.955284552846
113036 0.957317073171
113205 0.959349593496
113762 0.961382113821
114369 0.963414634146
116784 0.965447154472
124308 0.967479674797
125114 0.969512195122
125565 0.971544715447
127063 0.973577235772
130485 0.975609756098
152171 0.977642276423
159277 0.979674796748
159809 0.981707317073
160975 0.983739837398
164822 0.985772357724
166070 0.987804878049
172338 0.989837398374
174779 0.991869918699
210742 0.993902439024
237892 0.99593495935
246396 0.997967479675
452348 1.0
