59 0.00202429149798
1135 0.00404858299595
1286 0.00607287449393
1311 0.0080971659919
1525 0.0101214574899
1626 0.0121457489879
1660 0.0141700404858
1674 0.0161943319838
1681 0.0182186234818
1863 0.0202429149798
1929 0.0222672064777
1945 0.0242914979757
1974 0.0263157894737
1989 0.0283400809717
2025 0.0303643724696
2054 0.0323886639676
2138 0.0344129554656
2175 0.0364372469636
2197 0.0384615384615
2222 0.0404858299595
2259 0.0425101214575
2266 0.0445344129555
2268 0.0465587044534
2306 0.0485829959514
2334 0.0506072874494
2344 0.0526315789474
2366 0.0546558704453
2410 0.0566801619433
2425 0.0587044534413
2436 0.0607287449393
2534 0.0627530364372
2539 0.0647773279352
2559 0.0668016194332
2573 0.0688259109312
2581 0.0708502024291
2587 0.0728744939271
2589 0.0748987854251
2625 0.0769230769231
2664 0.0789473684211
2678 0.080971659919
2754 0.082995951417
2796 0.085020242915
2800 0.087044534413
2805 0.0890688259109
2820 0.0910931174089
2835 0.0931174089069
2840 0.0951417004049
2852 0.0971659919028
2866 0.0991902834008
2894 0.103238866397
2894 0.103238866397
2895 0.105263157895
2905 0.107287449393
2923 0.109311740891
2929 0.111336032389
3015 0.113360323887
3016 0.115384615385
3028 0.117408906883
3031 0.119433198381
3090 0.121457489879
3097 0.123481781377
3119 0.125506072874
3145 0.127530364372
3165 0.12955465587
3186 0.131578947368
3198 0.133603238866
3199 0.135627530364
3205 0.137651821862
3214 0.13967611336
3223 0.141700404858
3299 0.143724696356
3307 0.145748987854
3322 0.147773279352
3324 0.14979757085
3345 0.151821862348
3348 0.153846153846
3357 0.155870445344
3375 0.157894736842
3383 0.15991902834
3405 0.161943319838
3414 0.163967611336
3429 0.165991902834
3436 0.168016194332
3462 0.17004048583
3464 0.172064777328
3479 0.174089068826
3481 0.176113360324
3518 0.178137651822
3524 0.18016194332
3526 0.182186234818
3551 0.184210526316
3573 0.186234817814
3576 0.188259109312
3589 0.19028340081
3591 0.192307692308
3595 0.194331983806
3627 0.196356275304
3639 0.198380566802
3651 0.2004048583
3653 0.202429149798
3667 0.204453441296
3671 0.206477732794
3680 0.208502024291
3696 0.210526315789
3700 0.212550607287
3711 0.214574898785
3722 0.216599190283
3725 0.218623481781
3729 0.220647773279
3733 0.222672064777
3736 0.224696356275
3753 0.226720647773
3763 0.228744939271
3771 0.230769230769
3772 0.232793522267
3778 0.234817813765
3782 0.236842105263
3784 0.238866396761
3789 0.240890688259
3796 0.242914979757
3831 0.244939271255
3846 0.246963562753
3850 0.248987854251
3863 0.251012145749
3882 0.253036437247
3906 0.255060728745
3912 0.257085020243
3934 0.259109311741
3942 0.263157894737
3942 0.263157894737
3968 0.265182186235
3970 0.267206477733
3985 0.269230769231
3992 0.271255060729
3997 0.273279352227
4007 0.275303643725
4015 0.277327935223
4032 0.279352226721
4037 0.281376518219
4048 0.283400809717
4061 0.285425101215
4064 0.287449392713
4084 0.289473684211
4088 0.291497975709
4089 0.293522267206
4098 0.295546558704
4107 0.297570850202
4110 0.2995951417
4143 0.301619433198
4160 0.303643724696
4163 0.305668016194
4166 0.30971659919
4166 0.30971659919
4172 0.311740890688
4192 0.313765182186
4244 0.315789473684
4256 0.317813765182
4269 0.31983805668
4291 0.321862348178
4313 0.323886639676
4326 0.325910931174
4335 0.327935222672
4340 0.32995951417
4352 0.331983805668
4356 0.334008097166
4357 0.336032388664
4359 0.338056680162
4371 0.34008097166
4378 0.342105263158
4401 0.346153846154
4401 0.346153846154
4441 0.348178137652
4492 0.35020242915
4496 0.352226720648
4526 0.354251012146
4528 0.356275303644
4532 0.358299595142
4579 0.36032388664
4600 0.362348178138
4605 0.364372469636
4608 0.366396761134
4610 0.368421052632
4612 0.37044534413
4616 0.372469635628
4623 0.374493927126
4643 0.376518218623
4649 0.378542510121
4676 0.380566801619
4695 0.382591093117
4700 0.384615384615
4712 0.386639676113
4772 0.388663967611
4782 0.390688259109
4787 0.394736842105
4787 0.394736842105
4808 0.396761133603
4816 0.398785425101
4825 0.400809716599
4829 0.402834008097
4840 0.404858299595
4870 0.406882591093
4889 0.408906882591
4908 0.410931174089
4919 0.412955465587
4934 0.414979757085
4937 0.417004048583
4949 0.419028340081
4952 0.421052631579
5007 0.423076923077
5015 0.425101214575
5020 0.427125506073
5035 0.429149797571
5063 0.431174089069
5076 0.433198380567
5109 0.435222672065
5116 0.437246963563
5141 0.439271255061
5149 0.441295546559
5155 0.443319838057
5176 0.445344129555
5206 0.447368421053
5208 0.449392712551
5210 0.451417004049
5224 0.453441295547
5255 0.455465587045
5256 0.457489878543
5265 0.45951417004
5281 0.461538461538
5293 0.463562753036
5294 0.465587044534
5316 0.467611336032
5329 0.46963562753
5352 0.471659919028
5381 0.475708502024
5381 0.475708502024
5391 0.477732793522
5396 0.47975708502
5404 0.481781376518
5407 0.483805668016
5433 0.485829959514
5450 0.487854251012
5458 0.48987854251
5473 0.491902834008
5479 0.493927125506
5481 0.495951417004
5483 0.5
5483 0.5
5494 0.502024291498
5528 0.504048582996
5548 0.506072874494
5549 0.508097165992
5568 0.51012145749
5599 0.512145748988
5612 0.514170040486
5615 0.516194331984
5639 0.518218623482
5667 0.52024291498
5671 0.522267206478
5679 0.524291497976
5698 0.526315789474
5747 0.528340080972
5765 0.53036437247
5795 0.532388663968
5829 0.534412955466
5840 0.536437246964
5841 0.538461538462
5843 0.54048582996
5862 0.542510121457
5864 0.544534412955
5882 0.546558704453
5891 0.548582995951
5899 0.550607287449
5909 0.552631578947
5912 0.554655870445
5919 0.556680161943
5922 0.558704453441
5946 0.560728744939
5968 0.562753036437
6014 0.564777327935
6016 0.566801619433
6026 0.568825910931
6039 0.570850202429
6042 0.572874493927
6067 0.574898785425
6069 0.576923076923
6076 0.578947368421
6105 0.580971659919
6108 0.582995951417
6109 0.587044534413
6109 0.587044534413
6111 0.589068825911
6129 0.591093117409
6134 0.593117408907
6142 0.595141700405
6187 0.597165991903
6221 0.599190283401
6230 0.601214574899
6245 0.603238866397
6270 0.605263157895
6310 0.607287449393
6388 0.609311740891
6448 0.611336032389
6469 0.613360323887
6474 0.615384615385
6480 0.617408906883
6506 0.621457489879
6506 0.621457489879
6508 0.623481781377
6509 0.625506072874
6517 0.627530364372
6545 0.62955465587
6633 0.631578947368
6644 0.633603238866
6661 0.635627530364
6671 0.637651821862
6695 0.63967611336
6779 0.641700404858
6789 0.643724696356
6801 0.645748987854
6817 0.647773279352
6837 0.64979757085
6847 0.651821862348
6857 0.653846153846
6889 0.657894736842
6889 0.657894736842
6936 0.65991902834
6954 0.661943319838
6968 0.663967611336
6973 0.665991902834
6977 0.668016194332
6993 0.67004048583
6994 0.672064777328
7003 0.674089068826
7014 0.676113360324
7042 0.678137651822
7061 0.68016194332
7081 0.682186234818
7096 0.684210526316
7098 0.686234817814
7100 0.688259109312
7114 0.69028340081
7129 0.692307692308
7146 0.694331983806
7153 0.696356275304
7179 0.698380566802
7197 0.7004048583
7202 0.702429149798
7210 0.706477732794
7210 0.706477732794
7216 0.708502024291
7234 0.710526315789
7239 0.712550607287
7260 0.714574898785
7278 0.716599190283
7303 0.718623481781
7331 0.720647773279
7375 0.722672064777
7460 0.724696356275
7532 0.726720647773
7540 0.728744939271
7548 0.730769230769
7573 0.732793522267
7579 0.734817813765
7582 0.736842105263
7592 0.738866396761
7598 0.740890688259
7772 0.742914979757
7882 0.744939271255
7899 0.746963562753
7978 0.748987854251
8001 0.751012145749
8005 0.753036437247
8041 0.755060728745
8042 0.757085020243
8048 0.759109311741
8050 0.761133603239
8172 0.763157894737
8190 0.765182186235
8200 0.767206477733
8226 0.769230769231
8231 0.771255060729
8273 0.773279352227
8279 0.775303643725
8284 0.777327935223
8340 0.779352226721
8355 0.781376518219
8395 0.783400809717
8398 0.785425101215
8402 0.787449392713
8431 0.789473684211
8434 0.791497975709
8490 0.793522267206
8495 0.795546558704
8513 0.797570850202
8582 0.7995951417
8612 0.801619433198
8643 0.803643724696
8662 0.805668016194
8680 0.807692307692
8681 0.80971659919
8714 0.811740890688
8750 0.813765182186
8783 0.815789473684
8891 0.817813765182
8897 0.81983805668
8902 0.821862348178
8907 0.823886639676
8908 0.825910931174
8991 0.827935222672
9013 0.82995951417
9042 0.831983805668
9110 0.834008097166
9117 0.836032388664
9129 0.838056680162
9140 0.84008097166
9206 0.842105263158
9257 0.844129554656
9272 0.846153846154
9282 0.848178137652
9285 0.85020242915
9298 0.852226720648
9356 0.854251012146
9469 0.856275303644
9471 0.858299595142
9508 0.86032388664
9544 0.862348178138
9634 0.864372469636
9713 0.866396761134
9725 0.868421052632
9732 0.87044534413
9796 0.872469635628
9908 0.874493927126
9926 0.876518218623
9976 0.878542510121
9979 0.880566801619
9980 0.882591093117
10199 0.884615384615
10267 0.886639676113
10443 0.888663967611
10461 0.890688259109
10503 0.892712550607
10598 0.894736842105
10656 0.896761133603
10729 0.898785425101
10775 0.900809716599
10789 0.902834008097
10809 0.904858299595
10817 0.906882591093
10840 0.908906882591
11039 0.910931174089
11082 0.912955465587
11164 0.914979757085
11240 0.917004048583
11311 0.919028340081
11395 0.921052631579
11409 0.923076923077
11421 0.925101214575
11543 0.927125506073
11586 0.929149797571
11634 0.931174089069
11838 0.933198380567
11857 0.935222672065
12043 0.937246963563
12050 0.939271255061
12071 0.941295546559
12133 0.943319838057
12356 0.945344129555
12361 0.947368421053
12366 0.949392712551
12471 0.951417004049
12922 0.953441295547
12950 0.955465587045
13057 0.957489878543
13082 0.95951417004
13091 0.961538461538
13404 0.963562753036
13663 0.965587044534
13733 0.967611336032
14155 0.96963562753
14159 0.971659919028
14301 0.973684210526
14320 0.975708502024
15508 0.977732793522
15652 0.97975708502
15962 0.981781376518
16200 0.983805668016
16714 0.985829959514
17697 0.987854251012
18473 0.98987854251
26950 0.991902834008
85384 0.993927125506
120701 0.995951417004
122988 0.997975708502
412855 1.0
