64 0.00202429149798
1132 0.00404858299595
1138 0.00607287449393
1157 0.0080971659919
1253 0.0101214574899
1290 0.0121457489879
1298 0.0141700404858
1476 0.0161943319838
1549 0.0182186234818
1595 0.0202429149798
1790 0.0222672064777
1817 0.0242914979757
1818 0.0263157894737
1841 0.0283400809717
1842 0.0303643724696
1903 0.0323886639676
1916 0.0344129554656
1924 0.0364372469636
1943 0.0384615384615
1959 0.0404858299595
1968 0.0425101214575
2008 0.0465587044534
2008 0.0465587044534
2054 0.0485829959514
2093 0.0506072874494
2121 0.0526315789474
2176 0.0566801619433
2176 0.0566801619433
2187 0.0587044534413
2190 0.0607287449393
2223 0.0627530364372
2227 0.0647773279352
2247 0.0668016194332
2255 0.0688259109312
2384 0.0708502024291
2401 0.0728744939271
2446 0.0748987854251
2465 0.0769230769231
2489 0.0789473684211
2517 0.080971659919
2521 0.082995951417
2544 0.085020242915
2559 0.087044534413
2580 0.0890688259109
2598 0.0951417004049
2598 0.0951417004049
2598 0.0951417004049
2622 0.0971659919028
2640 0.0991902834008
2656 0.101214574899
2659 0.103238866397
2680 0.105263157895
2687 0.107287449393
2718 0.109311740891
2726 0.111336032389
2755 0.113360323887
2783 0.115384615385
2785 0.117408906883
2820 0.119433198381
2833 0.121457489879
2882 0.123481781377
2890 0.125506072874
2918 0.127530364372
2991 0.12955465587
3005 0.131578947368
3028 0.133603238866
3067 0.135627530364
3069 0.137651821862
3076 0.13967611336
3087 0.141700404858
3097 0.143724696356
3102 0.145748987854
3105 0.147773279352
3116 0.14979757085
3153 0.151821862348
3157 0.153846153846
3159 0.155870445344
3163 0.157894736842
3181 0.15991902834
3187 0.161943319838
3192 0.163967611336
3196 0.165991902834
3200 0.168016194332
3203 0.17004048583
3210 0.172064777328
3226 0.174089068826
3251 0.176113360324
3258 0.178137651822
3259 0.18016194332
3260 0.182186234818
3277 0.184210526316
3297 0.186234817814
3299 0.188259109312
3302 0.192307692308
3302 0.192307692308
3305 0.194331983806
3307 0.196356275304
3314 0.198380566802
3323 0.2004048583
3329 0.202429149798
3338 0.204453441296
3364 0.206477732794
3377 0.208502024291
3412 0.210526315789
3445 0.212550607287
3453 0.214574898785
3459 0.216599190283
3476 0.218623481781
3501 0.220647773279
3515 0.222672064777
3516 0.224696356275
3517 0.226720647773
3522 0.228744939271
3529 0.230769230769
3530 0.232793522267
3544 0.234817813765
3546 0.236842105263
3554 0.238866396761
3592 0.240890688259
3604 0.242914979757
3605 0.244939271255
3609 0.246963562753
3618 0.253036437247
3618 0.253036437247
3618 0.253036437247
3635 0.255060728745
3639 0.257085020243
3642 0.259109311741
3643 0.261133603239
3679 0.263157894737
3696 0.265182186235
3702 0.267206477733
3742 0.269230769231
3758 0.271255060729
3761 0.273279352227
3763 0.275303643725
3772 0.277327935223
3782 0.279352226721
3784 0.281376518219
3787 0.283400809717
3805 0.285425101215
3809 0.287449392713
3810 0.289473684211
3835 0.291497975709
3839 0.293522267206
3843 0.295546558704
3844 0.297570850202
3854 0.2995951417
3864 0.301619433198
3873 0.303643724696
3876 0.305668016194
3887 0.307692307692
3893 0.30971659919
3897 0.311740890688
3909 0.313765182186
3932 0.315789473684
3939 0.317813765182
3951 0.31983805668
3967 0.321862348178
3973 0.323886639676
3974 0.325910931174
4011 0.327935222672
4038 0.32995951417
4088 0.331983805668
4113 0.334008097166
4123 0.336032388664
4134 0.338056680162
4151 0.34008097166
4170 0.342105263158
4211 0.344129554656
4212 0.346153846154
4232 0.348178137652
4242 0.35020242915
4264 0.352226720648
4275 0.354251012146
4276 0.356275303644
4289 0.358299595142
4305 0.362348178138
4305 0.362348178138
4326 0.364372469636
4362 0.366396761134
4401 0.368421052632
4405 0.37044534413
4409 0.372469635628
4438 0.376518218623
4438 0.376518218623
4439 0.378542510121
4455 0.380566801619
4456 0.382591093117
4459 0.384615384615
4463 0.386639676113
4500 0.388663967611
4513 0.390688259109
4533 0.392712550607
4535 0.394736842105
4591 0.396761133603
4600 0.398785425101
4610 0.400809716599
4615 0.402834008097
4639 0.404858299595
4657 0.408906882591
4657 0.408906882591
4659 0.410931174089
4677 0.412955465587
4705 0.414979757085
4708 0.417004048583
4712 0.421052631579
4712 0.421052631579
4719 0.423076923077
4747 0.425101214575
4751 0.427125506073
4755 0.429149797571
4760 0.431174089069
4766 0.433198380567
4781 0.435222672065
4787 0.437246963563
4795 0.439271255061
4839 0.441295546559
4846 0.443319838057
4847 0.445344129555
4858 0.447368421053
4861 0.449392712551
4875 0.451417004049
4879 0.453441295547
4926 0.455465587045
4928 0.457489878543
4929 0.45951417004
4933 0.461538461538
4948 0.463562753036
4950 0.465587044534
4952 0.467611336032
4994 0.46963562753
5001 0.471659919028
5024 0.473684210526
5026 0.475708502024
5027 0.477732793522
5066 0.47975708502
5074 0.481781376518
5078 0.483805668016
5080 0.485829959514
5084 0.487854251012
5086 0.48987854251
5108 0.491902834008
5115 0.493927125506
5116 0.495951417004
5122 0.497975708502
5128 0.5
5135 0.502024291498
5157 0.504048582996
5169 0.506072874494
5175 0.508097165992
5182 0.51012145749
5183 0.512145748988
5193 0.514170040486
5202 0.516194331984
5288 0.518218623482
5303 0.52024291498
5307 0.522267206478
5321 0.524291497976
5338 0.526315789474
5349 0.528340080972
5365 0.53036437247
5368 0.532388663968
5383 0.536437246964
5383 0.536437246964
5401 0.538461538462
5406 0.54048582996
5410 0.542510121457
5411 0.544534412955
5413 0.546558704453
5416 0.548582995951
5425 0.550607287449
5452 0.552631578947
5460 0.554655870445
5481 0.558704453441
5481 0.558704453441
5519 0.560728744939
5521 0.562753036437
5539 0.564777327935
5540 0.566801619433
5576 0.568825910931
5613 0.570850202429
5659 0.572874493927
5677 0.574898785425
5702 0.576923076923
5785 0.578947368421
5817 0.580971659919
5833 0.582995951417
5873 0.585020242915
5886 0.587044534413
5976 0.589068825911
6020 0.591093117409
6039 0.593117408907
6067 0.597165991903
6067 0.597165991903
6124 0.599190283401
6132 0.603238866397
6132 0.603238866397
6147 0.605263157895
6154 0.607287449393
6156 0.609311740891
6168 0.611336032389
6195 0.613360323887
6205 0.615384615385
6293 0.617408906883
6304 0.619433198381
6348 0.621457489879
6370 0.623481781377
6381 0.625506072874
6384 0.627530364372
6404 0.62955465587
6410 0.631578947368
6428 0.633603238866
6437 0.635627530364
6468 0.637651821862
6469 0.63967611336
6477 0.641700404858
6499 0.643724696356
6532 0.645748987854
6537 0.647773279352
6558 0.64979757085
6627 0.651821862348
6630 0.653846153846
6645 0.655870445344
6706 0.657894736842
6713 0.65991902834
6739 0.661943319838
6755 0.663967611336
6765 0.665991902834
6766 0.668016194332
6770 0.67004048583
6778 0.672064777328
6795 0.676113360324
6795 0.676113360324
6805 0.678137651822
6809 0.68016194332
6811 0.682186234818
6833 0.684210526316
6907 0.686234817814
6939 0.688259109312
6959 0.69028340081
6988 0.692307692308
6995 0.694331983806
7004 0.696356275304
7005 0.7004048583
7005 0.7004048583
7006 0.702429149798
7007 0.704453441296
7014 0.706477732794
7024 0.708502024291
7036 0.710526315789
7070 0.712550607287
7072 0.714574898785
7102 0.716599190283
7110 0.718623481781
7160 0.720647773279
7170 0.722672064777
7203 0.724696356275
7249 0.726720647773
7257 0.728744939271
7262 0.730769230769
7263 0.732793522267
7272 0.734817813765
7300 0.736842105263
7342 0.738866396761
7355 0.740890688259
7361 0.742914979757
7369 0.744939271255
7370 0.746963562753
7378 0.748987854251
7477 0.751012145749
7532 0.753036437247
7574 0.755060728745
7584 0.757085020243
7669 0.759109311741
7672 0.761133603239
7723 0.763157894737
7786 0.765182186235
7832 0.767206477733
7854 0.769230769231
7893 0.771255060729
7951 0.773279352227
7957 0.775303643725
7967 0.777327935223
8012 0.779352226721
8057 0.781376518219
8212 0.783400809717
8214 0.785425101215
8225 0.787449392713
8244 0.789473684211
8286 0.791497975709
8295 0.793522267206
8323 0.795546558704
8344 0.797570850202
8387 0.7995951417
8425 0.801619433198
8452 0.803643724696
8460 0.805668016194
8498 0.807692307692
8557 0.80971659919
8569 0.811740890688
8588 0.813765182186
8594 0.815789473684
8699 0.817813765182
8742 0.81983805668
8746 0.821862348178
8873 0.823886639676
8893 0.825910931174
8943 0.827935222672
9000 0.82995951417
9005 0.831983805668
9009 0.834008097166
9119 0.836032388664
9143 0.838056680162
9267 0.84008097166
9290 0.842105263158
9356 0.844129554656
9376 0.846153846154
9446 0.848178137652
9532 0.85020242915
9572 0.852226720648
9602 0.854251012146
9705 0.856275303644
9709 0.858299595142
9830 0.86032388664
9850 0.862348178138
9921 0.864372469636
9970 0.866396761134
10112 0.868421052632
10118 0.87044534413
10153 0.872469635628
10177 0.874493927126
10184 0.876518218623
10192 0.878542510121
10196 0.880566801619
10239 0.882591093117
10258 0.884615384615
10330 0.886639676113
10620 0.888663967611
10729 0.890688259109
10880 0.892712550607
10885 0.894736842105
10903 0.896761133603
10972 0.898785425101
11127 0.900809716599
11151 0.902834008097
11344 0.904858299595
11364 0.906882591093
11395 0.908906882591
11434 0.910931174089
11502 0.912955465587
11550 0.914979757085
11658 0.917004048583
11706 0.919028340081
12050 0.921052631579
12249 0.923076923077
12278 0.925101214575
12389 0.927125506073
12439 0.929149797571
12492 0.931174089069
12568 0.933198380567
12955 0.935222672065
13005 0.937246963563
13064 0.939271255061
13114 0.941295546559
13142 0.943319838057
13260 0.945344129555
13307 0.947368421053
13559 0.949392712551
13596 0.951417004049
13765 0.953441295547
14081 0.955465587045
14133 0.957489878543
14169 0.95951417004
14200 0.961538461538
14480 0.963562753036
15313 0.965587044534
15540 0.967611336032
15674 0.96963562753
16195 0.971659919028
16272 0.973684210526
16452 0.975708502024
17717 0.977732793522
17776 0.97975708502
19610 0.981781376518
19740 0.983805668016
20106 0.985829959514
21787 0.987854251012
22072 0.98987854251
26549 0.991902834008
80592 0.993927125506
119850 0.995951417004
131029 0.997975708502
405340 1.0
