130 0.00202839756592
1048 0.00405679513185
1262 0.00608519269777
1281 0.00811359026369
1740 0.0101419878296
1897 0.0121703853955
1900 0.0141987829615
1995 0.0162271805274
2017 0.0182555780933
2040 0.0202839756592
2077 0.0223123732252
2148 0.0243407707911
2337 0.026369168357
2535 0.0283975659229
2558 0.0304259634888
2589 0.0324543610548
2627 0.0344827586207
2738 0.0365111561866
2752 0.0385395537525
2897 0.0405679513185
2914 0.0425963488844
3063 0.0446247464503
3140 0.0466531440162
3150 0.0486815415822
3175 0.0507099391481
3188 0.052738336714
3285 0.0547667342799
3312 0.0567951318458
3480 0.0588235294118
3500 0.0608519269777
3546 0.0628803245436
3562 0.0649087221095
3732 0.0669371196755
3764 0.0689655172414
3796 0.0709939148073
3797 0.0730223123732
4012 0.0750507099391
4042 0.0770791075051
4102 0.079107505071
4204 0.0811359026369
4309 0.0831643002028
4348 0.0851926977688
4412 0.0872210953347
4459 0.0892494929006
4516 0.0912778904665
4519 0.0933062880325
4526 0.0953346855984
4655 0.0973630831643
4675 0.0993914807302
4684 0.101419878296
4715 0.103448275862
4746 0.105476673428
4780 0.107505070994
4801 0.10953346856
4886 0.111561866126
4902 0.113590263692
4933 0.115618661258
4949 0.117647058824
5179 0.119675456389
5216 0.121703853955
5275 0.123732251521
5337 0.125760649087
5338 0.127789046653
5359 0.129817444219
5431 0.131845841785
5473 0.133874239351
5511 0.135902636917
5543 0.137931034483
5554 0.139959432049
5561 0.141987829615
5567 0.144016227181
5633 0.146044624746
5652 0.148073022312
5705 0.150101419878
5718 0.152129817444
5760 0.15415821501
5761 0.156186612576
5778 0.158215010142
5789 0.160243407708
5792 0.162271805274
5832 0.16430020284
5892 0.166328600406
5899 0.168356997972
5931 0.170385395538
6064 0.172413793103
6076 0.174442190669
6104 0.176470588235
6258 0.178498985801
6278 0.180527383367
6295 0.182555780933
6327 0.184584178499
6379 0.186612576065
6392 0.188640973631
6424 0.190669371197
6452 0.192697768763
6576 0.194726166329
6615 0.196754563895
6669 0.19878296146
6672 0.200811359026
6702 0.202839756592
6727 0.204868154158
6753 0.206896551724
6782 0.20892494929
6832 0.210953346856
6868 0.212981744422
6904 0.215010141988
6921 0.217038539554
6931 0.21906693712
6939 0.221095334686
6992 0.223123732252
7001 0.225152129817
7048 0.227180527383
7063 0.229208924949
7080 0.231237322515
7140 0.233265720081
7159 0.235294117647
7186 0.237322515213
7234 0.239350912779
7236 0.241379310345
7263 0.243407707911
7271 0.245436105477
7272 0.247464503043
7290 0.249492900609
7380 0.251521298174
7382 0.25354969574
7424 0.255578093306
7492 0.257606490872
7536 0.259634888438
7570 0.261663286004
7586 0.26369168357
7611 0.265720081136
7671 0.267748478702
7715 0.269776876268
7744 0.271805273834
7764 0.2738336714
7783 0.275862068966
7813 0.277890466531
7821 0.279918864097
7862 0.281947261663
7866 0.283975659229
7870 0.286004056795
7944 0.288032454361
7948 0.290060851927
7969 0.292089249493
8062 0.294117647059
8098 0.296146044625
8128 0.298174442191
8131 0.300202839757
8237 0.302231237323
8257 0.304259634888
8278 0.306288032454
8296 0.30831643002
8334 0.310344827586
8437 0.312373225152
8461 0.314401622718
8494 0.316430020284
8497 0.31845841785
8522 0.320486815416
8563 0.322515212982
8609 0.324543610548
8690 0.326572008114
8701 0.32860040568
8709 0.330628803245
8723 0.332657200811
8746 0.334685598377
8761 0.336713995943
8765 0.338742393509
8766 0.340770791075
8896 0.342799188641
8947 0.344827586207
8965 0.346855983773
8976 0.348884381339
8977 0.350912778905
9016 0.352941176471
9081 0.354969574037
9092 0.356997971602
9230 0.359026369168
9242 0.361054766734
9291 0.3630831643
9334 0.365111561866
9366 0.367139959432
9415 0.369168356998
9416 0.371196754564
9450 0.37322515213
9454 0.375253549696
9513 0.377281947262
9571 0.379310344828
9794 0.381338742394
9799 0.383367139959
9800 0.385395537525
9948 0.387423935091
9982 0.389452332657
10002 0.391480730223
10059 0.393509127789
10067 0.395537525355
10077 0.397565922921
10083 0.401622718053
10083 0.401622718053
10094 0.403651115619
10167 0.405679513185
10223 0.407707910751
10328 0.409736308316
10339 0.411764705882
10368 0.413793103448
10407 0.415821501014
10422 0.41784989858
10440 0.419878296146
10505 0.421906693712
10545 0.423935091278
10584 0.425963488844
10637 0.42799188641
10643 0.430020283976
10692 0.432048681542
10715 0.434077079108
10722 0.436105476673
10817 0.438133874239
10853 0.440162271805
10872 0.442190669371
10951 0.444219066937
11009 0.446247464503
11053 0.448275862069
11067 0.450304259635
11145 0.452332657201
11210 0.454361054767
11272 0.456389452333
11283 0.458417849899
11292 0.460446247465
11307 0.46247464503
11349 0.464503042596
11415 0.466531440162
11470 0.468559837728
11478 0.470588235294
11553 0.47261663286
11597 0.474645030426
11606 0.476673427992
11715 0.478701825558
11750 0.480730223124
11777 0.48275862069
11797 0.484787018256
11921 0.486815415822
11923 0.488843813387
11976 0.490872210953
11992 0.492900608519
12009 0.494929006085
12061 0.496957403651
12072 0.498985801217
12080 0.501014198783
12113 0.503042596349
12240 0.505070993915
12243 0.507099391481
12351 0.509127789047
12355 0.511156186613
12377 0.513184584178
12458 0.515212981744
12467 0.51724137931
12556 0.519269776876
12561 0.521298174442
12566 0.523326572008
12598 0.525354969574
12623 0.52738336714
12639 0.529411764706
12725 0.531440162272
12745 0.533468559838
12771 0.535496957404
12791 0.53752535497
12826 0.539553752535
12847 0.541582150101
12899 0.545638945233
12899 0.545638945233
12923 0.547667342799
12976 0.549695740365
12984 0.551724137931
13029 0.553752535497
13062 0.555780933063
13095 0.557809330629
13113 0.559837728195
13149 0.561866125761
13192 0.563894523327
13198 0.565922920892
13459 0.567951318458
13580 0.569979716024
13611 0.57200811359
13628 0.574036511156
13671 0.576064908722
13711 0.578093306288
13727 0.580121703854
13794 0.58215010142
13838 0.584178498986
13850 0.586206896552
13908 0.588235294118
13945 0.590263691684
13984 0.592292089249
13997 0.594320486815
14038 0.596348884381
14050 0.598377281947
14101 0.600405679513
14116 0.602434077079
14131 0.604462474645
14140 0.606490872211
14144 0.608519269777
14145 0.610547667343
14173 0.612576064909
14198 0.614604462475
14314 0.616632860041
14320 0.618661257606
14389 0.620689655172
14431 0.622718052738
14459 0.624746450304
14472 0.62677484787
14534 0.628803245436
14544 0.630831643002
14566 0.632860040568
14586 0.634888438134
14839 0.6369168357
14900 0.638945233266
14984 0.640973630832
15061 0.643002028398
15148 0.645030425963
15159 0.647058823529
15205 0.649087221095
15338 0.651115618661
15369 0.653144016227
15428 0.655172413793
15448 0.657200811359
15472 0.659229208925
15473 0.661257606491
15516 0.663286004057
15614 0.665314401623
15646 0.667342799189
15701 0.669371196755
15797 0.67139959432
15847 0.673427991886
15907 0.675456389452
15912 0.677484787018
15976 0.679513184584
16030 0.68154158215
16036 0.683569979716
16200 0.685598377282
16262 0.687626774848
16292 0.689655172414
16690 0.69168356998
16724 0.693711967546
16794 0.695740365112
16888 0.697768762677
16927 0.699797160243
17153 0.701825557809
17234 0.703853955375
17248 0.705882352941
17257 0.707910750507
17264 0.709939148073
17385 0.711967545639
17398 0.713995943205
17419 0.716024340771
17462 0.718052738337
17530 0.720081135903
17595 0.722109533469
17623 0.724137931034
17772 0.7261663286
17776 0.728194726166
17875 0.730223123732
17897 0.732251521298
17954 0.734279918864
18013 0.73630831643
18026 0.738336713996
18104 0.740365111562
18152 0.742393509128
18187 0.744421906694
18214 0.74645030426
18219 0.748478701826
18257 0.750507099391
18304 0.752535496957
18399 0.754563894523
18408 0.756592292089
18560 0.758620689655
18624 0.760649087221
18877 0.762677484787
18903 0.764705882353
18973 0.766734279919
19008 0.768762677485
19102 0.770791075051
19152 0.772819472617
19199 0.774847870183
19237 0.776876267748
19401 0.778904665314
19476 0.78093306288
19553 0.782961460446
19774 0.784989858012
19786 0.787018255578
19866 0.789046653144
20305 0.79107505071
20378 0.793103448276
20421 0.795131845842
20460 0.797160243408
20466 0.799188640974
20480 0.80121703854
20714 0.803245436105
20749 0.805273833671
20815 0.807302231237
20828 0.809330628803
20980 0.811359026369
21275 0.813387423935
21701 0.815415821501
21733 0.819472616633
21733 0.819472616633
21787 0.821501014199
21817 0.823529411765
21823 0.825557809331
21954 0.827586206897
22008 0.829614604462
22032 0.831643002028
22120 0.833671399594
22270 0.83569979716
22333 0.837728194726
22427 0.839756592292
22490 0.841784989858
22621 0.843813387424
22625 0.84584178499
22660 0.847870182556
22749 0.849898580122
22771 0.851926977688
23121 0.853955375254
23192 0.855983772819
23451 0.858012170385
23495 0.860040567951
23562 0.862068965517
23877 0.864097363083
23952 0.866125760649
24078 0.868154158215
24125 0.870182555781
24262 0.872210953347
24310 0.874239350913
24390 0.876267748479
24447 0.878296146045
24562 0.880324543611
24732 0.882352941176
24749 0.884381338742
24900 0.886409736308
25078 0.888438133874
25167 0.89046653144
25177 0.892494929006
25782 0.894523326572
25965 0.896551724138
25980 0.898580121704
26573 0.90060851927
27124 0.902636916836
28058 0.904665314402
28270 0.906693711968
28800 0.908722109533
29272 0.910750507099
30297 0.912778904665
30538 0.914807302231
31912 0.916835699797
32305 0.918864097363
32340 0.920892494929
32523 0.922920892495
34159 0.924949290061
34653 0.926977687627
35137 0.929006085193
35532 0.931034482759
36978 0.933062880325
37151 0.93509127789
37773 0.937119675456
37974 0.939148073022
38539 0.941176470588
38999 0.943204868154
39225 0.94523326572
41653 0.947261663286
41972 0.949290060852
42072 0.951318458418
42204 0.953346855984
42548 0.95537525355
43972 0.957403651116
44478 0.959432048682
44830 0.961460446247
46198 0.963488843813
46483 0.965517241379
48277 0.967545638945
48662 0.969574036511
48686 0.971602434077
52287 0.973630831643
55574 0.975659229209
55838 0.977687626775
56086 0.979716024341
61193 0.981744421907
64157 0.983772819473
69040 0.985801217039
69240 0.987829614604
78384 0.98985801217
84213 0.991886409736
86826 0.993914807302
106764 0.995943204868
134771 0.997971602434
444875 1.0
