50 0.00202429149798
643 0.00404858299595
1309 0.00607287449393
1392 0.0080971659919
1429 0.0101214574899
1485 0.0121457489879
1811 0.0141700404858
1842 0.0161943319838
1851 0.0182186234818
2019 0.0202429149798
2067 0.0222672064777
2173 0.0242914979757
2289 0.0263157894737
2290 0.0283400809717
2313 0.0303643724696
2333 0.0323886639676
2367 0.0344129554656
2372 0.0364372469636
2415 0.0384615384615
2446 0.0404858299595
2469 0.0425101214575
2504 0.0445344129555
2595 0.0465587044534
2639 0.0485829959514
2656 0.0506072874494
2671 0.0526315789474
2690 0.0546558704453
2730 0.0566801619433
2747 0.0587044534413
2768 0.0607287449393
2787 0.0627530364372
2844 0.0647773279352
2847 0.0668016194332
2872 0.0688259109312
2942 0.0708502024291
2967 0.0728744939271
3071 0.0748987854251
3102 0.0769230769231
3105 0.0789473684211
3128 0.080971659919
3213 0.082995951417
3216 0.085020242915
3226 0.087044534413
3236 0.0890688259109
3247 0.0910931174089
3268 0.0951417004049
3268 0.0951417004049
3290 0.0971659919028
3292 0.0991902834008
3298 0.105263157895
3298 0.105263157895
3298 0.105263157895
3307 0.107287449393
3318 0.109311740891
3346 0.111336032389
3368 0.113360323887
3378 0.115384615385
3388 0.117408906883
3413 0.119433198381
3424 0.121457489879
3477 0.123481781377
3491 0.125506072874
3499 0.127530364372
3553 0.12955465587
3570 0.131578947368
3581 0.133603238866
3604 0.135627530364
3647 0.137651821862
3656 0.13967611336
3695 0.141700404858
3752 0.143724696356
3771 0.145748987854
3830 0.147773279352
3833 0.151821862348
3833 0.151821862348
3849 0.153846153846
3864 0.157894736842
3864 0.157894736842
3883 0.15991902834
3885 0.161943319838
3888 0.163967611336
3901 0.165991902834
3923 0.168016194332
3937 0.17004048583
3941 0.172064777328
3954 0.174089068826
3957 0.176113360324
3981 0.178137651822
3989 0.18016194332
3999 0.182186234818
4004 0.184210526316
4011 0.186234817814
4060 0.188259109312
4073 0.19028340081
4084 0.192307692308
4095 0.194331983806
4101 0.196356275304
4116 0.198380566802
4135 0.2004048583
4142 0.202429149798
4152 0.204453441296
4164 0.206477732794
4179 0.208502024291
4180 0.210526315789
4190 0.212550607287
4193 0.214574898785
4197 0.216599190283
4209 0.218623481781
4213 0.220647773279
4214 0.222672064777
4229 0.224696356275
4240 0.226720647773
4249 0.228744939271
4255 0.230769230769
4260 0.232793522267
4268 0.234817813765
4276 0.236842105263
4279 0.238866396761
4305 0.240890688259
4308 0.242914979757
4309 0.244939271255
4320 0.246963562753
4322 0.248987854251
4332 0.251012145749
4333 0.253036437247
4337 0.255060728745
4339 0.257085020243
4348 0.259109311741
4364 0.261133603239
4369 0.263157894737
4394 0.265182186235
4415 0.267206477733
4446 0.271255060729
4446 0.271255060729
4448 0.273279352227
4452 0.275303643725
4457 0.277327935223
4504 0.279352226721
4510 0.281376518219
4511 0.283400809717
4518 0.285425101215
4538 0.287449392713
4578 0.289473684211
4608 0.291497975709
4616 0.293522267206
4619 0.295546558704
4651 0.297570850202
4663 0.2995951417
4669 0.301619433198
4711 0.303643724696
4739 0.305668016194
4746 0.307692307692
4751 0.30971659919
4775 0.311740890688
4790 0.313765182186
4795 0.315789473684
4797 0.317813765182
4813 0.31983805668
4831 0.321862348178
4837 0.323886639676
4847 0.325910931174
4851 0.327935222672
4865 0.32995951417
4873 0.331983805668
4876 0.334008097166
4877 0.336032388664
4892 0.338056680162
4898 0.34008097166
4904 0.342105263158
4927 0.344129554656
4932 0.346153846154
5011 0.348178137652
5041 0.35020242915
5045 0.352226720648
5062 0.354251012146
5064 0.356275303644
5118 0.358299595142
5123 0.36032388664
5131 0.362348178138
5151 0.364372469636
5163 0.366396761134
5185 0.368421052632
5202 0.37044534413
5212 0.372469635628
5218 0.374493927126
5222 0.376518218623
5228 0.378542510121
5242 0.380566801619
5251 0.382591093117
5259 0.384615384615
5268 0.386639676113
5274 0.388663967611
5299 0.390688259109
5330 0.392712550607
5343 0.394736842105
5350 0.396761133603
5366 0.398785425101
5416 0.400809716599
5424 0.402834008097
5426 0.404858299595
5428 0.406882591093
5442 0.408906882591
5512 0.410931174089
5544 0.412955465587
5565 0.414979757085
5595 0.417004048583
5596 0.419028340081
5597 0.421052631579
5602 0.423076923077
5608 0.425101214575
5617 0.427125506073
5624 0.429149797571
5628 0.431174089069
5660 0.433198380567
5683 0.435222672065
5694 0.437246963563
5738 0.439271255061
5749 0.441295546559
5766 0.443319838057
5771 0.445344129555
5791 0.447368421053
5794 0.449392712551
5823 0.451417004049
5825 0.453441295547
5847 0.455465587045
5855 0.457489878543
5866 0.45951417004
5882 0.461538461538
5888 0.463562753036
5908 0.465587044534
5926 0.467611336032
5937 0.46963562753
5949 0.471659919028
5969 0.473684210526
5985 0.475708502024
6005 0.477732793522
6010 0.47975708502
6032 0.481781376518
6057 0.483805668016
6072 0.485829959514
6081 0.487854251012
6083 0.48987854251
6085 0.491902834008
6121 0.493927125506
6122 0.495951417004
6137 0.497975708502
6138 0.5
6146 0.502024291498
6151 0.504048582996
6171 0.506072874494
6177 0.508097165992
6178 0.51012145749
6192 0.512145748988
6194 0.514170040486
6211 0.516194331984
6220 0.518218623482
6236 0.52024291498
6248 0.522267206478
6260 0.524291497976
6261 0.526315789474
6282 0.528340080972
6319 0.53036437247
6322 0.532388663968
6341 0.534412955466
6350 0.536437246964
6369 0.538461538462
6373 0.54048582996
6395 0.542510121457
6403 0.544534412955
6417 0.546558704453
6438 0.548582995951
6445 0.550607287449
6448 0.552631578947
6477 0.554655870445
6518 0.556680161943
6520 0.558704453441
6523 0.560728744939
6527 0.562753036437
6536 0.564777327935
6565 0.566801619433
6604 0.568825910931
6608 0.570850202429
6629 0.572874493927
6634 0.574898785425
6648 0.576923076923
6675 0.578947368421
6688 0.580971659919
6692 0.582995951417
6719 0.585020242915
6720 0.587044534413
6799 0.589068825911
6801 0.591093117409
6840 0.593117408907
6859 0.595141700405
6876 0.597165991903
6879 0.599190283401
6916 0.601214574899
6923 0.603238866397
6934 0.605263157895
6938 0.607287449393
6979 0.609311740891
7004 0.611336032389
7010 0.613360323887
7011 0.615384615385
7046 0.617408906883
7090 0.619433198381
7116 0.621457489879
7135 0.623481781377
7141 0.625506072874
7154 0.627530364372
7163 0.62955465587
7212 0.631578947368
7217 0.633603238866
7221 0.635627530364
7229 0.637651821862
7234 0.63967611336
7240 0.641700404858
7294 0.643724696356
7356 0.645748987854
7392 0.647773279352
7398 0.64979757085
7406 0.651821862348
7443 0.653846153846
7472 0.655870445344
7479 0.657894736842
7483 0.65991902834
7501 0.661943319838
7502 0.663967611336
7512 0.665991902834
7516 0.668016194332
7563 0.67004048583
7591 0.672064777328
7593 0.674089068826
7597 0.676113360324
7664 0.678137651822
7715 0.68016194332
7769 0.682186234818
7778 0.684210526316
7841 0.686234817814
7879 0.688259109312
7915 0.69028340081
7940 0.692307692308
7953 0.694331983806
7954 0.696356275304
7966 0.698380566802
7973 0.7004048583
8006 0.702429149798
8014 0.704453441296
8018 0.706477732794
8020 0.708502024291
8029 0.710526315789
8030 0.712550607287
8105 0.714574898785
8109 0.716599190283
8114 0.718623481781
8138 0.720647773279
8144 0.722672064777
8202 0.724696356275
8280 0.726720647773
8395 0.728744939271
8415 0.730769230769
8447 0.732793522267
8460 0.734817813765
8512 0.736842105263
8558 0.738866396761
8581 0.740890688259
8603 0.742914979757
8729 0.744939271255
8765 0.746963562753
8801 0.748987854251
8809 0.751012145749
8815 0.753036437247
8841 0.755060728745
8853 0.757085020243
8949 0.759109311741
8950 0.761133603239
9037 0.763157894737
9052 0.765182186235
9054 0.767206477733
9071 0.769230769231
9085 0.771255060729
9099 0.773279352227
9121 0.775303643725
9175 0.777327935223
9176 0.779352226721
9194 0.781376518219
9207 0.783400809717
9231 0.785425101215
9251 0.787449392713
9276 0.789473684211
9319 0.791497975709
9358 0.793522267206
9363 0.795546558704
9393 0.797570850202
9461 0.7995951417
9527 0.801619433198
9572 0.803643724696
9578 0.805668016194
9584 0.807692307692
9606 0.80971659919
9629 0.811740890688
9662 0.813765182186
9684 0.815789473684
9695 0.817813765182
9734 0.81983805668
9742 0.821862348178
9799 0.823886639676
9842 0.825910931174
9858 0.827935222672
9928 0.82995951417
9966 0.831983805668
9982 0.834008097166
9998 0.836032388664
10050 0.838056680162
10086 0.84008097166
10095 0.842105263158
10122 0.844129554656
10158 0.846153846154
10251 0.848178137652
10265 0.85020242915
10327 0.852226720648
10465 0.854251012146
10505 0.856275303644
10587 0.858299595142
10628 0.86032388664
10644 0.862348178138
10769 0.864372469636
10770 0.866396761134
10806 0.868421052632
11043 0.87044534413
11133 0.872469635628
11141 0.874493927126
11172 0.876518218623
11191 0.878542510121
11205 0.880566801619
11215 0.882591093117
11246 0.884615384615
11319 0.886639676113
11397 0.888663967611
11514 0.890688259109
11527 0.892712550607
11574 0.894736842105
11731 0.896761133603
11755 0.898785425101
11769 0.900809716599
11841 0.902834008097
12051 0.904858299595
12053 0.906882591093
12080 0.908906882591
12081 0.910931174089
12295 0.912955465587
12316 0.914979757085
12444 0.917004048583
12483 0.919028340081
12680 0.921052631579
12740 0.923076923077
12798 0.925101214575
12835 0.927125506073
12836 0.929149797571
12860 0.931174089069
13002 0.933198380567
13140 0.935222672065
13175 0.937246963563
13193 0.939271255061
13252 0.941295546559
13276 0.943319838057
13471 0.945344129555
13551 0.947368421053
13614 0.949392712551
13635 0.951417004049
13911 0.953441295547
14107 0.955465587045
14246 0.957489878543
14273 0.95951417004
14872 0.961538461538
15179 0.963562753036
15315 0.965587044534
15533 0.967611336032
15893 0.96963562753
15931 0.971659919028
16025 0.973684210526
16786 0.975708502024
16994 0.977732793522
17601 0.97975708502
17629 0.981781376518
17632 0.983805668016
18614 0.985829959514
18958 0.987854251012
19624 0.98987854251
27746 0.991902834008
75783 0.993927125506
84684 0.995951417004
125420 0.997975708502
423105 1.0
