204 0.00204081632653
675 0.00408163265306
1830 0.00612244897959
1958 0.00816326530612
2224 0.0102040816327
2464 0.0122448979592
2558 0.0142857142857
2764 0.0163265306122
2906 0.0183673469388
3023 0.0204081632653
3062 0.0224489795918
3633 0.0244897959184
3812 0.0265306122449
3932 0.0285714285714
4006 0.030612244898
4180 0.0326530612245
4209 0.034693877551
4646 0.0367346938776
4862 0.0387755102041
5361 0.0408163265306
5373 0.0428571428571
5395 0.0448979591837
5466 0.0469387755102
5508 0.0489795918367
5654 0.0510204081633
5770 0.0530612244898
5954 0.0551020408163
5995 0.0571428571429
6112 0.0591836734694
6329 0.0612244897959
6333 0.0632653061224
7147 0.065306122449
7249 0.0673469387755
7262 0.069387755102
7505 0.0714285714286
7627 0.0734693877551
7721 0.0755102040816
7770 0.0775510204082
7832 0.0795918367347
7957 0.0816326530612
7971 0.0836734693878
8004 0.0857142857143
8071 0.0877551020408
8151 0.0897959183673
8997 0.0918367346939
9045 0.0938775510204
9277 0.0959183673469
9291 0.0979591836735
9464 0.1
9521 0.102040816327
9541 0.104081632653
9579 0.10612244898
9606 0.108163265306
9747 0.110204081633
9788 0.112244897959
10010 0.114285714286
10326 0.116326530612
10537 0.118367346939
10569 0.120408163265
10692 0.122448979592
10748 0.124489795918
10815 0.126530612245
10864 0.128571428571
11042 0.130612244898
11110 0.132653061224
11129 0.134693877551
11497 0.136734693878
11519 0.138775510204
11607 0.140816326531
11813 0.142857142857
11962 0.144897959184
11978 0.14693877551
12088 0.148979591837
12127 0.151020408163
12171 0.15306122449
12228 0.155102040816
12365 0.157142857143
12376 0.159183673469
12449 0.161224489796
12475 0.163265306122
12552 0.165306122449
12649 0.169387755102
12649 0.169387755102
12719 0.171428571429
12956 0.173469387755
12982 0.175510204082
13095 0.177551020408
13139 0.179591836735
13162 0.181632653061
13363 0.183673469388
13648 0.185714285714
13797 0.187755102041
13832 0.189795918367
13845 0.191836734694
14164 0.19387755102
14238 0.195918367347
14373 0.197959183673
14428 0.2
14492 0.202040816327
14550 0.204081632653
14617 0.20612244898
14709 0.208163265306
14730 0.210204081633
14775 0.212244897959
14929 0.214285714286
14962 0.216326530612
14980 0.218367346939
15020 0.220408163265
15063 0.222448979592
15318 0.224489795918
15500 0.226530612245
15601 0.228571428571
15661 0.230612244898
15662 0.232653061224
15685 0.234693877551
15833 0.236734693878
16001 0.238775510204
16019 0.240816326531
16194 0.242857142857
16282 0.244897959184
16298 0.24693877551
16361 0.248979591837
16376 0.251020408163
16406 0.25306122449
16556 0.255102040816
16572 0.257142857143
16573 0.259183673469
16726 0.261224489796
16836 0.263265306122
17441 0.265306122449
17583 0.267346938776
17594 0.269387755102
17871 0.271428571429
17981 0.273469387755
18016 0.275510204082
18031 0.277551020408
18200 0.279591836735
18231 0.281632653061
18242 0.283673469388
18361 0.285714285714
18437 0.287755102041
18493 0.289795918367
18582 0.291836734694
18727 0.29387755102
18902 0.295918367347
18928 0.297959183673
18999 0.3
19167 0.302040816327
19254 0.304081632653
19283 0.30612244898
19300 0.308163265306
19394 0.310204081633
19401 0.312244897959
19579 0.314285714286
19657 0.316326530612
19750 0.318367346939
19757 0.320408163265
19811 0.322448979592
19902 0.324489795918
20123 0.326530612245
20502 0.328571428571
20779 0.330612244898
20797 0.332653061224
20812 0.334693877551
20973 0.336734693878
21070 0.338775510204
21077 0.340816326531
21084 0.342857142857
21141 0.344897959184
21287 0.34693877551
21372 0.348979591837
21396 0.351020408163
21552 0.35306122449
21561 0.355102040816
21650 0.357142857143
21775 0.359183673469
21817 0.361224489796
21829 0.363265306122
21883 0.365306122449
21945 0.367346938776
22119 0.369387755102
22127 0.371428571429
22128 0.373469387755
22182 0.375510204082
22239 0.377551020408
22324 0.379591836735
22462 0.381632653061
22521 0.383673469388
22548 0.385714285714
22594 0.387755102041
22732 0.389795918367
22768 0.391836734694
23179 0.39387755102
23330 0.395918367347
23389 0.397959183673
23467 0.4
23507 0.402040816327
23897 0.404081632653
23940 0.40612244898
24239 0.408163265306
24423 0.410204081633
24500 0.412244897959
24586 0.414285714286
24654 0.416326530612
24753 0.418367346939
24760 0.420408163265
24767 0.422448979592
24783 0.424489795918
24877 0.426530612245
24884 0.428571428571
25021 0.430612244898
25047 0.432653061224
25075 0.434693877551
25081 0.436734693878
25512 0.438775510204
25701 0.440816326531
25828 0.442857142857
25861 0.444897959184
26109 0.44693877551
26141 0.448979591837
26159 0.451020408163
26226 0.45306122449
26254 0.455102040816
26343 0.457142857143
26425 0.459183673469
26858 0.461224489796
26900 0.463265306122
27062 0.465306122449
27192 0.467346938776
27286 0.469387755102
27445 0.471428571429
27697 0.473469387755
27780 0.475510204082
27798 0.477551020408
27840 0.479591836735
27917 0.481632653061
27933 0.483673469388
28000 0.485714285714
28011 0.487755102041
28079 0.489795918367
28124 0.491836734694
28347 0.49387755102
28366 0.495918367347
28385 0.497959183673
28589 0.5
28630 0.502040816327
28740 0.504081632653
28792 0.50612244898
28878 0.508163265306
29028 0.510204081633
29086 0.512244897959
29277 0.514285714286
29436 0.516326530612
29813 0.518367346939
29870 0.520408163265
29933 0.522448979592
30002 0.524489795918
30129 0.526530612245
30173 0.528571428571
30456 0.530612244898
30634 0.532653061224
30641 0.534693877551
30746 0.536734693878
30815 0.538775510204
31002 0.540816326531
31071 0.542857142857
31141 0.544897959184
31166 0.54693877551
31450 0.548979591837
31459 0.551020408163
31484 0.55306122449
31707 0.555102040816
31727 0.557142857143
31954 0.559183673469
31982 0.561224489796
32012 0.563265306122
32050 0.565306122449
32172 0.567346938776
32191 0.569387755102
32199 0.571428571429
32419 0.573469387755
32522 0.575510204082
32741 0.577551020408
32850 0.579591836735
32920 0.581632653061
32927 0.583673469388
33310 0.585714285714
33407 0.587755102041
33479 0.589795918367
33543 0.591836734694
33596 0.59387755102
34026 0.595918367347
34047 0.597959183673
34204 0.6
34634 0.602040816327
34636 0.604081632653
34657 0.60612244898
34874 0.608163265306
35110 0.610204081633
35132 0.612244897959
35176 0.614285714286
35574 0.616326530612
35699 0.618367346939
35820 0.620408163265
36047 0.622448979592
36165 0.624489795918
36777 0.626530612245
36921 0.628571428571
37054 0.630612244898
37069 0.632653061224
37114 0.634693877551
37764 0.636734693878
37815 0.638775510204
37873 0.640816326531
37955 0.642857142857
38173 0.644897959184
38200 0.64693877551
38712 0.648979591837
38823 0.651020408163
39009 0.65306122449
39120 0.655102040816
39175 0.657142857143
39359 0.659183673469
39365 0.661224489796
39444 0.665306122449
39444 0.665306122449
39705 0.667346938776
39736 0.669387755102
39793 0.671428571429
39850 0.673469387755
39982 0.675510204082
39989 0.677551020408
40013 0.679591836735
40059 0.681632653061
40096 0.683673469388
40209 0.685714285714
40440 0.687755102041
40858 0.689795918367
41019 0.691836734694
41752 0.69387755102
42018 0.695918367347
42097 0.697959183673
42551 0.7
42916 0.702040816327
43056 0.704081632653
43206 0.70612244898
43257 0.708163265306
43267 0.710204081633
43343 0.712244897959
43345 0.714285714286
43572 0.716326530612
43728 0.718367346939
43822 0.720408163265
43830 0.722448979592
43871 0.724489795918
44302 0.726530612245
44338 0.728571428571
44399 0.730612244898
44554 0.732653061224
44607 0.734693877551
44747 0.736734693878
44803 0.738775510204
44906 0.740816326531
45091 0.742857142857
45234 0.744897959184
45246 0.74693877551
45733 0.748979591837
45777 0.751020408163
45978 0.75306122449
46245 0.755102040816
46371 0.757142857143
46375 0.759183673469
46377 0.761224489796
46852 0.763265306122
46859 0.765306122449
47194 0.767346938776
47274 0.769387755102
47745 0.771428571429
47799 0.773469387755
47956 0.775510204082
48086 0.777551020408
48135 0.779591836735
48189 0.781632653061
48282 0.783673469388
48491 0.785714285714
48701 0.787755102041
48793 0.789795918367
48817 0.791836734694
48988 0.79387755102
49223 0.795918367347
49331 0.797959183673
49722 0.8
49837 0.802040816327
49841 0.804081632653
50195 0.80612244898
50235 0.808163265306
50596 0.810204081633
50626 0.812244897959
51230 0.814285714286
51991 0.816326530612
52076 0.818367346939
52196 0.820408163265
53026 0.822448979592
53126 0.824489795918
53151 0.826530612245
53242 0.828571428571
53469 0.830612244898
53630 0.832653061224
54568 0.834693877551
55173 0.836734693878
55478 0.838775510204
55785 0.840816326531
56518 0.842857142857
57565 0.844897959184
57798 0.84693877551
57825 0.848979591837
59004 0.851020408163
59007 0.85306122449
59139 0.855102040816
59303 0.857142857143
60541 0.859183673469
60770 0.861224489796
60802 0.863265306122
61395 0.865306122449
61866 0.867346938776
63275 0.869387755102
63315 0.871428571429
63445 0.873469387755
64251 0.875510204082
66669 0.877551020408
67676 0.879591836735
67930 0.881632653061
67942 0.883673469388
68240 0.885714285714
69023 0.887755102041
69178 0.889795918367
69441 0.891836734694
70352 0.89387755102
72080 0.895918367347
73303 0.897959183673
73909 0.9
77847 0.902040816327
79556 0.904081632653
81057 0.90612244898
81261 0.908163265306
82554 0.910204081633
85599 0.912244897959
87881 0.914285714286
89281 0.916326530612
90353 0.918367346939
92844 0.920408163265
94057 0.922448979592
95117 0.924489795918
99637 0.926530612245
109656 0.928571428571
109771 0.930612244898
113434 0.932653061224
114600 0.934693877551
117677 0.936734693878
118976 0.938775510204
119843 0.940816326531
122654 0.942857142857
123518 0.944897959184
124105 0.94693877551
124249 0.948979591837
124385 0.951020408163
126258 0.95306122449
126259 0.955102040816
127141 0.957142857143
128058 0.959183673469
134197 0.961224489796
135924 0.963265306122
137227 0.965306122449
140985 0.967346938776
149942 0.969387755102
158502 0.971428571429
168821 0.973469387755
174639 0.975510204082
178644 0.977551020408
181242 0.979591836735
182190 0.981632653061
186848 0.983673469388
189827 0.985714285714
227339 0.987755102041
231546 0.989795918367
264995 0.991836734694
266329 0.99387755102
284284 0.995918367347
441594 0.997959183673
478967 1.0
