49 0.0020202020202
542 0.0040404040404
606 0.00606060606061
728 0.00808080808081
856 0.010101010101
912 0.0121212121212
923 0.0141414141414
1102 0.0161616161616
1148 0.0181818181818
1257 0.020202020202
1284 0.0222222222222
1313 0.0242424242424
1328 0.0262626262626
1333 0.0282828282828
1341 0.030303030303
1386 0.0323232323232
1398 0.0343434343434
1406 0.0363636363636
1470 0.0383838383838
1483 0.040404040404
1533 0.0424242424242
1554 0.0444444444444
1575 0.0464646464646
1596 0.0484848484848
1622 0.0505050505051
1691 0.0525252525253
1693 0.0545454545455
1707 0.0565656565657
1723 0.0585858585859
1724 0.0606060606061
1752 0.0626262626263
1777 0.0646464646465
1786 0.0666666666667
1801 0.0686868686869
1803 0.0707070707071
1805 0.0727272727273
1855 0.0747474747475
1857 0.0767676767677
1880 0.0787878787879
1896 0.0808080808081
1910 0.0828282828283
1921 0.0848484848485
1942 0.0868686868687
1981 0.0888888888889
1985 0.0909090909091
1990 0.0929292929293
1994 0.0949494949495
2005 0.0969696969697
2008 0.0989898989899
2036 0.10101010101
2040 0.10303030303
2059 0.105050505051
2072 0.107070707071
2107 0.109090909091
2119 0.111111111111
2154 0.113131313131
2173 0.115151515152
2179 0.117171717172
2189 0.119191919192
2201 0.121212121212
2204 0.123232323232
2207 0.125252525253
2214 0.127272727273
2272 0.129292929293
2280 0.131313131313
2282 0.133333333333
2292 0.135353535354
2295 0.137373737374
2306 0.139393939394
2313 0.141414141414
2317 0.143434343434
2319 0.145454545455
2351 0.147474747475
2361 0.149494949495
2367 0.153535353535
2367 0.153535353535
2368 0.155555555556
2429 0.157575757576
2433 0.159595959596
2439 0.161616161616
2458 0.163636363636
2464 0.165656565657
2467 0.167676767677
2468 0.169696969697
2477 0.171717171717
2481 0.173737373737
2485 0.175757575758
2488 0.177777777778
2500 0.179797979798
2515 0.181818181818
2525 0.183838383838
2530 0.185858585859
2533 0.187878787879
2556 0.189898989899
2569 0.193939393939
2569 0.193939393939
2587 0.19595959596
2594 0.19797979798
2625 0.2
2635 0.20202020202
2642 0.20404040404
2650 0.206060606061
2657 0.208080808081
2694 0.210101010101
2700 0.212121212121
2709 0.214141414141
2717 0.218181818182
2717 0.218181818182
2719 0.220202020202
2729 0.222222222222
2741 0.224242424242
2742 0.226262626263
2751 0.228282828283
2758 0.230303030303
2785 0.232323232323
2808 0.234343434343
2856 0.236363636364
2857 0.238383838384
2862 0.240404040404
2878 0.242424242424
2892 0.246464646465
2892 0.246464646465
2904 0.248484848485
2920 0.250505050505
2923 0.252525252525
2933 0.254545454545
2938 0.256565656566
2955 0.258585858586
2967 0.260606060606
2973 0.262626262626
2976 0.264646464646
2983 0.266666666667
2986 0.268686868687
3022 0.270707070707
3026 0.272727272727
3032 0.274747474747
3037 0.276767676768
3042 0.278787878788
3048 0.280808080808
3050 0.282828282828
3052 0.284848484848
3059 0.286868686869
3063 0.288888888889
3070 0.290909090909
3071 0.292929292929
3072 0.294949494949
3089 0.29696969697
3103 0.29898989899
3112 0.30303030303
3112 0.30303030303
3116 0.305050505051
3123 0.307070707071
3140 0.309090909091
3156 0.311111111111
3158 0.313131313131
3163 0.315151515152
3165 0.317171717172
3187 0.319191919192
3197 0.323232323232
3197 0.323232323232
3200 0.325252525253
3204 0.327272727273
3211 0.329292929293
3243 0.331313131313
3248 0.335353535354
3248 0.335353535354
3256 0.337373737374
3259 0.339393939394
3279 0.341414141414
3300 0.345454545455
3300 0.345454545455
3301 0.347474747475
3312 0.349494949495
3374 0.353535353535
3374 0.353535353535
3384 0.357575757576
3384 0.357575757576
3426 0.359595959596
3436 0.361616161616
3440 0.363636363636
3480 0.365656565657
3500 0.367676767677
3518 0.369696969697
3523 0.371717171717
3580 0.373737373737
3584 0.375757575758
3598 0.377777777778
3600 0.379797979798
3606 0.381818181818
3609 0.383838383838
3620 0.385858585859
3634 0.387878787879
3635 0.389898989899
3655 0.391919191919
3689 0.393939393939
3697 0.39595959596
3706 0.39797979798
3728 0.4
3734 0.40202020202
3748 0.40404040404
3766 0.406060606061
3768 0.408080808081
3772 0.410101010101
3773 0.412121212121
3798 0.414141414141
3820 0.416161616162
3830 0.418181818182
3831 0.420202020202
3836 0.422222222222
3849 0.424242424242
3858 0.426262626263
3871 0.428282828283
3885 0.430303030303
3886 0.432323232323
3904 0.434343434343
3911 0.436363636364
3943 0.438383838384
3963 0.440404040404
3974 0.442424242424
4026 0.444444444444
4029 0.446464646465
4035 0.450505050505
4035 0.450505050505
4069 0.452525252525
4075 0.454545454545
4092 0.456565656566
4096 0.458585858586
4108 0.460606060606
4111 0.462626262626
4121 0.466666666667
4121 0.466666666667
4138 0.468686868687
4160 0.470707070707
4167 0.472727272727
4168 0.474747474747
4174 0.476767676768
4176 0.478787878788
4213 0.480808080808
4214 0.482828282828
4230 0.484848484848
4246 0.486868686869
4253 0.488888888889
4264 0.490909090909
4276 0.492929292929
4297 0.494949494949
4302 0.49696969697
4304 0.49898989899
4322 0.50101010101
4324 0.50303030303
4326 0.505050505051
4333 0.507070707071
4345 0.509090909091
4349 0.511111111111
4356 0.513131313131
4371 0.517171717172
4371 0.517171717172
4395 0.519191919192
4424 0.521212121212
4474 0.523232323232
4480 0.525252525253
4487 0.527272727273
4516 0.529292929293
4531 0.531313131313
4534 0.533333333333
4538 0.535353535354
4541 0.537373737374
4547 0.539393939394
4569 0.541414141414
4584 0.543434343434
4585 0.545454545455
4632 0.547474747475
4640 0.549494949495
4655 0.551515151515
4658 0.553535353535
4659 0.555555555556
4676 0.557575757576
4677 0.559595959596
4704 0.561616161616
4705 0.563636363636
4708 0.565656565657
4739 0.567676767677
4748 0.569696969697
4756 0.571717171717
4764 0.575757575758
4764 0.575757575758
4771 0.577777777778
4777 0.579797979798
4827 0.583838383838
4827 0.583838383838
4831 0.585858585859
4850 0.587878787879
4878 0.589898989899
4888 0.591919191919
4889 0.593939393939
4892 0.59595959596
4908 0.59797979798
4914 0.6
4926 0.60202020202
4941 0.60404040404
4956 0.606060606061
4967 0.608080808081
5007 0.610101010101
5022 0.612121212121
5044 0.614141414141
5046 0.616161616162
5052 0.618181818182
5059 0.620202020202
5065 0.622222222222
5080 0.624242424242
5110 0.626262626263
5111 0.628282828283
5136 0.630303030303
5146 0.632323232323
5172 0.634343434343
5179 0.636363636364
5182 0.638383838384
5247 0.640404040404
5271 0.642424242424
5297 0.644444444444
5316 0.646464646465
5325 0.648484848485
5466 0.650505050505
5474 0.652525252525
5484 0.654545454545
5507 0.656565656566
5535 0.658585858586
5558 0.660606060606
5559 0.662626262626
5585 0.664646464646
5598 0.666666666667
5612 0.668686868687
5629 0.670707070707
5632 0.672727272727
5681 0.674747474747
5699 0.676767676768
5724 0.678787878788
5777 0.680808080808
5826 0.682828282828
5836 0.684848484848
5868 0.686868686869
5879 0.688888888889
5883 0.690909090909
5890 0.692929292929
5892 0.694949494949
5894 0.69696969697
5904 0.69898989899
5915 0.70101010101
5917 0.70303030303
5919 0.705050505051
5932 0.707070707071
5966 0.709090909091
5968 0.711111111111
6035 0.713131313131
6071 0.715151515152
6089 0.717171717172
6101 0.719191919192
6176 0.721212121212
6201 0.723232323232
6212 0.725252525253
6240 0.727272727273
6273 0.729292929293
6295 0.731313131313
6310 0.733333333333
6350 0.735353535354
6390 0.737373737374
6398 0.739393939394
6409 0.741414141414
6427 0.743434343434
6431 0.745454545455
6439 0.747474747475
6459 0.749494949495
6487 0.751515151515
6502 0.753535353535
6587 0.755555555556
6656 0.757575757576
6728 0.759595959596
6754 0.761616161616
6807 0.763636363636
6816 0.765656565657
6830 0.767676767677
6918 0.771717171717
6918 0.771717171717
6929 0.773737373737
6956 0.775757575758
6981 0.777777777778
7063 0.779797979798
7136 0.781818181818
7227 0.783838383838
7257 0.785858585859
7274 0.787878787879
7280 0.789898989899
7316 0.791919191919
7365 0.793939393939
7373 0.79595959596
7394 0.79797979798
7404 0.8
7547 0.80202020202
7553 0.80404040404
7583 0.806060606061
7592 0.808080808081
7624 0.810101010101
7720 0.812121212121
7805 0.814141414141
7839 0.816161616162
7851 0.818181818182
7872 0.820202020202
7918 0.822222222222
8004 0.824242424242
8011 0.826262626263
8092 0.828282828283
8093 0.830303030303
8094 0.832323232323
8102 0.834343434343
8103 0.836363636364
8152 0.838383838384
8168 0.840404040404
8214 0.842424242424
8215 0.844444444444
8231 0.846464646465
8278 0.848484848485
8307 0.850505050505
8342 0.852525252525
8344 0.854545454545
8358 0.858585858586
8358 0.858585858586
8371 0.860606060606
8375 0.862626262626
8381 0.864646464646
8528 0.866666666667
8541 0.868686868687
8543 0.870707070707
8646 0.872727272727
8652 0.874747474747
8671 0.876767676768
8739 0.878787878788
8873 0.880808080808
8947 0.882828282828
8961 0.884848484848
9048 0.886868686869
9183 0.888888888889
9257 0.890909090909
9401 0.892929292929
9563 0.894949494949
9566 0.89696969697
9624 0.89898989899
9794 0.90101010101
9811 0.90303030303
9832 0.905050505051
9914 0.907070707071
10003 0.909090909091
10092 0.911111111111
10177 0.913131313131
10190 0.915151515152
10240 0.917171717172
10282 0.919191919192
10290 0.921212121212
10310 0.923232323232
10474 0.925252525253
10485 0.927272727273
10550 0.929292929293
10573 0.931313131313
11069 0.933333333333
11136 0.935353535354
11445 0.937373737374
11455 0.939393939394
11566 0.941414141414
11571 0.943434343434
11675 0.945454545455
11841 0.947474747475
11849 0.949494949495
12375 0.951515151515
12463 0.953535353535
12552 0.955555555556
12675 0.957575757576
12737 0.959595959596
12890 0.961616161616
13180 0.963636363636
13664 0.965656565657
14321 0.967676767677
14958 0.969696969697
14967 0.971717171717
15320 0.973737373737
16089 0.975757575758
16517 0.977777777778
16694 0.979797979798
18038 0.981818181818
18670 0.983838383838
27442 0.985858585859
75557 0.987878787879
104810 0.989898989899
116597 0.991919191919
127160 0.993939393939
151832 0.99595959596
453841 0.99797979798
2178915 1.0
