39 0.00202429149798
1514 0.00404858299595
1700 0.00607287449393
1730 0.0080971659919
1844 0.0101214574899
2031 0.0121457489879
2079 0.0141700404858
2192 0.0161943319838
2448 0.0182186234818
2651 0.0202429149798
2668 0.0222672064777
2844 0.0242914979757
2929 0.0263157894737
2994 0.0283400809717
3003 0.0303643724696
3023 0.0323886639676
3151 0.0344129554656
3160 0.0364372469636
3237 0.0384615384615
3259 0.0404858299595
3268 0.0425101214575
3316 0.0445344129555
3381 0.0465587044534
3412 0.0506072874494
3412 0.0506072874494
3438 0.0526315789474
3479 0.0546558704453
3501 0.0566801619433
3514 0.0587044534413
3525 0.0607287449393
3551 0.0627530364372
3558 0.0647773279352
3566 0.0668016194332
3595 0.0688259109312
3641 0.0708502024291
3874 0.0728744939271
3875 0.0748987854251
3876 0.0769230769231
3878 0.0789473684211
3907 0.080971659919
3909 0.082995951417
4104 0.085020242915
4131 0.087044534413
4136 0.0890688259109
4184 0.0910931174089
4289 0.0931174089069
4323 0.0951417004049
4376 0.0971659919028
4380 0.0991902834008
4385 0.101214574899
4470 0.103238866397
4571 0.105263157895
4584 0.107287449393
4599 0.109311740891
4696 0.111336032389
4705 0.113360323887
4728 0.115384615385
4737 0.117408906883
4747 0.119433198381
4780 0.121457489879
4854 0.123481781377
4873 0.125506072874
4960 0.127530364372
4971 0.12955465587
4977 0.131578947368
4986 0.133603238866
4990 0.135627530364
5001 0.137651821862
5038 0.13967611336
5043 0.141700404858
5086 0.143724696356
5100 0.145748987854
5127 0.147773279352
5132 0.14979757085
5166 0.151821862348
5183 0.153846153846
5213 0.155870445344
5228 0.157894736842
5298 0.15991902834
5330 0.161943319838
5373 0.163967611336
5398 0.165991902834
5406 0.168016194332
5407 0.17004048583
5421 0.172064777328
5422 0.174089068826
5454 0.176113360324
5466 0.178137651822
5525 0.18016194332
5543 0.182186234818
5580 0.184210526316
5584 0.186234817814
5588 0.188259109312
5607 0.19028340081
5613 0.192307692308
5627 0.194331983806
5628 0.196356275304
5640 0.198380566802
5660 0.2004048583
5672 0.202429149798
5692 0.204453441296
5709 0.206477732794
5812 0.208502024291
5841 0.210526315789
5881 0.212550607287
5883 0.214574898785
5885 0.216599190283
5892 0.218623481781
5909 0.220647773279
5911 0.222672064777
5933 0.224696356275
5943 0.226720647773
5984 0.228744939271
5992 0.230769230769
6013 0.232793522267
6035 0.234817813765
6053 0.238866396761
6053 0.238866396761
6100 0.240890688259
6103 0.242914979757
6120 0.244939271255
6142 0.246963562753
6145 0.248987854251
6182 0.251012145749
6196 0.253036437247
6201 0.255060728745
6227 0.257085020243
6237 0.259109311741
6244 0.261133603239
6266 0.263157894737
6290 0.265182186235
6310 0.267206477733
6346 0.269230769231
6349 0.271255060729
6369 0.273279352227
6403 0.275303643725
6450 0.277327935223
6452 0.279352226721
6464 0.283400809717
6464 0.283400809717
6476 0.285425101215
6482 0.287449392713
6516 0.289473684211
6543 0.291497975709
6566 0.293522267206
6591 0.295546558704
6595 0.297570850202
6596 0.2995951417
6606 0.301619433198
6617 0.303643724696
6630 0.305668016194
6644 0.307692307692
6647 0.30971659919
6709 0.311740890688
6716 0.313765182186
6726 0.315789473684
6728 0.317813765182
6775 0.31983805668
6786 0.321862348178
6794 0.323886639676
6844 0.325910931174
6869 0.327935222672
6870 0.32995951417
6878 0.331983805668
6920 0.334008097166
6944 0.336032388664
6968 0.338056680162
6978 0.34008097166
7008 0.342105263158
7041 0.344129554656
7054 0.346153846154
7070 0.348178137652
7099 0.35020242915
7118 0.352226720648
7126 0.354251012146
7131 0.356275303644
7133 0.358299595142
7137 0.36032388664
7159 0.362348178138
7169 0.364372469636
7206 0.366396761134
7242 0.368421052632
7249 0.37044534413
7256 0.372469635628
7344 0.374493927126
7351 0.376518218623
7373 0.378542510121
7421 0.380566801619
7427 0.382591093117
7447 0.384615384615
7449 0.386639676113
7494 0.388663967611
7559 0.390688259109
7581 0.392712550607
7602 0.394736842105
7604 0.396761133603
7623 0.398785425101
7649 0.400809716599
7687 0.404858299595
7687 0.404858299595
7828 0.406882591093
7833 0.408906882591
7888 0.410931174089
7892 0.412955465587
7898 0.414979757085
7903 0.417004048583
7956 0.419028340081
7994 0.421052631579
7999 0.423076923077
8055 0.425101214575
8057 0.427125506073
8074 0.429149797571
8092 0.433198380567
8092 0.433198380567
8100 0.435222672065
8103 0.437246963563
8164 0.439271255061
8212 0.441295546559
8234 0.443319838057
8243 0.445344129555
8252 0.447368421053
8279 0.449392712551
8310 0.451417004049
8313 0.453441295547
8345 0.455465587045
8378 0.457489878543
8467 0.45951417004
8470 0.461538461538
8483 0.463562753036
8486 0.465587044534
8488 0.467611336032
8508 0.46963562753
8558 0.471659919028
8587 0.473684210526
8598 0.475708502024
8650 0.477732793522
8673 0.47975708502
8714 0.481781376518
8732 0.483805668016
8737 0.485829959514
8759 0.487854251012
8780 0.48987854251
8786 0.491902834008
8819 0.493927125506
8847 0.495951417004
8860 0.497975708502
8867 0.5
8925 0.502024291498
8974 0.504048582996
9002 0.506072874494
9063 0.508097165992
9076 0.51012145749
9078 0.512145748988
9158 0.514170040486
9178 0.516194331984
9206 0.518218623482
9220 0.52024291498
9222 0.522267206478
9267 0.524291497976
9268 0.526315789474
9275 0.528340080972
9298 0.53036437247
9310 0.532388663968
9321 0.534412955466
9330 0.536437246964
9418 0.538461538462
9419 0.54048582996
9422 0.542510121457
9453 0.544534412955
9534 0.546558704453
9561 0.548582995951
9596 0.550607287449
9624 0.552631578947
9628 0.554655870445
9656 0.556680161943
9660 0.558704453441
9689 0.560728744939
9734 0.562753036437
9755 0.564777327935
9868 0.566801619433
9870 0.568825910931
9901 0.570850202429
9914 0.572874493927
9942 0.574898785425
9983 0.576923076923
10118 0.578947368421
10177 0.580971659919
10182 0.582995951417
10184 0.585020242915
10191 0.587044534413
10197 0.589068825911
10210 0.591093117409
10231 0.593117408907
10274 0.595141700405
10295 0.597165991903
10302 0.599190283401
10308 0.601214574899
10318 0.603238866397
10325 0.605263157895
10329 0.607287449393
10374 0.609311740891
10431 0.611336032389
10432 0.613360323887
10455 0.615384615385
10496 0.617408906883
10532 0.619433198381
10563 0.621457489879
10583 0.623481781377
10641 0.625506072874
10644 0.627530364372
10668 0.62955465587
10669 0.631578947368
10684 0.633603238866
10685 0.635627530364
10709 0.637651821862
10725 0.63967611336
10742 0.641700404858
10757 0.643724696356
10797 0.645748987854
10799 0.647773279352
10823 0.64979757085
10852 0.651821862348
10853 0.653846153846
10854 0.655870445344
10864 0.657894736842
10901 0.65991902834
10915 0.661943319838
11006 0.663967611336
11008 0.665991902834
11014 0.668016194332
11042 0.67004048583
11067 0.672064777328
11081 0.674089068826
11092 0.676113360324
11096 0.678137651822
11216 0.68016194332
11514 0.682186234818
11612 0.684210526316
11622 0.686234817814
11625 0.69028340081
11625 0.69028340081
11656 0.692307692308
11721 0.694331983806
11728 0.696356275304
11736 0.698380566802
11828 0.7004048583
11844 0.702429149798
11913 0.704453441296
11947 0.706477732794
11975 0.708502024291
11985 0.710526315789
11999 0.712550607287
12024 0.714574898785
12078 0.716599190283
12095 0.718623481781
12097 0.720647773279
12188 0.722672064777
12239 0.724696356275
12261 0.726720647773
12268 0.728744939271
12272 0.730769230769
12290 0.732793522267
12423 0.734817813765
12507 0.736842105263
12544 0.738866396761
12584 0.740890688259
12589 0.742914979757
12607 0.744939271255
12651 0.746963562753
12683 0.748987854251
12717 0.751012145749
12731 0.753036437247
12754 0.755060728745
12880 0.757085020243
12960 0.759109311741
12975 0.761133603239
13061 0.763157894737
13065 0.765182186235
13153 0.767206477733
13239 0.769230769231
13370 0.771255060729
13524 0.773279352227
13525 0.775303643725
13563 0.777327935223
13603 0.779352226721
13635 0.781376518219
13673 0.783400809717
13770 0.785425101215
13795 0.787449392713
13918 0.789473684211
13951 0.791497975709
13977 0.793522267206
13999 0.795546558704
14026 0.797570850202
14027 0.7995951417
14040 0.801619433198
14083 0.803643724696
14119 0.805668016194
14136 0.807692307692
14266 0.80971659919
14315 0.811740890688
14322 0.813765182186
14494 0.815789473684
14562 0.817813765182
14573 0.81983805668
14703 0.821862348178
14727 0.823886639676
14801 0.825910931174
14883 0.827935222672
14980 0.82995951417
14993 0.831983805668
15017 0.834008097166
15040 0.836032388664
15158 0.838056680162
15209 0.84008097166
15245 0.842105263158
15383 0.844129554656
15447 0.846153846154
15493 0.848178137652
15546 0.85020242915
15561 0.852226720648
15675 0.854251012146
15806 0.856275303644
15874 0.858299595142
15935 0.86032388664
16194 0.862348178138
16299 0.864372469636
16541 0.866396761134
16625 0.868421052632
16790 0.87044534413
17133 0.872469635628
17162 0.874493927126
17244 0.876518218623
17283 0.878542510121
17297 0.880566801619
17407 0.882591093117
17716 0.884615384615
17871 0.886639676113
17894 0.888663967611
17958 0.890688259109
18009 0.892712550607
18025 0.894736842105
18230 0.896761133603
18286 0.898785425101
18341 0.900809716599
19004 0.902834008097
19064 0.904858299595
19127 0.906882591093
19802 0.908906882591
19851 0.910931174089
20281 0.912955465587
20744 0.914979757085
20745 0.917004048583
20760 0.919028340081
20802 0.921052631579
21452 0.923076923077
21581 0.925101214575
22461 0.927125506073
22587 0.929149797571
22725 0.931174089069
23530 0.933198380567
23684 0.935222672065
23716 0.937246963563
23840 0.939271255061
24128 0.941295546559
24458 0.943319838057
24869 0.945344129555
25725 0.947368421053
25932 0.949392712551
26457 0.951417004049
26592 0.953441295547
26749 0.955465587045
26755 0.957489878543
26954 0.95951417004
28529 0.961538461538
29270 0.963562753036
29462 0.965587044534
29821 0.967611336032
30007 0.96963562753
33860 0.971659919028
36129 0.973684210526
38033 0.975708502024
38250 0.977732793522
38317 0.97975708502
40170 0.981781376518
40592 0.983805668016
44041 0.985829959514
51931 0.987854251012
54321 0.98987854251
73062 0.991902834008
80539 0.993927125506
123819 0.995951417004
125113 0.997975708502
399173 1.0
