176 0.00202839756592
1041 0.00405679513185
1868 0.00608519269777
2082 0.00811359026369
2176 0.0101419878296
2273 0.0121703853955
2492 0.0141987829615
2780 0.0162271805274
3121 0.0182555780933
3195 0.0202839756592
3364 0.0223123732252
3394 0.0243407707911
3527 0.026369168357
3682 0.0283975659229
3893 0.0304259634888
3919 0.0324543610548
3956 0.0344827586207
3973 0.0365111561866
4019 0.0385395537525
4054 0.0405679513185
4072 0.0425963488844
4199 0.0446247464503
4279 0.0466531440162
4394 0.0486815415822
4412 0.0507099391481
4656 0.052738336714
4662 0.0547667342799
4689 0.0567951318458
4715 0.0588235294118
4749 0.0608519269777
4816 0.0628803245436
4838 0.0649087221095
4902 0.0669371196755
5117 0.0689655172414
5151 0.0709939148073
5153 0.0730223123732
5251 0.0750507099391
5265 0.0770791075051
5323 0.079107505071
5329 0.0811359026369
5373 0.0831643002028
5389 0.0851926977688
5426 0.0872210953347
5614 0.0892494929006
5705 0.0912778904665
5781 0.0933062880325
5881 0.0953346855984
5939 0.0973630831643
5968 0.0993914807302
6002 0.101419878296
6157 0.103448275862
6199 0.105476673428
6237 0.107505070994
6311 0.10953346856
6315 0.111561866126
6384 0.113590263692
6392 0.115618661258
6454 0.117647058824
6517 0.119675456389
6581 0.121703853955
6647 0.123732251521
6779 0.125760649087
6780 0.127789046653
6784 0.129817444219
7007 0.131845841785
7008 0.133874239351
7009 0.135902636917
7017 0.137931034483
7021 0.139959432049
7032 0.141987829615
7092 0.144016227181
7116 0.146044624746
7187 0.148073022312
7260 0.150101419878
7299 0.152129817444
7378 0.15415821501
7390 0.156186612576
7503 0.158215010142
7582 0.160243407708
7607 0.162271805274
7614 0.16430020284
7636 0.166328600406
7707 0.168356997972
7723 0.170385395538
7804 0.172413793103
7808 0.174442190669
7810 0.176470588235
7820 0.178498985801
7880 0.180527383367
7907 0.182555780933
7931 0.184584178499
7958 0.186612576065
7960 0.188640973631
7982 0.190669371197
7989 0.192697768763
8079 0.194726166329
8113 0.196754563895
8175 0.19878296146
8196 0.200811359026
8237 0.202839756592
8246 0.204868154158
8253 0.206896551724
8281 0.20892494929
8352 0.210953346856
8353 0.212981744422
8372 0.215010141988
8381 0.217038539554
8458 0.21906693712
8509 0.221095334686
8554 0.223123732252
8560 0.225152129817
8592 0.227180527383
8625 0.229208924949
8636 0.231237322515
8681 0.233265720081
8707 0.235294117647
8797 0.237322515213
8804 0.239350912779
8811 0.241379310345
8845 0.243407707911
8871 0.245436105477
8891 0.247464503043
8928 0.249492900609
8964 0.251521298174
8982 0.25354969574
8985 0.255578093306
8989 0.257606490872
9000 0.259634888438
9052 0.261663286004
9057 0.26369168357
9153 0.265720081136
9154 0.267748478702
9161 0.269776876268
9166 0.271805273834
9167 0.2738336714
9217 0.275862068966
9236 0.277890466531
9305 0.279918864097
9330 0.281947261663
9370 0.283975659229
9375 0.286004056795
9384 0.288032454361
9427 0.290060851927
9433 0.292089249493
9472 0.294117647059
9483 0.296146044625
9503 0.298174442191
9567 0.300202839757
9618 0.302231237323
9690 0.304259634888
9724 0.306288032454
9731 0.30831643002
9739 0.310344827586
9786 0.312373225152
9839 0.314401622718
9852 0.316430020284
9858 0.31845841785
9937 0.320486815416
9978 0.322515212982
9983 0.324543610548
10007 0.326572008114
10009 0.32860040568
10158 0.330628803245
10187 0.332657200811
10201 0.334685598377
10552 0.336713995943
10618 0.338742393509
10627 0.340770791075
10633 0.342799188641
10642 0.344827586207
10649 0.346855983773
10654 0.348884381339
10731 0.350912778905
10747 0.352941176471
10790 0.354969574037
10855 0.356997971602
10874 0.359026369168
10881 0.361054766734
10979 0.3630831643
11000 0.365111561866
11055 0.367139959432
11069 0.369168356998
11144 0.371196754564
11182 0.37322515213
11196 0.375253549696
11285 0.377281947262
11328 0.379310344828
11376 0.381338742394
11419 0.383367139959
11445 0.385395537525
11500 0.387423935091
11511 0.389452332657
11521 0.391480730223
11582 0.393509127789
11583 0.395537525355
11620 0.397565922921
11702 0.399594320487
11766 0.401622718053
11778 0.403651115619
11821 0.405679513185
11836 0.407707910751
11918 0.409736308316
11934 0.411764705882
11975 0.413793103448
11979 0.415821501014
12135 0.41784989858
12195 0.419878296146
12243 0.421906693712
12284 0.423935091278
12295 0.425963488844
12337 0.42799188641
12338 0.430020283976
12366 0.432048681542
12400 0.434077079108
12449 0.436105476673
12469 0.438133874239
12514 0.440162271805
12583 0.442190669371
12645 0.444219066937
12657 0.446247464503
12677 0.448275862069
12733 0.450304259635
12820 0.452332657201
12838 0.454361054767
12850 0.456389452333
12892 0.458417849899
12931 0.460446247465
13002 0.46247464503
13039 0.464503042596
13049 0.466531440162
13065 0.468559837728
13076 0.470588235294
13125 0.47261663286
13187 0.474645030426
13191 0.476673427992
13230 0.478701825558
13236 0.480730223124
13274 0.48275862069
13365 0.484787018256
13374 0.486815415822
13440 0.488843813387
13457 0.490872210953
13480 0.492900608519
13484 0.494929006085
13487 0.496957403651
13528 0.498985801217
13581 0.501014198783
13607 0.503042596349
13631 0.505070993915
13665 0.507099391481
13668 0.509127789047
13679 0.511156186613
13802 0.513184584178
13808 0.515212981744
13815 0.51724137931
14018 0.519269776876
14053 0.521298174442
14066 0.523326572008
14070 0.525354969574
14113 0.52738336714
14127 0.529411764706
14139 0.531440162272
14143 0.533468559838
14153 0.535496957404
14170 0.53752535497
14234 0.539553752535
14249 0.541582150101
14285 0.543610547667
14355 0.545638945233
14370 0.549695740365
14370 0.549695740365
14411 0.551724137931
14441 0.553752535497
14449 0.555780933063
14460 0.557809330629
14521 0.559837728195
14531 0.561866125761
14629 0.563894523327
14657 0.565922920892
14670 0.567951318458
14719 0.569979716024
14740 0.57200811359
14759 0.574036511156
14761 0.576064908722
14839 0.578093306288
14929 0.580121703854
14983 0.58215010142
15009 0.584178498986
15016 0.586206896552
15040 0.588235294118
15131 0.590263691684
15156 0.592292089249
15322 0.594320486815
15365 0.596348884381
15399 0.598377281947
15492 0.600405679513
15500 0.602434077079
15501 0.604462474645
15573 0.606490872211
15576 0.608519269777
15607 0.610547667343
15632 0.612576064909
15655 0.614604462475
15714 0.616632860041
15738 0.620689655172
15738 0.620689655172
15743 0.622718052738
16048 0.624746450304
16097 0.62677484787
16200 0.628803245436
16227 0.630831643002
16237 0.632860040568
16268 0.634888438134
16300 0.6369168357
16332 0.638945233266
16339 0.640973630832
16372 0.643002028398
16411 0.645030425963
16430 0.647058823529
16669 0.649087221095
16711 0.651115618661
16815 0.653144016227
16921 0.655172413793
16962 0.657200811359
16974 0.659229208925
16984 0.661257606491
17000 0.663286004057
17013 0.665314401623
17045 0.667342799189
17175 0.669371196755
17200 0.67139959432
17299 0.673427991886
17305 0.675456389452
17326 0.677484787018
17359 0.679513184584
17449 0.68154158215
17469 0.683569979716
17597 0.685598377282
17670 0.687626774848
17702 0.689655172414
17741 0.69168356998
17830 0.693711967546
18372 0.695740365112
18412 0.697768762677
18448 0.699797160243
18462 0.701825557809
18470 0.703853955375
18512 0.705882352941
18646 0.707910750507
18678 0.709939148073
18694 0.711967545639
18826 0.713995943205
18983 0.716024340771
19024 0.718052738337
19115 0.720081135903
19156 0.722109533469
19168 0.724137931034
19183 0.7261663286
19272 0.728194726166
19339 0.730223123732
19487 0.732251521298
19528 0.734279918864
19618 0.73630831643
19727 0.738336713996
19748 0.740365111562
19841 0.742393509128
19959 0.744421906694
19960 0.74645030426
19978 0.748478701826
20082 0.750507099391
20101 0.752535496957
20121 0.754563894523
20310 0.756592292089
20343 0.758620689655
20395 0.760649087221
20457 0.762677484787
20506 0.764705882353
20535 0.766734279919
20554 0.768762677485
20597 0.770791075051
20600 0.772819472617
20684 0.774847870183
20891 0.776876267748
21119 0.778904665314
21152 0.78093306288
21217 0.782961460446
21257 0.784989858012
21312 0.787018255578
21362 0.789046653144
21550 0.79107505071
21595 0.793103448276
21705 0.795131845842
21892 0.797160243408
22115 0.799188640974
22214 0.80121703854
22215 0.803245436105
22308 0.807302231237
22308 0.807302231237
22491 0.809330628803
22518 0.811359026369
22635 0.813387423935
22665 0.815415821501
22785 0.817444219067
22901 0.819472616633
22978 0.821501014199
23008 0.823529411765
23066 0.825557809331
23161 0.827586206897
23270 0.829614604462
23439 0.831643002028
23527 0.833671399594
23582 0.83569979716
23598 0.837728194726
23822 0.839756592292
23938 0.841784989858
23994 0.843813387424
24016 0.84584178499
24070 0.847870182556
24374 0.849898580122
24471 0.851926977688
24474 0.853955375254
24772 0.855983772819
24887 0.858012170385
24904 0.860040567951
24937 0.862068965517
25241 0.864097363083
25571 0.866125760649
25667 0.868154158215
25767 0.870182555781
26077 0.872210953347
26110 0.874239350913
26149 0.876267748479
26283 0.878296146045
26498 0.880324543611
26875 0.882352941176
27368 0.884381338742
27675 0.886409736308
27939 0.888438133874
28538 0.89046653144
28815 0.892494929006
28847 0.894523326572
28943 0.896551724138
29049 0.898580121704
29377 0.90060851927
29570 0.902636916836
30082 0.904665314402
30591 0.906693711968
30952 0.908722109533
31325 0.910750507099
31544 0.912778904665
31612 0.914807302231
32617 0.916835699797
32675 0.918864097363
32775 0.920892494929
32982 0.922920892495
33578 0.924949290061
34431 0.926977687627
35458 0.929006085193
35823 0.931034482759
36156 0.933062880325
36185 0.93509127789
36654 0.937119675456
36830 0.939148073022
37131 0.941176470588
37525 0.943204868154
39513 0.94523326572
40963 0.947261663286
41081 0.949290060852
41841 0.951318458418
42224 0.953346855984
42257 0.95537525355
42424 0.957403651116
42677 0.959432048682
43425 0.961460446247
45436 0.963488843813
45642 0.965517241379
48190 0.967545638945
49224 0.969574036511
49929 0.971602434077
50235 0.973630831643
51124 0.975659229209
54188 0.977687626775
56442 0.979716024341
60387 0.981744421907
64272 0.983772819473
65758 0.985801217039
68545 0.987829614604
78919 0.98985801217
83157 0.991886409736
86974 0.993914807302
93898 0.995943204868
138110 0.997971602434
417503 1.0
