43 0.00202429149798
906 0.00404858299595
928 0.00607287449393
999 0.0101214574899
999 0.0101214574899
1014 0.0121457489879
1217 0.0141700404858
1309 0.0161943319838
1398 0.0182186234818
1417 0.0202429149798
1512 0.0222672064777
1560 0.0242914979757
1606 0.0263157894737
1610 0.0283400809717
1618 0.0303643724696
1649 0.0323886639676
1650 0.0344129554656
1659 0.0364372469636
1675 0.0384615384615
1689 0.0404858299595
1709 0.0425101214575
1765 0.0445344129555
1809 0.0465587044534
1812 0.0485829959514
1813 0.0506072874494
1818 0.0526315789474
1819 0.0546558704453
1845 0.0566801619433
1853 0.0587044534413
1889 0.0607287449393
1890 0.0627530364372
1894 0.0647773279352
1914 0.0668016194332
1916 0.0708502024291
1916 0.0708502024291
1934 0.0728744939271
1955 0.0748987854251
2084 0.0769230769231
2109 0.0789473684211
2112 0.080971659919
2140 0.082995951417
2153 0.085020242915
2155 0.087044534413
2162 0.0890688259109
2193 0.0910931174089
2200 0.0951417004049
2200 0.0951417004049
2279 0.0971659919028
2283 0.0991902834008
2308 0.101214574899
2311 0.103238866397
2319 0.105263157895
2346 0.107287449393
2360 0.109311740891
2368 0.111336032389
2431 0.113360323887
2457 0.115384615385
2492 0.117408906883
2493 0.119433198381
2496 0.121457489879
2499 0.123481781377
2503 0.125506072874
2504 0.127530364372
2506 0.12955465587
2507 0.131578947368
2527 0.133603238866
2547 0.135627530364
2558 0.137651821862
2578 0.13967611336
2591 0.141700404858
2605 0.143724696356
2617 0.145748987854
2640 0.147773279352
2644 0.14979757085
2654 0.151821862348
2662 0.153846153846
2680 0.155870445344
2711 0.157894736842
2714 0.15991902834
2722 0.161943319838
2728 0.165991902834
2728 0.165991902834
2737 0.168016194332
2739 0.17004048583
2765 0.172064777328
2781 0.174089068826
2810 0.176113360324
2830 0.178137651822
2842 0.18016194332
2846 0.182186234818
2848 0.184210526316
2874 0.186234817814
2901 0.188259109312
2907 0.19028340081
2912 0.192307692308
2917 0.194331983806
2920 0.196356275304
2932 0.2004048583
2932 0.2004048583
2933 0.204453441296
2933 0.204453441296
2938 0.206477732794
2940 0.208502024291
2941 0.210526315789
2958 0.212550607287
2972 0.214574898785
3008 0.216599190283
3032 0.218623481781
3046 0.220647773279
3049 0.222672064777
3058 0.224696356275
3060 0.226720647773
3085 0.228744939271
3121 0.230769230769
3125 0.232793522267
3143 0.234817813765
3166 0.236842105263
3176 0.238866396761
3194 0.240890688259
3208 0.242914979757
3244 0.246963562753
3244 0.246963562753
3247 0.248987854251
3259 0.253036437247
3259 0.253036437247
3270 0.255060728745
3273 0.257085020243
3297 0.259109311741
3302 0.261133603239
3305 0.263157894737
3310 0.265182186235
3312 0.267206477733
3321 0.269230769231
3327 0.271255060729
3338 0.273279352227
3340 0.275303643725
3346 0.277327935223
3366 0.279352226721
3375 0.281376518219
3380 0.283400809717
3386 0.285425101215
3396 0.287449392713
3401 0.289473684211
3414 0.291497975709
3416 0.293522267206
3422 0.295546558704
3426 0.297570850202
3447 0.2995951417
3457 0.301619433198
3466 0.303643724696
3475 0.305668016194
3490 0.307692307692
3493 0.30971659919
3499 0.311740890688
3502 0.313765182186
3503 0.315789473684
3505 0.317813765182
3506 0.31983805668
3508 0.321862348178
3543 0.323886639676
3563 0.325910931174
3582 0.327935222672
3602 0.32995951417
3611 0.331983805668
3639 0.334008097166
3643 0.336032388664
3653 0.338056680162
3657 0.34008097166
3672 0.342105263158
3675 0.344129554656
3686 0.346153846154
3693 0.348178137652
3701 0.35020242915
3712 0.352226720648
3720 0.354251012146
3732 0.356275303644
3760 0.358299595142
3764 0.36032388664
3772 0.362348178138
3794 0.364372469636
3795 0.366396761134
3798 0.368421052632
3816 0.37044534413
3827 0.372469635628
3837 0.374493927126
3858 0.376518218623
3862 0.378542510121
3865 0.380566801619
3887 0.382591093117
3894 0.384615384615
3898 0.386639676113
3899 0.388663967611
3909 0.390688259109
3936 0.392712550607
3968 0.394736842105
3997 0.396761133603
4022 0.398785425101
4035 0.400809716599
4043 0.402834008097
4057 0.404858299595
4106 0.406882591093
4110 0.408906882591
4111 0.410931174089
4118 0.414979757085
4118 0.414979757085
4120 0.417004048583
4164 0.419028340081
4166 0.421052631579
4167 0.423076923077
4218 0.425101214575
4225 0.427125506073
4231 0.431174089069
4231 0.431174089069
4250 0.433198380567
4262 0.437246963563
4262 0.437246963563
4285 0.439271255061
4297 0.441295546559
4327 0.443319838057
4343 0.445344129555
4371 0.447368421053
4378 0.449392712551
4382 0.451417004049
4394 0.453441295547
4399 0.455465587045
4401 0.457489878543
4415 0.45951417004
4442 0.461538461538
4447 0.463562753036
4448 0.465587044534
4481 0.467611336032
4522 0.46963562753
4533 0.471659919028
4545 0.473684210526
4547 0.475708502024
4576 0.477732793522
4585 0.47975708502
4590 0.481781376518
4591 0.483805668016
4598 0.485829959514
4615 0.487854251012
4630 0.491902834008
4630 0.491902834008
4633 0.493927125506
4642 0.495951417004
4651 0.497975708502
4669 0.5
4673 0.502024291498
4674 0.504048582996
4683 0.506072874494
4695 0.508097165992
4714 0.51012145749
4719 0.512145748988
4720 0.514170040486
4726 0.516194331984
4739 0.518218623482
4780 0.52024291498
4800 0.522267206478
4822 0.524291497976
4827 0.526315789474
4833 0.528340080972
4844 0.53036437247
4897 0.532388663968
4909 0.534412955466
4930 0.536437246964
4942 0.538461538462
4980 0.54048582996
4997 0.542510121457
5008 0.544534412955
5009 0.546558704453
5037 0.548582995951
5041 0.550607287449
5059 0.554655870445
5059 0.554655870445
5064 0.556680161943
5082 0.558704453441
5083 0.560728744939
5120 0.562753036437
5124 0.564777327935
5125 0.566801619433
5133 0.568825910931
5158 0.570850202429
5169 0.572874493927
5171 0.574898785425
5189 0.576923076923
5210 0.578947368421
5212 0.580971659919
5213 0.582995951417
5225 0.585020242915
5236 0.587044534413
5260 0.589068825911
5300 0.591093117409
5307 0.593117408907
5322 0.595141700405
5326 0.597165991903
5351 0.599190283401
5435 0.601214574899
5463 0.603238866397
5483 0.605263157895
5528 0.607287449393
5534 0.609311740891
5574 0.611336032389
5583 0.613360323887
5626 0.615384615385
5643 0.617408906883
5645 0.619433198381
5650 0.621457489879
5652 0.623481781377
5682 0.625506072874
5684 0.627530364372
5717 0.62955465587
5734 0.631578947368
5743 0.633603238866
5745 0.635627530364
5785 0.637651821862
5791 0.63967611336
5827 0.641700404858
5850 0.643724696356
5858 0.645748987854
5878 0.647773279352
5879 0.64979757085
5886 0.651821862348
5904 0.653846153846
5914 0.655870445344
5947 0.657894736842
5949 0.65991902834
6011 0.661943319838
6031 0.663967611336
6052 0.665991902834
6064 0.668016194332
6069 0.67004048583
6115 0.672064777328
6129 0.674089068826
6132 0.676113360324
6147 0.678137651822
6150 0.68016194332
6217 0.682186234818
6275 0.684210526316
6281 0.686234817814
6320 0.688259109312
6327 0.69028340081
6348 0.692307692308
6367 0.694331983806
6398 0.696356275304
6407 0.698380566802
6420 0.7004048583
6478 0.702429149798
6513 0.704453441296
6524 0.706477732794
6531 0.708502024291
6557 0.710526315789
6594 0.712550607287
6612 0.714574898785
6617 0.716599190283
6636 0.718623481781
6657 0.720647773279
6685 0.722672064777
6703 0.724696356275
6734 0.726720647773
6752 0.728744939271
6756 0.730769230769
6805 0.732793522267
6862 0.734817813765
6892 0.736842105263
6898 0.738866396761
6964 0.740890688259
6966 0.742914979757
6990 0.744939271255
7034 0.746963562753
7048 0.748987854251
7080 0.751012145749
7121 0.753036437247
7162 0.755060728745
7218 0.757085020243
7231 0.759109311741
7257 0.761133603239
7268 0.763157894737
7312 0.765182186235
7316 0.767206477733
7335 0.769230769231
7347 0.771255060729
7373 0.773279352227
7374 0.775303643725
7393 0.777327935223
7407 0.779352226721
7441 0.781376518219
7473 0.783400809717
7549 0.785425101215
7580 0.787449392713
7586 0.789473684211
7608 0.791497975709
7672 0.793522267206
7721 0.795546558704
7737 0.797570850202
7743 0.7995951417
7766 0.801619433198
7794 0.803643724696
7815 0.805668016194
7871 0.807692307692
7896 0.80971659919
7924 0.811740890688
7947 0.813765182186
7971 0.815789473684
8032 0.817813765182
8034 0.81983805668
8063 0.821862348178
8089 0.823886639676
8141 0.827935222672
8141 0.827935222672
8160 0.82995951417
8218 0.831983805668
8225 0.834008097166
8252 0.836032388664
8283 0.838056680162
8297 0.84008097166
8315 0.842105263158
8328 0.844129554656
8398 0.846153846154
8418 0.848178137652
8485 0.85020242915
8543 0.852226720648
8641 0.854251012146
8644 0.856275303644
8723 0.858299595142
8756 0.86032388664
8800 0.862348178138
8850 0.864372469636
8871 0.866396761134
8909 0.868421052632
9050 0.87044534413
9081 0.872469635628
9101 0.874493927126
9107 0.876518218623
9121 0.878542510121
9137 0.880566801619
9295 0.882591093117
9465 0.884615384615
9604 0.886639676113
9625 0.888663967611
9639 0.892712550607
9639 0.892712550607
9761 0.894736842105
9815 0.896761133603
9845 0.898785425101
9868 0.900809716599
9969 0.902834008097
9994 0.904858299595
10012 0.906882591093
10038 0.908906882591
10106 0.910931174089
10180 0.912955465587
10230 0.914979757085
10248 0.917004048583
10321 0.919028340081
10362 0.921052631579
10443 0.923076923077
10491 0.925101214575
10501 0.927125506073
10710 0.929149797571
10769 0.931174089069
10873 0.933198380567
11188 0.935222672065
11210 0.937246963563
11680 0.939271255061
11757 0.941295546559
11831 0.943319838057
11860 0.945344129555
11869 0.947368421053
11939 0.949392712551
12135 0.951417004049
12336 0.953441295547
12339 0.955465587045
12624 0.957489878543
12656 0.95951417004
12698 0.961538461538
13037 0.963562753036
13746 0.965587044534
14233 0.967611336032
14303 0.96963562753
14708 0.971659919028
14798 0.973684210526
14937 0.975708502024
14967 0.977732793522
14980 0.97975708502
15612 0.981781376518
15668 0.983805668016
16104 0.985829959514
18291 0.987854251012
18539 0.98987854251
26736 0.991902834008
91690 0.993927125506
96637 0.995951417004
130683 0.997975708502
411138 1.0
