45 0.00202839756592
1172 0.00405679513185
1314 0.00608519269777
1547 0.00811359026369
1959 0.0101419878296
2122 0.0121703853955
2244 0.0141987829615
2410 0.0162271805274
2419 0.0182555780933
2588 0.0202839756592
2603 0.0223123732252
2723 0.0243407707911
2793 0.026369168357
2881 0.0283975659229
2928 0.0304259634888
2936 0.0324543610548
2952 0.0344827586207
3045 0.0365111561866
3066 0.0385395537525
3176 0.0405679513185
3191 0.0425963488844
3322 0.0446247464503
3379 0.0466531440162
3433 0.0486815415822
3456 0.0507099391481
3527 0.052738336714
3554 0.0547667342799
3584 0.0567951318458
3618 0.0588235294118
3632 0.0608519269777
3670 0.0628803245436
3763 0.0649087221095
3841 0.0669371196755
3922 0.0689655172414
3976 0.0709939148073
3977 0.0730223123732
4135 0.0750507099391
4145 0.0770791075051
4177 0.079107505071
4213 0.0811359026369
4234 0.0831643002028
4283 0.0851926977688
4334 0.0892494929006
4334 0.0892494929006
4383 0.0912778904665
4393 0.0933062880325
4398 0.0953346855984
4536 0.0973630831643
4549 0.0993914807302
4577 0.101419878296
4664 0.103448275862
4673 0.107505070994
4673 0.107505070994
4683 0.10953346856
4688 0.111561866126
4721 0.113590263692
4773 0.115618661258
4774 0.117647058824
4777 0.119675456389
4783 0.121703853955
4785 0.123732251521
4793 0.125760649087
4825 0.127789046653
4848 0.129817444219
4855 0.131845841785
4869 0.133874239351
4870 0.135902636917
4917 0.137931034483
4928 0.139959432049
4948 0.141987829615
4977 0.144016227181
4978 0.146044624746
4980 0.148073022312
5003 0.150101419878
5018 0.152129817444
5043 0.15415821501
5046 0.156186612576
5052 0.158215010142
5074 0.160243407708
5119 0.162271805274
5139 0.16430020284
5151 0.166328600406
5152 0.168356997972
5159 0.170385395538
5162 0.172413793103
5166 0.174442190669
5191 0.176470588235
5196 0.178498985801
5206 0.180527383367
5219 0.182555780933
5220 0.184584178499
5223 0.186612576065
5237 0.188640973631
5248 0.190669371197
5267 0.192697768763
5335 0.194726166329
5344 0.196754563895
5398 0.19878296146
5411 0.200811359026
5439 0.204868154158
5439 0.204868154158
5447 0.206896551724
5460 0.20892494929
5472 0.210953346856
5500 0.212981744422
5517 0.215010141988
5534 0.217038539554
5559 0.21906693712
5573 0.221095334686
5578 0.223123732252
5623 0.225152129817
5632 0.227180527383
5639 0.229208924949
5653 0.231237322515
5659 0.233265720081
5676 0.235294117647
5697 0.237322515213
5746 0.239350912779
5748 0.241379310345
5753 0.243407707911
5754 0.245436105477
5767 0.247464503043
5771 0.249492900609
5777 0.251521298174
5782 0.25354969574
5783 0.255578093306
5790 0.257606490872
5829 0.261663286004
5829 0.261663286004
5839 0.26369168357
5845 0.265720081136
5857 0.267748478702
5858 0.269776876268
5869 0.271805273834
5877 0.2738336714
5894 0.275862068966
5926 0.277890466531
5930 0.279918864097
5945 0.281947261663
5946 0.283975659229
5977 0.286004056795
5980 0.288032454361
5984 0.290060851927
6022 0.292089249493
6029 0.294117647059
6055 0.296146044625
6062 0.298174442191
6073 0.300202839757
6083 0.302231237323
6089 0.304259634888
6090 0.306288032454
6102 0.30831643002
6129 0.310344827586
6138 0.312373225152
6153 0.314401622718
6163 0.316430020284
6168 0.31845841785
6223 0.320486815416
6225 0.322515212982
6227 0.324543610548
6255 0.326572008114
6264 0.32860040568
6269 0.330628803245
6284 0.332657200811
6301 0.334685598377
6315 0.336713995943
6376 0.338742393509
6390 0.340770791075
6411 0.342799188641
6427 0.344827586207
6457 0.346855983773
6503 0.348884381339
6504 0.350912778905
6519 0.352941176471
6540 0.354969574037
6543 0.356997971602
6549 0.359026369168
6578 0.3630831643
6578 0.3630831643
6593 0.365111561866
6594 0.367139959432
6600 0.369168356998
6605 0.371196754564
6635 0.37322515213
6666 0.375253549696
6679 0.377281947262
6693 0.379310344828
6714 0.381338742394
6716 0.383367139959
6721 0.385395537525
6731 0.387423935091
6752 0.391480730223
6752 0.391480730223
6771 0.393509127789
6778 0.395537525355
6789 0.397565922921
6838 0.401622718053
6838 0.401622718053
6846 0.403651115619
6863 0.405679513185
6868 0.407707910751
6870 0.409736308316
6873 0.411764705882
6875 0.413793103448
6924 0.415821501014
6957 0.41784989858
6986 0.419878296146
7010 0.421906693712
7027 0.423935091278
7068 0.425963488844
7097 0.42799188641
7106 0.430020283976
7134 0.432048681542
7137 0.434077079108
7239 0.436105476673
7241 0.438133874239
7242 0.440162271805
7243 0.442190669371
7246 0.444219066937
7248 0.446247464503
7281 0.448275862069
7288 0.450304259635
7301 0.452332657201
7320 0.454361054767
7327 0.456389452333
7328 0.458417849899
7337 0.460446247465
7344 0.46247464503
7345 0.464503042596
7358 0.466531440162
7369 0.468559837728
7372 0.470588235294
7385 0.47261663286
7404 0.474645030426
7434 0.476673427992
7442 0.478701825558
7532 0.480730223124
7545 0.484787018256
7545 0.484787018256
7565 0.486815415822
7570 0.488843813387
7571 0.490872210953
7602 0.494929006085
7602 0.494929006085
7603 0.496957403651
7607 0.498985801217
7610 0.501014198783
7637 0.503042596349
7643 0.505070993915
7649 0.507099391481
7666 0.509127789047
7694 0.511156186613
7730 0.513184584178
7790 0.515212981744
7818 0.51724137931
7822 0.519269776876
7854 0.521298174442
7863 0.523326572008
7871 0.525354969574
7905 0.52738336714
7950 0.529411764706
7953 0.531440162272
8014 0.533468559838
8042 0.535496957404
8048 0.53752535497
8051 0.539553752535
8116 0.541582150101
8118 0.543610547667
8125 0.545638945233
8140 0.547667342799
8158 0.549695740365
8184 0.551724137931
8201 0.553752535497
8232 0.557809330629
8232 0.557809330629
8244 0.559837728195
8250 0.561866125761
8293 0.563894523327
8297 0.565922920892
8311 0.567951318458
8366 0.569979716024
8375 0.57200811359
8384 0.574036511156
8385 0.576064908722
8408 0.578093306288
8426 0.580121703854
8427 0.58215010142
8435 0.584178498986
8439 0.586206896552
8442 0.588235294118
8468 0.590263691684
8485 0.592292089249
8495 0.594320486815
8501 0.596348884381
8504 0.598377281947
8530 0.600405679513
8564 0.602434077079
8590 0.604462474645
8600 0.606490872211
8611 0.608519269777
8617 0.610547667343
8676 0.612576064909
8686 0.614604462475
8699 0.616632860041
8721 0.618661257606
8754 0.620689655172
8761 0.622718052738
8800 0.624746450304
8821 0.62677484787
8841 0.628803245436
8891 0.632860040568
8891 0.632860040568
8898 0.634888438134
8902 0.6369168357
8999 0.638945233266
9040 0.640973630832
9052 0.643002028398
9137 0.645030425963
9180 0.647058823529
9244 0.649087221095
9262 0.651115618661
9298 0.653144016227
9299 0.655172413793
9317 0.657200811359
9327 0.659229208925
9332 0.663286004057
9332 0.663286004057
9364 0.665314401623
9372 0.667342799189
9376 0.669371196755
9394 0.67139959432
9432 0.673427991886
9493 0.675456389452
9517 0.677484787018
9533 0.679513184584
9548 0.68154158215
9555 0.683569979716
9570 0.685598377282
9589 0.687626774848
9592 0.689655172414
9604 0.69168356998
9630 0.693711967546
9697 0.695740365112
9719 0.697768762677
9731 0.699797160243
9734 0.701825557809
9791 0.703853955375
9823 0.705882352941
9870 0.707910750507
9896 0.709939148073
9898 0.711967545639
9912 0.713995943205
9917 0.716024340771
9941 0.718052738337
9963 0.720081135903
9986 0.722109533469
9987 0.724137931034
10011 0.7261663286
10016 0.728194726166
10057 0.730223123732
10096 0.732251521298
10104 0.734279918864
10177 0.73630831643
10181 0.738336713996
10192 0.740365111562
10212 0.742393509128
10237 0.744421906694
10274 0.74645030426
10288 0.748478701826
10367 0.750507099391
10372 0.752535496957
10446 0.754563894523
10448 0.756592292089
10459 0.758620689655
10487 0.760649087221
10511 0.762677484787
10532 0.764705882353
10563 0.766734279919
10619 0.768762677485
10640 0.770791075051
10691 0.772819472617
10744 0.774847870183
10785 0.776876267748
10804 0.778904665314
10812 0.78093306288
10851 0.782961460446
10904 0.784989858012
11002 0.787018255578
11006 0.789046653144
11045 0.79107505071
11051 0.793103448276
11105 0.795131845842
11149 0.797160243408
11233 0.799188640974
11237 0.80121703854
11287 0.803245436105
11427 0.805273833671
11443 0.807302231237
11507 0.809330628803
11509 0.811359026369
11520 0.813387423935
11539 0.815415821501
11640 0.817444219067
11715 0.819472616633
11721 0.821501014199
11736 0.823529411765
11778 0.825557809331
11886 0.827586206897
11923 0.829614604462
11954 0.831643002028
11980 0.833671399594
12014 0.83569979716
12020 0.837728194726
12100 0.839756592292
12137 0.841784989858
12231 0.843813387424
12240 0.84584178499
12454 0.847870182556
12468 0.849898580122
12527 0.851926977688
12671 0.853955375254
12779 0.855983772819
12821 0.858012170385
12862 0.860040567951
12923 0.862068965517
12981 0.864097363083
12992 0.866125760649
13022 0.868154158215
13041 0.870182555781
13188 0.872210953347
13213 0.874239350913
13289 0.876267748479
13290 0.878296146045
13547 0.880324543611
13558 0.882352941176
13580 0.884381338742
13631 0.886409736308
13652 0.888438133874
13667 0.89046653144
13765 0.892494929006
13770 0.894523326572
13910 0.896551724138
13941 0.898580121704
13942 0.90060851927
14062 0.902636916836
14166 0.904665314402
14324 0.906693711968
14391 0.908722109533
14509 0.910750507099
14665 0.912778904665
14843 0.914807302231
14996 0.916835699797
15005 0.918864097363
15474 0.920892494929
15672 0.922920892495
15751 0.924949290061
15773 0.926977687627
15783 0.929006085193
15796 0.931034482759
15873 0.933062880325
16180 0.93509127789
16495 0.937119675456
16545 0.939148073022
16553 0.941176470588
16605 0.943204868154
17123 0.94523326572
17175 0.947261663286
17229 0.949290060852
17311 0.951318458418
17584 0.953346855984
17666 0.95537525355
17763 0.957403651116
18099 0.959432048682
18590 0.961460446247
18830 0.963488843813
18883 0.965517241379
18912 0.967545638945
19656 0.969574036511
19675 0.971602434077
19752 0.973630831643
19907 0.975659229209
20209 0.977687626775
20268 0.979716024341
20933 0.981744421907
22808 0.983772819473
24237 0.985801217039
30683 0.987829614604
73644 0.98985801217
77639 0.991886409736
78924 0.993914807302
94107 0.995943204868
127090 0.997971602434
396127 1.0
