48 0.00202429149798
989 0.00404858299595
1768 0.00607287449393
2168 0.0080971659919
2210 0.0101214574899
2318 0.0121457489879
2583 0.0141700404858
2653 0.0161943319838
2856 0.0182186234818
2948 0.0202429149798
3019 0.0222672064777
3157 0.0242914979757
3184 0.0263157894737
3234 0.0283400809717
3326 0.0303643724696
3465 0.0323886639676
3479 0.0344129554656
3499 0.0364372469636
3555 0.0384615384615
3609 0.0404858299595
3654 0.0425101214575
3732 0.0445344129555
3877 0.0465587044534
3895 0.0485829959514
3935 0.0506072874494
4039 0.0526315789474
4092 0.0546558704453
4180 0.0566801619433
4181 0.0587044534413
4211 0.0607287449393
4239 0.0627530364372
4240 0.0647773279352
4241 0.0668016194332
4261 0.0688259109312
4267 0.0708502024291
4268 0.0728744939271
4326 0.0748987854251
4357 0.0769230769231
4390 0.0789473684211
4419 0.080971659919
4438 0.082995951417
4584 0.085020242915
4629 0.087044534413
4643 0.0890688259109
4654 0.0910931174089
4886 0.0931174089069
4902 0.0951417004049
4905 0.0971659919028
4937 0.0991902834008
4940 0.101214574899
4954 0.103238866397
4968 0.105263157895
4986 0.107287449393
4987 0.109311740891
4993 0.111336032389
5005 0.113360323887
5006 0.115384615385
5036 0.117408906883
5079 0.119433198381
5109 0.121457489879
5115 0.123481781377
5173 0.125506072874
5183 0.127530364372
5205 0.12955465587
5230 0.131578947368
5249 0.133603238866
5289 0.135627530364
5305 0.137651821862
5368 0.13967611336
5384 0.141700404858
5389 0.143724696356
5408 0.145748987854
5412 0.147773279352
5438 0.14979757085
5478 0.151821862348
5528 0.153846153846
5570 0.155870445344
5579 0.157894736842
5602 0.15991902834
5653 0.161943319838
5658 0.163967611336
5677 0.165991902834
5710 0.168016194332
5714 0.17004048583
5739 0.172064777328
5743 0.174089068826
5745 0.178137651822
5745 0.178137651822
5746 0.18016194332
5782 0.182186234818
5803 0.184210526316
5831 0.186234817814
5857 0.188259109312
5869 0.19028340081
5871 0.192307692308
5883 0.194331983806
5885 0.196356275304
5903 0.198380566802
5909 0.2004048583
5914 0.202429149798
5925 0.204453441296
5927 0.206477732794
5954 0.208502024291
5960 0.210526315789
5967 0.212550607287
5968 0.214574898785
5999 0.216599190283
6002 0.218623481781
6027 0.220647773279
6038 0.222672064777
6040 0.226720647773
6040 0.226720647773
6078 0.228744939271
6104 0.230769230769
6105 0.232793522267
6126 0.234817813765
6141 0.236842105263
6159 0.238866396761
6160 0.240890688259
6166 0.242914979757
6173 0.244939271255
6190 0.246963562753
6270 0.248987854251
6305 0.251012145749
6313 0.253036437247
6324 0.255060728745
6328 0.257085020243
6358 0.259109311741
6400 0.261133603239
6405 0.263157894737
6406 0.265182186235
6421 0.267206477733
6427 0.269230769231
6439 0.271255060729
6452 0.273279352227
6459 0.275303643725
6470 0.277327935223
6474 0.279352226721
6540 0.281376518219
6565 0.283400809717
6576 0.285425101215
6590 0.287449392713
6596 0.289473684211
6628 0.291497975709
6638 0.293522267206
6654 0.295546558704
6693 0.297570850202
6694 0.2995951417
6695 0.301619433198
6698 0.303643724696
6707 0.305668016194
6713 0.307692307692
6744 0.30971659919
6763 0.311740890688
6807 0.313765182186
6818 0.315789473684
6832 0.317813765182
6833 0.31983805668
6885 0.321862348178
6938 0.323886639676
6953 0.325910931174
6959 0.327935222672
6962 0.32995951417
6995 0.331983805668
7001 0.334008097166
7016 0.336032388664
7019 0.338056680162
7040 0.34008097166
7055 0.342105263158
7063 0.344129554656
7119 0.346153846154
7121 0.348178137652
7159 0.35020242915
7168 0.352226720648
7197 0.354251012146
7207 0.356275303644
7227 0.358299595142
7251 0.36032388664
7313 0.362348178138
7316 0.364372469636
7328 0.366396761134
7333 0.368421052632
7341 0.37044534413
7364 0.372469635628
7366 0.374493927126
7368 0.376518218623
7385 0.378542510121
7386 0.380566801619
7402 0.382591093117
7406 0.386639676113
7406 0.386639676113
7410 0.388663967611
7427 0.390688259109
7449 0.392712550607
7483 0.394736842105
7497 0.396761133603
7516 0.398785425101
7540 0.400809716599
7564 0.402834008097
7575 0.404858299595
7592 0.406882591093
7601 0.410931174089
7601 0.410931174089
7613 0.412955465587
7638 0.414979757085
7658 0.417004048583
7673 0.419028340081
7711 0.421052631579
7751 0.423076923077
7757 0.425101214575
7787 0.427125506073
7834 0.429149797571
7836 0.431174089069
7841 0.433198380567
7850 0.435222672065
7854 0.437246963563
7858 0.439271255061
7865 0.441295546559
7877 0.443319838057
7882 0.445344129555
7889 0.447368421053
7897 0.449392712551
7903 0.451417004049
7909 0.453441295547
7953 0.455465587045
7983 0.457489878543
8007 0.45951417004
8026 0.461538461538
8041 0.463562753036
8053 0.465587044534
8080 0.467611336032
8084 0.46963562753
8105 0.471659919028
8138 0.473684210526
8148 0.475708502024
8175 0.477732793522
8184 0.47975708502
8205 0.481781376518
8216 0.483805668016
8232 0.485829959514
8254 0.487854251012
8264 0.48987854251
8334 0.491902834008
8355 0.493927125506
8367 0.495951417004
8379 0.497975708502
8396 0.5
8411 0.502024291498
8412 0.504048582996
8417 0.506072874494
8457 0.508097165992
8467 0.51012145749
8473 0.512145748988
8477 0.514170040486
8498 0.516194331984
8504 0.518218623482
8508 0.52024291498
8538 0.522267206478
8541 0.524291497976
8554 0.526315789474
8557 0.528340080972
8647 0.53036437247
8701 0.532388663968
8770 0.534412955466
8779 0.536437246964
8781 0.538461538462
8807 0.54048582996
8851 0.542510121457
8926 0.544534412955
8933 0.546558704453
8936 0.548582995951
8938 0.550607287449
8946 0.552631578947
8987 0.554655870445
9042 0.556680161943
9048 0.558704453441
9063 0.560728744939
9067 0.562753036437
9090 0.564777327935
9120 0.566801619433
9127 0.568825910931
9155 0.570850202429
9188 0.572874493927
9206 0.574898785425
9256 0.576923076923
9264 0.578947368421
9282 0.580971659919
9299 0.582995951417
9326 0.585020242915
9363 0.587044534413
9392 0.589068825911
9445 0.591093117409
9542 0.593117408907
9555 0.595141700405
9562 0.597165991903
9568 0.599190283401
9626 0.601214574899
9640 0.603238866397
9644 0.605263157895
9655 0.607287449393
9669 0.609311740891
9677 0.611336032389
9686 0.613360323887
9694 0.615384615385
9738 0.617408906883
9768 0.619433198381
9791 0.621457489879
9803 0.623481781377
9821 0.625506072874
9824 0.627530364372
9858 0.62955465587
9869 0.631578947368
9914 0.633603238866
9918 0.635627530364
9925 0.637651821862
9994 0.63967611336
9995 0.641700404858
10000 0.643724696356
10014 0.645748987854
10018 0.647773279352
10027 0.64979757085
10048 0.651821862348
10093 0.653846153846
10096 0.657894736842
10096 0.657894736842
10146 0.65991902834
10157 0.661943319838
10202 0.663967611336
10261 0.665991902834
10284 0.668016194332
10354 0.67004048583
10360 0.672064777328
10364 0.674089068826
10407 0.676113360324
10416 0.678137651822
10422 0.68016194332
10441 0.682186234818
10461 0.684210526316
10465 0.688259109312
10465 0.688259109312
10483 0.69028340081
10574 0.692307692308
10585 0.694331983806
10605 0.696356275304
10637 0.698380566802
10641 0.7004048583
10740 0.702429149798
10749 0.704453441296
10798 0.706477732794
10821 0.708502024291
10904 0.710526315789
10940 0.712550607287
10955 0.714574898785
11103 0.716599190283
11110 0.718623481781
11223 0.720647773279
11238 0.722672064777
11246 0.724696356275
11252 0.726720647773
11253 0.728744939271
11258 0.730769230769
11280 0.732793522267
11314 0.734817813765
11324 0.736842105263
11333 0.738866396761
11365 0.740890688259
11387 0.742914979757
11446 0.744939271255
11447 0.746963562753
11512 0.748987854251
11532 0.751012145749
11550 0.753036437247
11565 0.755060728745
11580 0.757085020243
11627 0.759109311741
11872 0.761133603239
11914 0.763157894737
11931 0.765182186235
11933 0.767206477733
12067 0.769230769231
12129 0.771255060729
12193 0.773279352227
12203 0.775303643725
12284 0.777327935223
12304 0.779352226721
12411 0.781376518219
12483 0.783400809717
12507 0.785425101215
12525 0.787449392713
12601 0.789473684211
12654 0.791497975709
12669 0.793522267206
12680 0.795546558704
12809 0.797570850202
12811 0.7995951417
12813 0.801619433198
12834 0.803643724696
12853 0.805668016194
12981 0.807692307692
13058 0.80971659919
13061 0.811740890688
13116 0.813765182186
13178 0.815789473684
13195 0.817813765182
13264 0.81983805668
13267 0.821862348178
13322 0.823886639676
13341 0.825910931174
13362 0.827935222672
13452 0.82995951417
13484 0.831983805668
13486 0.834008097166
13488 0.836032388664
13506 0.838056680162
13619 0.84008097166
13632 0.842105263158
13642 0.844129554656
13691 0.846153846154
13748 0.848178137652
13749 0.85020242915
13813 0.852226720648
13816 0.854251012146
13826 0.856275303644
13847 0.858299595142
13849 0.86032388664
13850 0.862348178138
13855 0.864372469636
13925 0.866396761134
13929 0.868421052632
13973 0.87044534413
14029 0.872469635628
14048 0.874493927126
14143 0.876518218623
14213 0.878542510121
14221 0.880566801619
14270 0.882591093117
14449 0.884615384615
14453 0.886639676113
14541 0.888663967611
14552 0.890688259109
14755 0.892712550607
14919 0.894736842105
14939 0.896761133603
15024 0.898785425101
15073 0.900809716599
15082 0.902834008097
15103 0.904858299595
15248 0.906882591093
15308 0.908906882591
15444 0.910931174089
15507 0.912955465587
15556 0.914979757085
15637 0.917004048583
15797 0.919028340081
16303 0.921052631579
16378 0.923076923077
16617 0.925101214575
16741 0.927125506073
16789 0.929149797571
16903 0.931174089069
16906 0.933198380567
16908 0.935222672065
16946 0.937246963563
16990 0.939271255061
17114 0.941295546559
17638 0.943319838057
18156 0.945344129555
18649 0.947368421053
18761 0.949392712551
18829 0.951417004049
18893 0.953441295547
19065 0.955465587045
19340 0.957489878543
19375 0.95951417004
19536 0.961538461538
19611 0.963562753036
19690 0.965587044534
19702 0.967611336032
19895 0.96963562753
19980 0.971659919028
20132 0.973684210526
20267 0.975708502024
20637 0.977732793522
20702 0.97975708502
21051 0.981781376518
21128 0.983805668016
21164 0.985829959514
23469 0.987854251012
28388 0.98987854251
76960 0.991902834008
78550 0.993927125506
101654 0.995951417004
131572 0.997975708502
418639 1.0
