48 0.00202839756592
1415 0.00405679513185
1452 0.00608519269777
1620 0.00811359026369
1680 0.0101419878296
1937 0.0121703853955
1973 0.0141987829615
2024 0.0162271805274
2061 0.0182555780933
2196 0.0202839756592
2226 0.0223123732252
2255 0.0243407707911
2345 0.026369168357
2394 0.0283975659229
2402 0.0304259634888
2545 0.0324543610548
2560 0.0344827586207
2568 0.0365111561866
2570 0.0385395537525
2684 0.0405679513185
2698 0.0425963488844
2706 0.0446247464503
2718 0.0466531440162
2720 0.0486815415822
2741 0.0507099391481
2768 0.052738336714
2839 0.0547667342799
2870 0.0567951318458
2884 0.0588235294118
2908 0.0608519269777
3045 0.0628803245436
3056 0.0649087221095
3083 0.0669371196755
3102 0.0689655172414
3115 0.0709939148073
3117 0.0730223123732
3130 0.0770791075051
3130 0.0770791075051
3135 0.079107505071
3152 0.0811359026369
3179 0.0831643002028
3243 0.0851926977688
3290 0.0872210953347
3297 0.0892494929006
3352 0.0912778904665
3399 0.0933062880325
3418 0.0953346855984
3449 0.0973630831643
3457 0.0993914807302
3471 0.101419878296
3477 0.103448275862
3499 0.105476673428
3556 0.10953346856
3556 0.10953346856
3557 0.111561866126
3574 0.113590263692
3576 0.115618661258
3652 0.117647058824
3679 0.119675456389
3680 0.121703853955
3693 0.123732251521
3707 0.125760649087
3743 0.127789046653
3749 0.129817444219
3768 0.131845841785
3771 0.133874239351
3793 0.135902636917
3821 0.137931034483
3825 0.139959432049
3835 0.141987829615
3840 0.144016227181
3843 0.146044624746
3846 0.148073022312
3873 0.150101419878
3879 0.152129817444
3918 0.15415821501
3939 0.156186612576
3954 0.158215010142
4016 0.160243407708
4041 0.166328600406
4041 0.166328600406
4041 0.166328600406
4051 0.168356997972
4092 0.170385395538
4097 0.172413793103
4102 0.174442190669
4158 0.176470588235
4175 0.178498985801
4212 0.180527383367
4214 0.182555780933
4215 0.184584178499
4222 0.186612576065
4223 0.188640973631
4234 0.190669371197
4239 0.192697768763
4246 0.194726166329
4256 0.196754563895
4270 0.19878296146
4294 0.200811359026
4301 0.202839756592
4314 0.204868154158
4318 0.206896551724
4325 0.20892494929
4332 0.210953346856
4341 0.212981744422
4342 0.215010141988
4378 0.217038539554
4379 0.21906693712
4394 0.221095334686
4434 0.223123732252
4437 0.225152129817
4488 0.227180527383
4492 0.229208924949
4495 0.231237322515
4500 0.233265720081
4510 0.235294117647
4517 0.237322515213
4545 0.239350912779
4549 0.241379310345
4576 0.243407707911
4586 0.245436105477
4602 0.249492900609
4602 0.249492900609
4638 0.251521298174
4645 0.255578093306
4645 0.255578093306
4652 0.257606490872
4653 0.259634888438
4665 0.261663286004
4669 0.26369168357
4691 0.265720081136
4702 0.267748478702
4706 0.269776876268
4707 0.271805273834
4710 0.275862068966
4710 0.275862068966
4714 0.277890466531
4730 0.281947261663
4730 0.281947261663
4732 0.283975659229
4735 0.286004056795
4752 0.288032454361
4798 0.290060851927
4800 0.292089249493
4801 0.294117647059
4806 0.296146044625
4812 0.298174442191
4848 0.300202839757
4884 0.302231237323
4901 0.304259634888
4914 0.306288032454
4919 0.30831643002
4920 0.310344827586
4938 0.312373225152
4974 0.314401622718
5013 0.316430020284
5018 0.31845841785
5046 0.320486815416
5055 0.322515212982
5059 0.324543610548
5063 0.326572008114
5070 0.32860040568
5074 0.330628803245
5082 0.332657200811
5103 0.334685598377
5122 0.336713995943
5147 0.338742393509
5149 0.342799188641
5149 0.342799188641
5150 0.344827586207
5185 0.346855983773
5208 0.348884381339
5220 0.350912778905
5254 0.352941176471
5255 0.354969574037
5282 0.356997971602
5311 0.359026369168
5320 0.361054766734
5326 0.3630831643
5337 0.365111561866
5338 0.367139959432
5356 0.369168356998
5394 0.371196754564
5397 0.375253549696
5397 0.375253549696
5399 0.377281947262
5414 0.379310344828
5427 0.383367139959
5427 0.383367139959
5478 0.385395537525
5510 0.387423935091
5515 0.389452332657
5516 0.391480730223
5518 0.393509127789
5539 0.395537525355
5542 0.399594320487
5542 0.399594320487
5572 0.401622718053
5573 0.403651115619
5618 0.405679513185
5622 0.407707910751
5631 0.409736308316
5657 0.411764705882
5659 0.413793103448
5677 0.415821501014
5723 0.41784989858
5778 0.419878296146
5785 0.421906693712
5786 0.423935091278
5800 0.425963488844
5811 0.42799188641
5816 0.430020283976
5841 0.432048681542
5867 0.434077079108
5872 0.436105476673
5897 0.438133874239
5939 0.440162271805
5965 0.442190669371
5977 0.444219066937
5992 0.446247464503
5994 0.450304259635
5994 0.450304259635
6008 0.452332657201
6025 0.454361054767
6033 0.456389452333
6046 0.458417849899
6115 0.460446247465
6154 0.46247464503
6171 0.464503042596
6180 0.466531440162
6190 0.468559837728
6201 0.470588235294
6205 0.47261663286
6207 0.474645030426
6245 0.476673427992
6252 0.478701825558
6300 0.480730223124
6319 0.48275862069
6340 0.484787018256
6346 0.486815415822
6368 0.488843813387
6369 0.490872210953
6377 0.492900608519
6389 0.494929006085
6390 0.496957403651
6393 0.498985801217
6402 0.501014198783
6424 0.503042596349
6429 0.505070993915
6449 0.507099391481
6468 0.509127789047
6515 0.511156186613
6518 0.513184584178
6529 0.515212981744
6530 0.51724137931
6534 0.519269776876
6535 0.521298174442
6549 0.523326572008
6565 0.525354969574
6569 0.52738336714
6578 0.529411764706
6593 0.533468559838
6593 0.533468559838
6638 0.535496957404
6643 0.53752535497
6645 0.539553752535
6660 0.541582150101
6669 0.543610547667
6702 0.545638945233
6727 0.547667342799
6729 0.549695740365
6740 0.551724137931
6778 0.553752535497
6852 0.555780933063
6883 0.557809330629
6918 0.559837728195
6922 0.561866125761
6923 0.563894523327
6959 0.565922920892
6965 0.567951318458
7025 0.569979716024
7031 0.57200811359
7036 0.574036511156
7040 0.576064908722
7051 0.578093306288
7055 0.580121703854
7058 0.58215010142
7082 0.584178498986
7093 0.586206896552
7106 0.588235294118
7113 0.590263691684
7197 0.592292089249
7201 0.594320486815
7221 0.596348884381
7246 0.598377281947
7264 0.600405679513
7277 0.602434077079
7287 0.604462474645
7353 0.606490872211
7369 0.608519269777
7386 0.610547667343
7395 0.612576064909
7403 0.614604462475
7421 0.616632860041
7423 0.618661257606
7467 0.620689655172
7471 0.622718052738
7472 0.624746450304
7568 0.62677484787
7643 0.628803245436
7645 0.630831643002
7649 0.632860040568
7661 0.634888438134
7685 0.6369168357
7688 0.638945233266
7721 0.640973630832
7729 0.643002028398
7750 0.645030425963
7825 0.647058823529
7826 0.649087221095
7827 0.651115618661
7828 0.653144016227
7875 0.655172413793
7886 0.657200811359
7889 0.659229208925
7900 0.661257606491
7925 0.663286004057
7943 0.665314401623
7992 0.667342799189
8042 0.669371196755
8084 0.67139959432
8103 0.673427991886
8128 0.675456389452
8134 0.677484787018
8135 0.679513184584
8138 0.68154158215
8232 0.683569979716
8241 0.685598377282
8331 0.687626774848
8335 0.689655172414
8363 0.69168356998
8372 0.693711967546
8387 0.695740365112
8407 0.697768762677
8428 0.699797160243
8459 0.701825557809
8484 0.703853955375
8500 0.705882352941
8531 0.707910750507
8553 0.709939148073
8554 0.711967545639
8568 0.713995943205
8571 0.716024340771
8589 0.718052738337
8692 0.720081135903
8704 0.722109533469
8711 0.724137931034
8777 0.7261663286
8782 0.728194726166
8797 0.730223123732
8801 0.732251521298
8804 0.734279918864
8829 0.73630831643
8846 0.738336713996
8867 0.740365111562
8895 0.742393509128
8898 0.744421906694
8946 0.74645030426
9005 0.748478701826
9069 0.750507099391
9070 0.754563894523
9070 0.754563894523
9109 0.756592292089
9117 0.758620689655
9160 0.760649087221
9273 0.762677484787
9330 0.764705882353
9421 0.766734279919
9530 0.768762677485
9580 0.770791075051
9634 0.772819472617
9636 0.774847870183
9659 0.776876267748
9662 0.778904665314
9696 0.78093306288
9740 0.782961460446
9773 0.784989858012
9799 0.787018255578
9847 0.789046653144
9854 0.79107505071
9858 0.793103448276
9893 0.795131845842
9895 0.797160243408
9900 0.799188640974
9905 0.80121703854
10063 0.803245436105
10064 0.805273833671
10129 0.807302231237
10161 0.809330628803
10181 0.811359026369
10203 0.813387423935
10231 0.815415821501
10265 0.817444219067
10289 0.819472616633
10396 0.821501014199
10399 0.823529411765
10480 0.825557809331
10482 0.827586206897
10564 0.829614604462
10643 0.831643002028
10657 0.833671399594
10697 0.83569979716
10729 0.837728194726
10735 0.839756592292
10777 0.841784989858
10779 0.843813387424
11009 0.84584178499
11060 0.847870182556
11062 0.849898580122
11069 0.851926977688
11118 0.853955375254
11234 0.855983772819
11307 0.858012170385
11314 0.860040567951
11336 0.862068965517
11345 0.864097363083
11364 0.866125760649
11366 0.868154158215
11376 0.870182555781
11424 0.872210953347
11447 0.874239350913
11519 0.876267748479
11523 0.878296146045
11640 0.880324543611
11835 0.882352941176
11936 0.884381338742
12072 0.886409736308
12150 0.888438133874
12154 0.89046653144
12156 0.892494929006
12188 0.894523326572
12319 0.896551724138
12335 0.898580121704
12385 0.90060851927
12662 0.902636916836
12695 0.904665314402
12742 0.906693711968
12803 0.908722109533
12816 0.910750507099
12817 0.912778904665
12826 0.914807302231
13165 0.916835699797
13284 0.918864097363
13451 0.920892494929
13544 0.922920892495
13670 0.924949290061
13724 0.926977687627
13738 0.929006085193
13772 0.931034482759
13848 0.933062880325
13970 0.93509127789
13972 0.937119675456
14013 0.939148073022
14102 0.941176470588
14159 0.943204868154
14172 0.94523326572
14288 0.947261663286
14357 0.949290060852
14399 0.951318458418
14770 0.953346855984
15214 0.95537525355
15429 0.957403651116
15479 0.959432048682
15544 0.961460446247
15613 0.963488843813
15911 0.965517241379
15921 0.967545638945
16359 0.969574036511
16769 0.971602434077
16956 0.973630831643
17051 0.975659229209
17135 0.977687626775
17525 0.979716024341
17990 0.981744421907
18959 0.983772819473
20143 0.985801217039
20270 0.987829614604
20512 0.98985801217
29490 0.991886409736
83266 0.993914807302
100441 0.995943204868
122702 0.997971602434
397696 1.0
