53 0.00202839756592
663 0.00405679513185
1406 0.00608519269777
1474 0.00811359026369
1614 0.0101419878296
1913 0.0121703853955
1955 0.0141987829615
1967 0.0162271805274
2254 0.0182555780933
2299 0.0202839756592
2568 0.0223123732252
2667 0.0243407707911
2678 0.026369168357
2725 0.0283975659229
2769 0.0304259634888
2814 0.0324543610548
2908 0.0344827586207
2947 0.0365111561866
3109 0.0385395537525
3117 0.0405679513185
3137 0.0425963488844
3146 0.0446247464503
3172 0.0466531440162
3175 0.0486815415822
3178 0.0507099391481
3212 0.052738336714
3216 0.0547667342799
3289 0.0567951318458
3335 0.0588235294118
3341 0.0608519269777
3359 0.0628803245436
3366 0.0649087221095
3407 0.0669371196755
3523 0.0689655172414
3602 0.0709939148073
3766 0.0730223123732
3786 0.0750507099391
3788 0.0770791075051
3811 0.079107505071
3880 0.0811359026369
3898 0.0831643002028
3901 0.0851926977688
3928 0.0872210953347
3932 0.0892494929006
4028 0.0912778904665
4037 0.0933062880325
4303 0.0953346855984
4316 0.0973630831643
4317 0.0993914807302
4333 0.101419878296
4356 0.103448275862
4363 0.105476673428
4462 0.107505070994
4478 0.10953346856
4528 0.111561866126
4560 0.113590263692
4567 0.115618661258
4658 0.117647058824
4682 0.119675456389
4715 0.121703853955
4725 0.123732251521
4737 0.125760649087
4759 0.127789046653
4768 0.129817444219
4800 0.131845841785
4847 0.133874239351
4883 0.135902636917
4893 0.137931034483
4895 0.139959432049
4909 0.141987829615
4934 0.144016227181
4948 0.146044624746
4966 0.148073022312
4972 0.150101419878
5015 0.152129817444
5028 0.15415821501
5042 0.156186612576
5060 0.158215010142
5065 0.160243407708
5106 0.162271805274
5137 0.16430020284
5175 0.166328600406
5253 0.168356997972
5286 0.170385395538
5287 0.172413793103
5303 0.174442190669
5306 0.176470588235
5314 0.178498985801
5338 0.180527383367
5355 0.182555780933
5375 0.184584178499
5377 0.186612576065
5382 0.188640973631
5404 0.190669371197
5413 0.192697768763
5454 0.194726166329
5456 0.196754563895
5511 0.19878296146
5520 0.200811359026
5545 0.202839756592
5547 0.204868154158
5604 0.206896551724
5605 0.20892494929
5632 0.210953346856
5655 0.212981744422
5667 0.215010141988
5687 0.217038539554
5689 0.21906693712
5723 0.221095334686
5761 0.223123732252
5774 0.225152129817
5781 0.227180527383
5801 0.229208924949
5838 0.231237322515
5858 0.233265720081
5859 0.235294117647
5867 0.237322515213
5872 0.239350912779
5916 0.243407707911
5916 0.243407707911
5945 0.245436105477
5984 0.247464503043
5998 0.249492900609
6007 0.251521298174
6040 0.25354969574
6053 0.255578093306
6056 0.257606490872
6059 0.259634888438
6073 0.261663286004
6076 0.26369168357
6083 0.265720081136
6101 0.267748478702
6130 0.269776876268
6151 0.271805273834
6177 0.2738336714
6190 0.275862068966
6204 0.277890466531
6233 0.281947261663
6233 0.281947261663
6283 0.283975659229
6288 0.286004056795
6302 0.288032454361
6308 0.290060851927
6332 0.292089249493
6345 0.294117647059
6419 0.296146044625
6432 0.298174442191
6467 0.300202839757
6482 0.302231237323
6488 0.304259634888
6508 0.306288032454
6510 0.30831643002
6513 0.310344827586
6515 0.312373225152
6527 0.314401622718
6532 0.316430020284
6600 0.31845841785
6663 0.320486815416
6669 0.322515212982
6693 0.324543610548
6763 0.326572008114
6773 0.32860040568
6845 0.330628803245
6852 0.332657200811
6877 0.334685598377
6901 0.336713995943
6902 0.338742393509
6916 0.340770791075
6932 0.342799188641
6934 0.344827586207
6941 0.346855983773
6962 0.348884381339
7003 0.350912778905
7008 0.352941176471
7025 0.354969574037
7050 0.356997971602
7058 0.359026369168
7108 0.361054766734
7121 0.3630831643
7122 0.365111561866
7124 0.367139959432
7253 0.369168356998
7271 0.37322515213
7271 0.37322515213
7299 0.375253549696
7302 0.377281947262
7360 0.379310344828
7361 0.381338742394
7393 0.383367139959
7433 0.385395537525
7437 0.387423935091
7482 0.389452332657
7489 0.391480730223
7528 0.393509127789
7564 0.397565922921
7564 0.397565922921
7566 0.399594320487
7581 0.401622718053
7632 0.403651115619
7640 0.405679513185
7646 0.407707910751
7649 0.409736308316
7667 0.411764705882
7668 0.413793103448
7699 0.415821501014
7702 0.419878296146
7702 0.419878296146
7743 0.421906693712
7787 0.423935091278
7794 0.425963488844
7814 0.42799188641
7841 0.430020283976
7844 0.434077079108
7844 0.434077079108
7860 0.436105476673
7938 0.438133874239
8043 0.440162271805
8054 0.442190669371
8084 0.444219066937
8119 0.446247464503
8130 0.448275862069
8132 0.450304259635
8137 0.452332657201
8168 0.454361054767
8188 0.456389452333
8210 0.458417849899
8250 0.460446247465
8268 0.46247464503
8316 0.464503042596
8324 0.466531440162
8393 0.468559837728
8394 0.470588235294
8441 0.47261663286
8449 0.474645030426
8451 0.476673427992
8461 0.478701825558
8590 0.480730223124
8613 0.48275862069
8634 0.484787018256
8680 0.486815415822
8709 0.488843813387
8731 0.490872210953
8738 0.492900608519
8788 0.494929006085
8803 0.496957403651
8819 0.498985801217
8856 0.501014198783
8864 0.503042596349
8893 0.505070993915
8899 0.507099391481
8953 0.509127789047
8969 0.511156186613
8999 0.513184584178
9016 0.515212981744
9060 0.51724137931
9064 0.519269776876
9099 0.521298174442
9138 0.523326572008
9142 0.525354969574
9149 0.52738336714
9198 0.529411764706
9220 0.531440162272
9283 0.533468559838
9308 0.535496957404
9339 0.53752535497
9430 0.539553752535
9437 0.541582150101
9458 0.543610547667
9488 0.545638945233
9497 0.547667342799
9546 0.549695740365
9562 0.551724137931
9581 0.553752535497
9596 0.555780933063
9659 0.557809330629
9709 0.559837728195
9718 0.561866125761
9794 0.563894523327
9800 0.567951318458
9800 0.567951318458
9814 0.569979716024
9824 0.57200811359
9870 0.574036511156
9949 0.576064908722
9963 0.578093306288
9977 0.580121703854
9984 0.58215010142
9988 0.584178498986
10035 0.586206896552
10069 0.588235294118
10091 0.590263691684
10106 0.592292089249
10144 0.594320486815
10163 0.596348884381
10250 0.598377281947
10265 0.600405679513
10286 0.602434077079
10289 0.604462474645
10305 0.606490872211
10323 0.608519269777
10353 0.610547667343
10358 0.612576064909
10380 0.614604462475
10381 0.616632860041
10384 0.618661257606
10411 0.620689655172
10436 0.622718052738
10479 0.624746450304
10495 0.62677484787
10521 0.628803245436
10527 0.630831643002
10536 0.632860040568
10538 0.634888438134
10633 0.6369168357
10682 0.638945233266
10684 0.640973630832
10710 0.643002028398
10739 0.645030425963
10769 0.647058823529
10780 0.649087221095
10815 0.651115618661
10842 0.653144016227
10844 0.655172413793
10895 0.657200811359
10896 0.659229208925
10909 0.661257606491
10928 0.663286004057
10999 0.665314401623
11001 0.667342799189
11020 0.669371196755
11026 0.67139959432
11107 0.673427991886
11122 0.675456389452
11125 0.677484787018
11147 0.679513184584
11159 0.68154158215
11177 0.683569979716
11188 0.685598377282
11196 0.687626774848
11223 0.689655172414
11258 0.69168356998
11268 0.693711967546
11278 0.695740365112
11285 0.697768762677
11340 0.699797160243
11367 0.701825557809
11378 0.703853955375
11507 0.705882352941
11598 0.707910750507
11600 0.709939148073
11602 0.711967545639
11664 0.713995943205
11691 0.716024340771
11937 0.718052738337
11938 0.720081135903
11952 0.722109533469
12000 0.724137931034
12078 0.7261663286
12090 0.728194726166
12181 0.730223123732
12241 0.732251521298
12321 0.734279918864
12347 0.73630831643
12429 0.738336713996
12444 0.740365111562
12476 0.742393509128
12575 0.744421906694
12579 0.74645030426
12596 0.748478701826
12717 0.750507099391
12728 0.752535496957
12731 0.754563894523
12755 0.756592292089
12804 0.758620689655
12806 0.760649087221
12893 0.762677484787
12928 0.764705882353
12980 0.766734279919
13029 0.768762677485
13121 0.770791075051
13165 0.772819472617
13282 0.774847870183
13304 0.776876267748
13331 0.778904665314
13414 0.78093306288
13430 0.782961460446
13535 0.784989858012
13567 0.787018255578
13604 0.789046653144
13655 0.79107505071
13897 0.793103448276
13920 0.795131845842
13925 0.797160243408
13949 0.799188640974
14024 0.80121703854
14062 0.803245436105
14211 0.805273833671
14302 0.807302231237
14327 0.809330628803
14333 0.811359026369
14358 0.813387423935
14429 0.815415821501
14467 0.817444219067
14551 0.819472616633
14557 0.821501014199
14592 0.823529411765
14729 0.825557809331
14740 0.827586206897
14749 0.829614604462
14812 0.831643002028
14824 0.833671399594
14848 0.83569979716
14904 0.837728194726
15000 0.839756592292
15063 0.841784989858
15433 0.843813387424
15505 0.84584178499
15540 0.847870182556
15576 0.849898580122
15897 0.851926977688
15988 0.853955375254
16010 0.855983772819
16066 0.858012170385
16234 0.860040567951
16283 0.862068965517
16309 0.864097363083
16413 0.866125760649
16503 0.868154158215
16568 0.870182555781
16670 0.872210953347
16718 0.874239350913
16743 0.876267748479
17004 0.878296146045
17086 0.880324543611
17175 0.882352941176
17328 0.884381338742
17554 0.886409736308
17599 0.888438133874
17796 0.89046653144
17833 0.892494929006
17907 0.894523326572
18235 0.896551724138
18398 0.898580121704
18686 0.90060851927
18755 0.902636916836
19080 0.904665314402
19132 0.906693711968
19264 0.908722109533
19327 0.910750507099
19843 0.912778904665
20453 0.914807302231
20582 0.916835699797
20634 0.918864097363
20680 0.920892494929
20912 0.922920892495
21330 0.924949290061
21687 0.926977687627
22367 0.929006085193
22945 0.931034482759
23055 0.933062880325
23658 0.93509127789
23788 0.937119675456
24228 0.939148073022
24576 0.941176470588
24618 0.943204868154
24814 0.94523326572
25165 0.947261663286
25464 0.949290060852
26489 0.951318458418
26832 0.953346855984
26956 0.95537525355
27265 0.957403651116
27695 0.959432048682
27976 0.961460446247
28822 0.963488843813
29134 0.965517241379
29835 0.967545638945
31768 0.969574036511
32387 0.971602434077
34950 0.973630831643
35155 0.975659229209
37737 0.977687626775
40063 0.979716024341
40520 0.981744421907
42099 0.983772819473
43993 0.985801217039
44872 0.987829614604
51674 0.98985801217
53748 0.991886409736
85255 0.993914807302
91691 0.995943204868
139461 0.997971602434
432091 1.0
