204 0.00204918032787
882 0.00409836065574
2454 0.00614754098361
2500 0.00819672131148
2508 0.0102459016393
2645 0.0122950819672
3015 0.0143442622951
3134 0.016393442623
3380 0.0184426229508
3680 0.0204918032787
3799 0.0225409836066
3969 0.0245901639344
4018 0.0266393442623
4227 0.0286885245902
4234 0.030737704918
4495 0.0327868852459
5457 0.0348360655738
5524 0.0368852459016
5772 0.0389344262295
5846 0.0409836065574
5966 0.0430327868852
6040 0.0450819672131
6249 0.047131147541
6368 0.0491803278689
6756 0.0512295081967
6876 0.0532786885246
6946 0.0553278688525
7001 0.0573770491803
7019 0.0594262295082
7098 0.0614754098361
7154 0.0635245901639
7180 0.0655737704918
7292 0.0676229508197
7333 0.0696721311475
7395 0.0717213114754
7593 0.0737704918033
7617 0.0758196721311
8202 0.077868852459
8807 0.0799180327869
8922 0.0819672131148
8946 0.0840163934426
8963 0.0860655737705
9024 0.0881147540984
9075 0.0901639344262
9231 0.0922131147541
9829 0.094262295082
9979 0.0963114754098
10017 0.0983606557377
10055 0.100409836066
10366 0.102459016393
10492 0.104508196721
10527 0.106557377049
10730 0.108606557377
10971 0.110655737705
11150 0.112704918033
11346 0.114754098361
11350 0.116803278689
11386 0.118852459016
11394 0.120901639344
11403 0.122950819672
11516 0.125
11648 0.127049180328
11708 0.129098360656
11780 0.131147540984
11816 0.133196721311
11859 0.135245901639
12288 0.137295081967
12363 0.139344262295
12426 0.141393442623
12507 0.143442622951
12677 0.145491803279
12719 0.147540983607
12740 0.149590163934
12757 0.151639344262
12880 0.15368852459
13033 0.155737704918
13052 0.157786885246
13062 0.159836065574
13178 0.161885245902
13377 0.16393442623
13473 0.165983606557
13482 0.168032786885
13513 0.170081967213
13522 0.172131147541
13529 0.174180327869
13560 0.176229508197
13993 0.178278688525
14050 0.180327868852
14226 0.18237704918
14249 0.186475409836
14249 0.186475409836
14251 0.188524590164
14441 0.190573770492
14489 0.19262295082
14504 0.194672131148
14560 0.196721311475
14624 0.198770491803
14756 0.200819672131
14879 0.202868852459
14887 0.204918032787
14995 0.206967213115
15348 0.209016393443
15398 0.21106557377
15477 0.213114754098
15518 0.215163934426
15543 0.217213114754
15546 0.219262295082
15643 0.22131147541
15655 0.223360655738
15688 0.225409836066
15707 0.227459016393
15729 0.229508196721
15961 0.231557377049
16032 0.233606557377
16035 0.235655737705
16078 0.237704918033
16182 0.239754098361
16256 0.241803278689
16377 0.243852459016
16383 0.245901639344
16526 0.247950819672
16730 0.25
16755 0.252049180328
16770 0.254098360656
16915 0.256147540984
16933 0.258196721311
16954 0.260245901639
16997 0.262295081967
17063 0.264344262295
17247 0.266393442623
17510 0.268442622951
17723 0.270491803279
17727 0.272540983607
18092 0.274590163934
18504 0.276639344262
18514 0.27868852459
18552 0.280737704918
18637 0.282786885246
18639 0.284836065574
18651 0.286885245902
18674 0.28893442623
18771 0.290983606557
18864 0.293032786885
18933 0.295081967213
19138 0.297131147541
19225 0.301229508197
19225 0.301229508197
19446 0.303278688525
19504 0.30737704918
19504 0.30737704918
19537 0.309426229508
19593 0.311475409836
19764 0.313524590164
19908 0.315573770492
19996 0.31762295082
20021 0.319672131148
20127 0.321721311475
20129 0.323770491803
20154 0.325819672131
20348 0.327868852459
20586 0.329918032787
20602 0.331967213115
20604 0.334016393443
20717 0.33606557377
20732 0.338114754098
20769 0.340163934426
20791 0.342213114754
20902 0.344262295082
21113 0.348360655738
21113 0.348360655738
21156 0.350409836066
21311 0.352459016393
21336 0.354508196721
21375 0.356557377049
21493 0.358606557377
21546 0.360655737705
21730 0.362704918033
21732 0.364754098361
21789 0.366803278689
21922 0.368852459016
22214 0.370901639344
22287 0.372950819672
22304 0.375
22318 0.377049180328
22342 0.379098360656
22377 0.381147540984
22795 0.383196721311
22853 0.385245901639
22922 0.387295081967
22939 0.389344262295
23142 0.391393442623
23473 0.393442622951
23550 0.395491803279
23668 0.397540983607
23714 0.399590163934
23734 0.401639344262
23932 0.40368852459
23978 0.405737704918
24061 0.407786885246
24223 0.409836065574
24257 0.411885245902
24355 0.41393442623
24520 0.415983606557
24856 0.418032786885
25112 0.420081967213
25204 0.422131147541
25284 0.424180327869
25304 0.426229508197
25373 0.428278688525
25403 0.430327868852
25446 0.43237704918
25770 0.434426229508
25840 0.436475409836
25938 0.438524590164
25943 0.440573770492
26006 0.44262295082
26018 0.444672131148
26298 0.446721311475
26406 0.448770491803
26425 0.450819672131
26669 0.452868852459
26710 0.454918032787
26752 0.456967213115
26804 0.459016393443
26876 0.46106557377
26937 0.463114754098
26944 0.465163934426
27094 0.467213114754
27223 0.469262295082
27247 0.47131147541
27257 0.473360655738
27334 0.475409836066
27368 0.477459016393
27419 0.479508196721
27454 0.481557377049
27618 0.483606557377
27651 0.485655737705
27727 0.487704918033
27747 0.489754098361
27801 0.491803278689
27832 0.493852459016
27847 0.495901639344
27906 0.497950819672
27911 0.5
27988 0.502049180328
28009 0.504098360656
28124 0.506147540984
28201 0.508196721311
28418 0.510245901639
28546 0.512295081967
29020 0.514344262295
29071 0.516393442623
29311 0.518442622951
29431 0.520491803279
29465 0.522540983607
29617 0.524590163934
29716 0.526639344262
30116 0.52868852459
30407 0.530737704918
30653 0.532786885246
30676 0.534836065574
30749 0.536885245902
31204 0.53893442623
31253 0.540983606557
31386 0.543032786885
31389 0.545081967213
31497 0.547131147541
31634 0.549180327869
31787 0.551229508197
31799 0.553278688525
31804 0.555327868852
32039 0.55737704918
32058 0.559426229508
32101 0.561475409836
32116 0.563524590164
32126 0.565573770492
32247 0.56762295082
32294 0.569672131148
32371 0.571721311475
32634 0.573770491803
32656 0.575819672131
32850 0.577868852459
32926 0.579918032787
32991 0.581967213115
33064 0.584016393443
33290 0.58606557377
33360 0.588114754098
33418 0.590163934426
33662 0.592213114754
33865 0.594262295082
33908 0.59631147541
34356 0.598360655738
34441 0.600409836066
34487 0.602459016393
34500 0.604508196721
34524 0.606557377049
34649 0.608606557377
34869 0.610655737705
35603 0.612704918033
35625 0.614754098361
35666 0.616803278689
35748 0.618852459016
35769 0.620901639344
35804 0.622950819672
35898 0.625
36019 0.627049180328
36099 0.629098360656
36193 0.631147540984
36386 0.633196721311
36562 0.635245901639
36670 0.637295081967
36810 0.639344262295
37144 0.641393442623
37161 0.643442622951
37564 0.645491803279
37598 0.647540983607
37731 0.649590163934
37876 0.651639344262
37908 0.65368852459
37925 0.655737704918
38243 0.657786885246
38264 0.659836065574
38274 0.661885245902
38536 0.66393442623
38726 0.665983606557
38907 0.668032786885
39091 0.670081967213
39119 0.672131147541
39334 0.674180327869
39431 0.676229508197
39445 0.678278688525
39621 0.680327868852
40008 0.68237704918
40043 0.684426229508
40261 0.686475409836
40635 0.688524590164
40725 0.690573770492
40799 0.69262295082
41102 0.694672131148
41166 0.696721311475
41361 0.698770491803
41472 0.700819672131
41559 0.702868852459
41770 0.704918032787
41995 0.706967213115
42233 0.709016393443
42498 0.71106557377
42502 0.713114754098
42544 0.715163934426
42608 0.717213114754
42708 0.719262295082
42753 0.72131147541
43019 0.723360655738
43072 0.725409836066
43140 0.727459016393
43361 0.729508196721
43428 0.731557377049
43652 0.733606557377
43678 0.735655737705
43729 0.737704918033
44308 0.739754098361
44309 0.741803278689
44635 0.743852459016
44737 0.745901639344
44890 0.747950819672
45105 0.75
45131 0.752049180328
45227 0.754098360656
45680 0.756147540984
45885 0.758196721311
45980 0.760245901639
46353 0.762295081967
46391 0.764344262295
46494 0.766393442623
46668 0.768442622951
46871 0.770491803279
46937 0.772540983607
47097 0.774590163934
47390 0.776639344262
47713 0.77868852459
47860 0.780737704918
48117 0.782786885246
48179 0.784836065574
48298 0.786885245902
48353 0.78893442623
48409 0.790983606557
48448 0.793032786885
48534 0.795081967213
49067 0.797131147541
49162 0.799180327869
49621 0.801229508197
49631 0.803278688525
49762 0.805327868852
50151 0.80737704918
50175 0.809426229508
50517 0.811475409836
50811 0.813524590164
50899 0.815573770492
51054 0.81762295082
51071 0.819672131148
51192 0.821721311475
51194 0.823770491803
51490 0.825819672131
51571 0.827868852459
52132 0.829918032787
52161 0.831967213115
52637 0.834016393443
52644 0.83606557377
52959 0.838114754098
53697 0.840163934426
55095 0.842213114754
55843 0.844262295082
55917 0.84631147541
55921 0.848360655738
56501 0.850409836066
57043 0.852459016393
57442 0.854508196721
58067 0.856557377049
58260 0.858606557377
58391 0.860655737705
58884 0.862704918033
59465 0.864754098361
59980 0.866803278689
60409 0.868852459016
60495 0.870901639344
61432 0.872950819672
61690 0.875
63619 0.877049180328
63925 0.879098360656
64248 0.881147540984
64553 0.883196721311
64609 0.885245901639
65137 0.887295081967
65181 0.889344262295
65611 0.891393442623
65739 0.893442622951
67685 0.895491803279
69677 0.897540983607
70912 0.899590163934
71813 0.901639344262
74339 0.90368852459
77617 0.905737704918
79590 0.907786885246
80104 0.909836065574
83037 0.911885245902
84013 0.91393442623
85373 0.915983606557
87251 0.918032786885
88456 0.920081967213
89569 0.922131147541
89953 0.924180327869
91713 0.926229508197
101555 0.928278688525
103901 0.930327868852
105450 0.93237704918
106288 0.934426229508
109558 0.936475409836
113349 0.938524590164
114052 0.940573770492
114285 0.94262295082
116211 0.944672131148
116317 0.946721311475
116608 0.948770491803
118688 0.950819672131
118865 0.952868852459
120786 0.954918032787
122093 0.956967213115
122216 0.959016393443
122230 0.96106557377
122392 0.963114754098
131176 0.965163934426
133897 0.967213114754
136053 0.969262295082
136210 0.97131147541
137039 0.973360655738
159786 0.975409836066
164293 0.977459016393
169209 0.979508196721
170757 0.981557377049
173473 0.983606557377
176773 0.985655737705
177862 0.987704918033
210637 0.989754098361
215482 0.991803278689
233181 0.993852459016
251165 0.995901639344
251476 0.997950819672
1189463 1.0
