44 0.00202429149798
593 0.00404858299595
681 0.00607287449393
740 0.0080971659919
879 0.0101214574899
963 0.0121457489879
1098 0.0141700404858
1115 0.0161943319838
1143 0.0182186234818
1177 0.0202429149798
1252 0.0222672064777
1328 0.0242914979757
1386 0.0263157894737
1478 0.0283400809717
1504 0.0303643724696
1513 0.0323886639676
1542 0.0344129554656
1602 0.0364372469636
1627 0.0384615384615
1650 0.0404858299595
1669 0.0425101214575
1686 0.0445344129555
1712 0.0465587044534
1750 0.0485829959514
1756 0.0506072874494
1769 0.0526315789474
1786 0.0546558704453
1854 0.0566801619433
1893 0.0607287449393
1893 0.0607287449393
1942 0.0627530364372
1943 0.0647773279352
1973 0.0668016194332
2012 0.0688259109312
2126 0.0708502024291
2166 0.0728744939271
2193 0.0748987854251
2200 0.0769230769231
2214 0.0789473684211
2240 0.080971659919
2248 0.082995951417
2357 0.085020242915
2365 0.087044534413
2371 0.0890688259109
2387 0.0910931174089
2430 0.0931174089069
2449 0.0951417004049
2462 0.0971659919028
2470 0.0991902834008
2496 0.101214574899
2498 0.103238866397
2502 0.105263157895
2515 0.107287449393
2546 0.109311740891
2551 0.111336032389
2559 0.113360323887
2578 0.115384615385
2584 0.117408906883
2611 0.119433198381
2612 0.121457489879
2689 0.123481781377
2718 0.125506072874
2732 0.127530364372
2756 0.12955465587
2764 0.131578947368
2769 0.133603238866
2777 0.135627530364
2780 0.137651821862
2808 0.13967611336
2839 0.141700404858
2854 0.143724696356
2861 0.145748987854
2864 0.147773279352
2935 0.14979757085
2940 0.151821862348
2943 0.153846153846
2949 0.155870445344
2957 0.15991902834
2957 0.15991902834
2958 0.161943319838
2969 0.163967611336
2980 0.165991902834
3031 0.168016194332
3036 0.17004048583
3059 0.172064777328
3070 0.174089068826
3076 0.176113360324
3089 0.178137651822
3103 0.18016194332
3106 0.182186234818
3134 0.184210526316
3138 0.186234817814
3174 0.188259109312
3187 0.192307692308
3187 0.192307692308
3200 0.194331983806
3201 0.196356275304
3204 0.198380566802
3265 0.2004048583
3273 0.202429149798
3274 0.204453441296
3281 0.206477732794
3311 0.208502024291
3317 0.210526315789
3368 0.212550607287
3401 0.214574898785
3405 0.216599190283
3409 0.218623481781
3411 0.220647773279
3489 0.222672064777
3491 0.224696356275
3492 0.226720647773
3494 0.228744939271
3515 0.230769230769
3519 0.232793522267
3525 0.234817813765
3529 0.236842105263
3545 0.238866396761
3561 0.240890688259
3582 0.242914979757
3594 0.244939271255
3596 0.246963562753
3631 0.248987854251
3645 0.251012145749
3649 0.253036437247
3670 0.255060728745
3740 0.257085020243
3782 0.259109311741
3798 0.261133603239
3805 0.263157894737
3807 0.265182186235
3811 0.267206477733
3835 0.269230769231
3845 0.271255060729
3855 0.273279352227
3879 0.275303643725
3883 0.277327935223
3908 0.279352226721
3911 0.281376518219
3933 0.283400809717
3942 0.285425101215
3946 0.287449392713
3957 0.289473684211
3975 0.293522267206
3975 0.293522267206
4010 0.295546558704
4019 0.297570850202
4044 0.2995951417
4046 0.301619433198
4091 0.303643724696
4093 0.305668016194
4126 0.307692307692
4140 0.30971659919
4143 0.311740890688
4144 0.313765182186
4156 0.315789473684
4229 0.317813765182
4233 0.31983805668
4264 0.321862348178
4269 0.323886639676
4272 0.325910931174
4279 0.327935222672
4290 0.32995951417
4309 0.331983805668
4311 0.334008097166
4315 0.336032388664
4322 0.338056680162
4338 0.34008097166
4357 0.342105263158
4389 0.344129554656
4419 0.346153846154
4439 0.348178137652
4453 0.35020242915
4518 0.352226720648
4553 0.354251012146
4569 0.356275303644
4578 0.358299595142
4582 0.36032388664
4587 0.362348178138
4599 0.364372469636
4619 0.366396761134
4627 0.368421052632
4628 0.37044534413
4635 0.372469635628
4681 0.374493927126
4691 0.376518218623
4696 0.378542510121
4698 0.380566801619
4730 0.382591093117
4737 0.386639676113
4737 0.386639676113
4747 0.388663967611
4748 0.390688259109
4751 0.392712550607
4758 0.394736842105
4763 0.396761133603
4776 0.398785425101
4787 0.400809716599
4811 0.402834008097
4831 0.404858299595
4887 0.406882591093
4894 0.408906882591
4909 0.410931174089
4910 0.412955465587
4940 0.414979757085
4943 0.417004048583
4947 0.419028340081
4950 0.421052631579
4951 0.423076923077
4957 0.425101214575
4962 0.427125506073
4977 0.429149797571
4983 0.431174089069
5026 0.433198380567
5036 0.435222672065
5071 0.437246963563
5073 0.441295546559
5073 0.441295546559
5101 0.443319838057
5104 0.445344129555
5158 0.447368421053
5159 0.449392712551
5183 0.451417004049
5209 0.453441295547
5216 0.455465587045
5282 0.457489878543
5292 0.45951417004
5335 0.461538461538
5380 0.463562753036
5419 0.465587044534
5420 0.467611336032
5432 0.46963562753
5444 0.471659919028
5445 0.473684210526
5447 0.475708502024
5458 0.477732793522
5470 0.47975708502
5512 0.483805668016
5512 0.483805668016
5524 0.485829959514
5603 0.487854251012
5615 0.48987854251
5618 0.491902834008
5630 0.493927125506
5645 0.495951417004
5669 0.497975708502
5679 0.5
5690 0.502024291498
5710 0.504048582996
5713 0.506072874494
5714 0.508097165992
5727 0.51012145749
5768 0.512145748988
5779 0.514170040486
5810 0.516194331984
5875 0.518218623482
5914 0.52024291498
5961 0.522267206478
5966 0.524291497976
5968 0.526315789474
5986 0.528340080972
6003 0.53036437247
6012 0.532388663968
6036 0.534412955466
6043 0.536437246964
6062 0.538461538462
6099 0.54048582996
6147 0.542510121457
6150 0.544534412955
6185 0.546558704453
6199 0.548582995951
6242 0.550607287449
6298 0.552631578947
6299 0.554655870445
6320 0.556680161943
6328 0.558704453441
6331 0.560728744939
6340 0.562753036437
6341 0.564777327935
6354 0.566801619433
6402 0.568825910931
6423 0.570850202429
6451 0.572874493927
6457 0.574898785425
6461 0.576923076923
6471 0.578947368421
6507 0.580971659919
6523 0.582995951417
6527 0.585020242915
6533 0.587044534413
6605 0.589068825911
6620 0.591093117409
6621 0.593117408907
6681 0.595141700405
6720 0.597165991903
6732 0.599190283401
6745 0.601214574899
6790 0.603238866397
6793 0.605263157895
6809 0.607287449393
6813 0.609311740891
6814 0.611336032389
6822 0.613360323887
6833 0.615384615385
6837 0.617408906883
6862 0.619433198381
6909 0.621457489879
6942 0.623481781377
6945 0.625506072874
6960 0.627530364372
6985 0.62955465587
7008 0.631578947368
7013 0.633603238866
7015 0.635627530364
7055 0.637651821862
7114 0.63967611336
7144 0.641700404858
7215 0.643724696356
7258 0.645748987854
7278 0.647773279352
7289 0.64979757085
7309 0.651821862348
7347 0.653846153846
7394 0.655870445344
7416 0.657894736842
7433 0.65991902834
7463 0.661943319838
7506 0.663967611336
7511 0.665991902834
7529 0.668016194332
7556 0.67004048583
7577 0.672064777328
7594 0.674089068826
7699 0.676113360324
7705 0.678137651822
7707 0.68016194332
7743 0.682186234818
7770 0.684210526316
7792 0.686234817814
7802 0.688259109312
7812 0.69028340081
7817 0.692307692308
7823 0.694331983806
7853 0.696356275304
7908 0.698380566802
7931 0.7004048583
7956 0.702429149798
7980 0.704453441296
8024 0.706477732794
8030 0.708502024291
8109 0.710526315789
8290 0.712550607287
8307 0.714574898785
8336 0.716599190283
8402 0.718623481781
8405 0.720647773279
8456 0.724696356275
8456 0.724696356275
8471 0.726720647773
8511 0.728744939271
8661 0.730769230769
8682 0.732793522267
8684 0.734817813765
8709 0.736842105263
8764 0.738866396761
8834 0.740890688259
8838 0.742914979757
8877 0.744939271255
8881 0.746963562753
8905 0.748987854251
8918 0.751012145749
8963 0.753036437247
8968 0.755060728745
9031 0.757085020243
9032 0.759109311741
9126 0.761133603239
9307 0.763157894737
9310 0.765182186235
9369 0.767206477733
9402 0.769230769231
9423 0.771255060729
9432 0.773279352227
9436 0.775303643725
9438 0.777327935223
9455 0.779352226721
9610 0.781376518219
9632 0.783400809717
9644 0.785425101215
9645 0.787449392713
9654 0.789473684211
9659 0.791497975709
9699 0.793522267206
9887 0.795546558704
10095 0.797570850202
10099 0.7995951417
10118 0.801619433198
10138 0.803643724696
10162 0.805668016194
10165 0.807692307692
10197 0.80971659919
10207 0.811740890688
10232 0.813765182186
10262 0.815789473684
10282 0.817813765182
10466 0.81983805668
10670 0.821862348178
10823 0.823886639676
10830 0.825910931174
10958 0.827935222672
10973 0.82995951417
10992 0.831983805668
11026 0.834008097166
11068 0.836032388664
11090 0.838056680162
11181 0.84008097166
11313 0.842105263158
11323 0.844129554656
11339 0.846153846154
11374 0.848178137652
11399 0.85020242915
11502 0.852226720648
11589 0.854251012146
11698 0.856275303644
11745 0.858299595142
11840 0.86032388664
11861 0.862348178138
12158 0.864372469636
12242 0.866396761134
12366 0.868421052632
12378 0.87044534413
12419 0.872469635628
12433 0.874493927126
12435 0.876518218623
12539 0.878542510121
12555 0.880566801619
12992 0.882591093117
13117 0.884615384615
13375 0.886639676113
13494 0.888663967611
13839 0.890688259109
13937 0.892712550607
13969 0.894736842105
14100 0.896761133603
14400 0.898785425101
14667 0.900809716599
14704 0.902834008097
14730 0.904858299595
14746 0.906882591093
14836 0.908906882591
15023 0.910931174089
15333 0.912955465587
15364 0.914979757085
15446 0.917004048583
15536 0.919028340081
15822 0.921052631579
16088 0.923076923077
16116 0.925101214575
16246 0.927125506073
16442 0.929149797571
16601 0.931174089069
16612 0.933198380567
16690 0.935222672065
16861 0.937246963563
16945 0.939271255061
16981 0.941295546559
17030 0.943319838057
17083 0.945344129555
17113 0.947368421053
17474 0.949392712551
17900 0.951417004049
17922 0.953441295547
18241 0.955465587045
18688 0.957489878543
18950 0.95951417004
19500 0.961538461538
19539 0.963562753036
22062 0.965587044534
22098 0.967611336032
22158 0.971659919028
22158 0.971659919028
22379 0.973684210526
23134 0.975708502024
23153 0.977732793522
24558 0.97975708502
25565 0.981781376518
26904 0.983805668016
31340 0.985829959514
32927 0.987854251012
41766 0.98987854251
43097 0.991902834008
125431 0.993927125506
127876 0.995951417004
136651 0.997975708502
430989 1.0
