155 0.00204498977505
900 0.0040899795501
2129 0.00613496932515
2516 0.0081799591002
2562 0.0102249488753
2820 0.0122699386503
2936 0.0143149284254
3445 0.0163599182004
3546 0.0184049079755
4041 0.0204498977505
4220 0.0224948875256
4300 0.0245398773006
4337 0.0265848670757
4479 0.0286298568507
4712 0.0306748466258
4776 0.0327198364008
4810 0.0347648261759
4966 0.0368098159509
5107 0.038854805726
5640 0.040899795501
5757 0.0429447852761
6054 0.0449897750511
6117 0.0470347648262
6155 0.0490797546012
6445 0.0511247443763
6553 0.0531697341513
6587 0.0552147239264
6648 0.0572597137014
6678 0.0593047034765
6772 0.0613496932515
6998 0.0633946830266
7137 0.0654396728016
7682 0.0674846625767
7748 0.0695296523517
7821 0.0715746421268
8089 0.0736196319018
8498 0.0756646216769
8826 0.0777096114519
9076 0.079754601227
9215 0.081799591002
9339 0.0838445807771
9443 0.0858895705521
9475 0.0879345603272
9692 0.0899795501022
9858 0.0920245398773
10065 0.0940695296524
10186 0.0961145194274
10226 0.0981595092025
10255 0.100204498978
10321 0.102249488753
10391 0.104294478528
10548 0.106339468303
10595 0.108384458078
10668 0.110429447853
10721 0.112474437628
10794 0.114519427403
11607 0.116564417178
11637 0.118609406953
11650 0.120654396728
11760 0.122699386503
11762 0.124744376278
11816 0.126789366053
11926 0.128834355828
12043 0.130879345603
12130 0.132924335378
12144 0.134969325153
12167 0.137014314928
12174 0.139059304703
12280 0.141104294479
12304 0.143149284254
12487 0.145194274029
12722 0.147239263804
12831 0.149284253579
12851 0.151329243354
12927 0.153374233129
12990 0.155419222904
13040 0.157464212679
13107 0.159509202454
13237 0.161554192229
13301 0.163599182004
13404 0.165644171779
13503 0.167689161554
13591 0.169734151329
13677 0.171779141104
13703 0.173824130879
13776 0.175869120654
13800 0.177914110429
14086 0.179959100204
14100 0.184049079755
14100 0.184049079755
14116 0.18609406953
14188 0.188139059305
14306 0.19018404908
14314 0.192229038855
14337 0.19427402863
14676 0.196319018405
14703 0.19836400818
14825 0.200408997955
15123 0.20245398773
15197 0.204498977505
15199 0.20654396728
15290 0.208588957055
15313 0.21063394683
15520 0.212678936605
15783 0.21472392638
15978 0.216768916155
15981 0.21881390593
15984 0.220858895706
15996 0.222903885481
16053 0.224948875256
16116 0.226993865031
16125 0.229038854806
16126 0.231083844581
16134 0.233128834356
16435 0.235173824131
16713 0.237218813906
16739 0.239263803681
16787 0.241308793456
16841 0.243353783231
16938 0.245398773006
17290 0.247443762781
17459 0.249488752556
17504 0.251533742331
17551 0.253578732106
17765 0.255623721881
17918 0.257668711656
17931 0.259713701431
17965 0.261758691207
18069 0.263803680982
18186 0.265848670757
18194 0.267893660532
18297 0.269938650307
18371 0.271983640082
18417 0.274028629857
18879 0.276073619632
18898 0.278118609407
18906 0.280163599182
19187 0.282208588957
19219 0.284253578732
19268 0.286298568507
19285 0.288343558282
19301 0.290388548057
19330 0.292433537832
19334 0.294478527607
19497 0.296523517382
19515 0.298568507157
19520 0.300613496933
19794 0.302658486708
19806 0.304703476483
19821 0.308793456033
19821 0.308793456033
19837 0.310838445808
19924 0.312883435583
19948 0.314928425358
20312 0.316973415133
20399 0.319018404908
20600 0.321063394683
20745 0.323108384458
21150 0.325153374233
21245 0.327198364008
21298 0.329243353783
21315 0.331288343558
21547 0.333333333333
21580 0.335378323108
21631 0.337423312883
21751 0.339468302658
21819 0.341513292434
21828 0.343558282209
22018 0.345603271984
22052 0.347648261759
22119 0.349693251534
22318 0.351738241309
22379 0.353783231084
22464 0.355828220859
22491 0.357873210634
22526 0.359918200409
22565 0.361963190184
22790 0.364008179959
22833 0.366053169734
22923 0.368098159509
22954 0.370143149284
23237 0.372188139059
23245 0.374233128834
23400 0.376278118609
23465 0.378323108384
23475 0.38036809816
23516 0.382413087935
23597 0.38445807771
23937 0.386503067485
24110 0.38854805726
24322 0.390593047035
24609 0.39263803681
24625 0.394683026585
24651 0.39672801636
24706 0.398773006135
24744 0.40081799591
24867 0.402862985685
24930 0.40490797546
24998 0.406952965235
25039 0.40899795501
25169 0.411042944785
25223 0.41308793456
25333 0.415132924335
25399 0.41717791411
25455 0.419222903885
25501 0.421267893661
25695 0.423312883436
25765 0.425357873211
25777 0.427402862986
25834 0.429447852761
25836 0.431492842536
26006 0.433537832311
26196 0.435582822086
26247 0.437627811861
26416 0.439672801636
26472 0.441717791411
26494 0.443762781186
26567 0.445807770961
26803 0.447852760736
26938 0.449897750511
26968 0.451942740286
26985 0.453987730061
27137 0.456032719836
27455 0.458077709611
27508 0.460122699387
27542 0.462167689162
27548 0.464212678937
27558 0.466257668712
27704 0.468302658487
27714 0.470347648262
27762 0.472392638037
27763 0.474437627812
27790 0.476482617587
27795 0.478527607362
27808 0.480572597137
27956 0.482617586912
28307 0.484662576687
28365 0.486707566462
28371 0.488752556237
28503 0.490797546012
28518 0.492842535787
28716 0.494887525562
28783 0.496932515337
28784 0.498977505112
28847 0.501022494888
29192 0.503067484663
29197 0.505112474438
29228 0.507157464213
29306 0.509202453988
29546 0.511247443763
29754 0.513292433538
29780 0.515337423313
30158 0.517382413088
30410 0.519427402863
30439 0.521472392638
30625 0.523517382413
30830 0.525562372188
30937 0.527607361963
31336 0.529652351738
31358 0.531697341513
31504 0.533742331288
31606 0.535787321063
31614 0.537832310838
31818 0.539877300613
31902 0.541922290389
31956 0.543967280164
32101 0.546012269939
32221 0.550102249489
32221 0.550102249489
32343 0.552147239264
32481 0.554192229039
32653 0.558282208589
32653 0.558282208589
33131 0.560327198364
33361 0.562372188139
33397 0.564417177914
33484 0.566462167689
33549 0.568507157464
33799 0.570552147239
34072 0.572597137014
34174 0.574642126789
34247 0.576687116564
34319 0.578732106339
34356 0.580777096115
34361 0.58282208589
34426 0.584867075665
34924 0.58691206544
34938 0.588957055215
35004 0.59100204499
35165 0.593047034765
35249 0.59509202454
35338 0.597137014315
35440 0.59918200409
35470 0.601226993865
35591 0.60327198364
35630 0.605316973415
35668 0.60736196319
35955 0.609406952965
35957 0.61145194274
36504 0.613496932515
36576 0.61554192229
36612 0.617586912065
36867 0.61963190184
37059 0.621676891616
37236 0.623721881391
37351 0.625766871166
37440 0.627811860941
37607 0.629856850716
37609 0.631901840491
37678 0.633946830266
37702 0.635991820041
37761 0.638036809816
37790 0.640081799591
37815 0.642126789366
37963 0.644171779141
38124 0.646216768916
38266 0.648261758691
38636 0.650306748466
38821 0.652351738241
38939 0.654396728016
38945 0.656441717791
39122 0.658486707566
39285 0.660531697342
39494 0.662576687117
39522 0.664621676892
39543 0.666666666667
39588 0.668711656442
39658 0.670756646217
39872 0.672801635992
39905 0.674846625767
40021 0.676891615542
40385 0.678936605317
40398 0.680981595092
40438 0.683026584867
40442 0.685071574642
40445 0.687116564417
41033 0.689161554192
41150 0.691206543967
41200 0.693251533742
41783 0.695296523517
41858 0.697341513292
42012 0.699386503067
42054 0.701431492843
42086 0.703476482618
42088 0.705521472393
42396 0.707566462168
42587 0.709611451943
42913 0.711656441718
43427 0.713701431493
43438 0.715746421268
43491 0.717791411043
44082 0.719836400818
44225 0.721881390593
44420 0.723926380368
44546 0.725971370143
44599 0.728016359918
44746 0.730061349693
44955 0.732106339468
45220 0.734151329243
45336 0.736196319018
45398 0.738241308793
45494 0.740286298569
45586 0.742331288344
45660 0.744376278119
45772 0.746421267894
45823 0.748466257669
45870 0.750511247444
45940 0.752556237219
46156 0.754601226994
46381 0.756646216769
46699 0.758691206544
47434 0.760736196319
47584 0.762781186094
48288 0.764826175869
48289 0.766871165644
48406 0.768916155419
48409 0.770961145194
48756 0.773006134969
48940 0.775051124744
49143 0.777096114519
49167 0.779141104294
49437 0.78118609407
49777 0.783231083845
50000 0.78527607362
50398 0.787321063395
50506 0.78936605317
50538 0.791411042945
50628 0.79345603272
50721 0.795501022495
51187 0.79754601227
51247 0.799591002045
51519 0.80163599182
51642 0.803680981595
51795 0.80572597137
51798 0.807770961145
51964 0.80981595092
52042 0.811860940695
52244 0.81390593047
52261 0.815950920245
52346 0.81799591002
52455 0.820040899796
52882 0.822085889571
53036 0.824130879346
53070 0.826175869121
53230 0.828220858896
53287 0.830265848671
53559 0.832310838446
53761 0.834355828221
54703 0.836400817996
54848 0.838445807771
55169 0.840490797546
56672 0.842535787321
57159 0.844580777096
57331 0.846625766871
57464 0.848670756646
57607 0.850715746421
58535 0.852760736196
59356 0.854805725971
59528 0.856850715746
59966 0.858895705521
60024 0.860940695297
60421 0.862985685072
60661 0.865030674847
60831 0.867075664622
61666 0.869120654397
61884 0.871165644172
62347 0.873210633947
63427 0.875255623722
64278 0.877300613497
64583 0.879345603272
66556 0.881390593047
66643 0.883435582822
67046 0.885480572597
67050 0.887525562372
67245 0.889570552147
68075 0.891615541922
68637 0.893660531697
69086 0.895705521472
69096 0.897750511247
69862 0.899795501022
70087 0.901840490798
70175 0.903885480573
70328 0.905930470348
71357 0.907975460123
72181 0.910020449898
74645 0.912065439673
75724 0.914110429448
76178 0.916155419223
81344 0.918200408998
82196 0.920245398773
85786 0.922290388548
85836 0.924335378323
87328 0.926380368098
90447 0.928425357873
95175 0.930470347648
95207 0.932515337423
100530 0.934560327198
101244 0.936605316973
106518 0.938650306748
107649 0.940695296524
108039 0.942740286299
111141 0.944785276074
116880 0.946830265849
120246 0.948875255624
123076 0.950920245399
123245 0.952965235174
123478 0.955010224949
123911 0.957055214724
125880 0.959100204499
127004 0.961145194274
128117 0.963190184049
129743 0.965235173824
134130 0.967280163599
134431 0.969325153374
135807 0.971370143149
136944 0.973415132924
140293 0.975460122699
153060 0.977505112474
172108 0.979550102249
173326 0.981595092025
179665 0.9836400818
185042 0.985685071575
186789 0.98773006135
200080 0.989775051125
200717 0.9918200409
238290 0.993865030675
266464 0.99591002045
270831 0.997955010225
480923 1.0
