148 0.00204498977505
938 0.0040899795501
1997 0.00613496932515
2128 0.0081799591002
2643 0.0102249488753
2781 0.0122699386503
2954 0.0143149284254
2968 0.0163599182004
3009 0.0184049079755
3283 0.0204498977505
3689 0.0224948875256
4016 0.0245398773006
4226 0.0265848670757
4379 0.0286298568507
4638 0.0306748466258
4654 0.0327198364008
4783 0.0347648261759
4884 0.0368098159509
4950 0.038854805726
5063 0.040899795501
5414 0.0429447852761
5442 0.0449897750511
5924 0.0470347648262
6047 0.0490797546012
6328 0.0511247443763
6355 0.0531697341513
6434 0.0552147239264
6443 0.0572597137014
6744 0.0593047034765
6774 0.0613496932515
6783 0.0633946830266
7135 0.0654396728016
7186 0.0674846625767
7250 0.0695296523517
7873 0.0715746421268
7914 0.0736196319018
8138 0.0756646216769
8155 0.0777096114519
8449 0.079754601227
8500 0.081799591002
8532 0.0838445807771
8540 0.0858895705521
8745 0.0879345603272
8807 0.0899795501022
9273 0.0920245398773
9330 0.0940695296524
9674 0.0961145194274
9684 0.0981595092025
9787 0.100204498978
9932 0.102249488753
9934 0.104294478528
10051 0.106339468303
10382 0.108384458078
10577 0.110429447853
10680 0.112474437628
10698 0.114519427403
10797 0.116564417178
10809 0.118609406953
10821 0.120654396728
10851 0.122699386503
10906 0.124744376278
11204 0.126789366053
11234 0.128834355828
11250 0.130879345603
11289 0.132924335378
11445 0.134969325153
11636 0.137014314928
11643 0.139059304703
11746 0.141104294479
11766 0.143149284254
12060 0.145194274029
12081 0.147239263804
12156 0.149284253579
12205 0.151329243354
12225 0.153374233129
12359 0.155419222904
12424 0.157464212679
12480 0.159509202454
12556 0.161554192229
12700 0.163599182004
12708 0.165644171779
12764 0.167689161554
12783 0.169734151329
12846 0.171779141104
12930 0.173824130879
13164 0.175869120654
13255 0.177914110429
13363 0.179959100204
13622 0.18200408998
13729 0.184049079755
13773 0.18609406953
13783 0.188139059305
13851 0.19018404908
13986 0.192229038855
14028 0.19427402863
14060 0.196319018405
14114 0.19836400818
14156 0.200408997955
14451 0.20245398773
14480 0.204498977505
14567 0.20654396728
14600 0.208588957055
14659 0.21063394683
14755 0.212678936605
14771 0.21472392638
14792 0.216768916155
14919 0.21881390593
15056 0.220858895706
15167 0.222903885481
15185 0.224948875256
15219 0.226993865031
15247 0.229038854806
15250 0.231083844581
15377 0.233128834356
15435 0.235173824131
15555 0.237218813906
15570 0.239263803681
15586 0.241308793456
15769 0.243353783231
15819 0.245398773006
15825 0.247443762781
15885 0.249488752556
15999 0.251533742331
16241 0.253578732106
16245 0.255623721881
16412 0.257668711656
16534 0.259713701431
16863 0.261758691207
17029 0.263803680982
17169 0.265848670757
17189 0.267893660532
17350 0.269938650307
17368 0.271983640082
17406 0.274028629857
17452 0.276073619632
17500 0.278118609407
17501 0.280163599182
17505 0.282208588957
17632 0.284253578732
17885 0.286298568507
17893 0.288343558282
18259 0.290388548057
18267 0.292433537832
18307 0.294478527607
18400 0.296523517382
18544 0.298568507157
18574 0.300613496933
18628 0.302658486708
18629 0.304703476483
18711 0.306748466258
18755 0.308793456033
18756 0.310838445808
18919 0.312883435583
18929 0.314928425358
18984 0.316973415133
19198 0.319018404908
19209 0.321063394683
19366 0.323108384458
19418 0.325153374233
19634 0.327198364008
19658 0.329243353783
19749 0.331288343558
19806 0.333333333333
19909 0.335378323108
19935 0.337423312883
20067 0.339468302658
20469 0.341513292434
20572 0.343558282209
20600 0.345603271984
20646 0.347648261759
20785 0.349693251534
20992 0.351738241309
21040 0.353783231084
21053 0.355828220859
21262 0.357873210634
21291 0.359918200409
21299 0.361963190184
21392 0.364008179959
21417 0.366053169734
21558 0.368098159509
21781 0.370143149284
21881 0.372188139059
21985 0.374233128834
22000 0.376278118609
22045 0.378323108384
22089 0.38036809816
22091 0.382413087935
22159 0.38445807771
22249 0.386503067485
22280 0.38854805726
22447 0.390593047035
22496 0.39263803681
22611 0.394683026585
22828 0.39672801636
22955 0.398773006135
23021 0.40081799591
23099 0.402862985685
23103 0.40490797546
23121 0.406952965235
23277 0.40899795501
23500 0.411042944785
23557 0.41308793456
23793 0.415132924335
23981 0.41717791411
24116 0.419222903885
24314 0.421267893661
24461 0.423312883436
24505 0.425357873211
24520 0.427402862986
24721 0.429447852761
24770 0.431492842536
24831 0.433537832311
24909 0.435582822086
24922 0.437627811861
24972 0.439672801636
25003 0.441717791411
25029 0.443762781186
25068 0.445807770961
25127 0.447852760736
25159 0.449897750511
25282 0.451942740286
25302 0.453987730061
25497 0.456032719836
25539 0.458077709611
25560 0.460122699387
25865 0.462167689162
25924 0.464212678937
25958 0.466257668712
26111 0.468302658487
26200 0.470347648262
26329 0.472392638037
26371 0.474437627812
26525 0.476482617587
26591 0.478527607362
26710 0.480572597137
26761 0.482617586912
26856 0.484662576687
26866 0.486707566462
27026 0.488752556237
27122 0.490797546012
27284 0.492842535787
27302 0.494887525562
27387 0.496932515337
27403 0.498977505112
27420 0.501022494888
27428 0.503067484663
27489 0.505112474438
27555 0.507157464213
27659 0.509202453988
28244 0.511247443763
28715 0.513292433538
28798 0.515337423313
28843 0.517382413088
29121 0.519427402863
29240 0.521472392638
29272 0.523517382413
29379 0.525562372188
29438 0.527607361963
29584 0.529652351738
29588 0.531697341513
29621 0.533742331288
29667 0.535787321063
29871 0.537832310838
29895 0.539877300613
30161 0.541922290389
30175 0.543967280164
30242 0.546012269939
30402 0.548057259714
30585 0.550102249489
30740 0.552147239264
30961 0.554192229039
31053 0.556237218814
31064 0.558282208589
31421 0.560327198364
31460 0.562372188139
31739 0.564417177914
31775 0.566462167689
31779 0.568507157464
31823 0.570552147239
31873 0.572597137014
31881 0.574642126789
31936 0.576687116564
32036 0.578732106339
32140 0.580777096115
32190 0.58282208589
32223 0.584867075665
32260 0.58691206544
32282 0.588957055215
32459 0.59100204499
32622 0.593047034765
32657 0.59509202454
32749 0.597137014315
32976 0.59918200409
33117 0.601226993865
33225 0.60327198364
33367 0.605316973415
33387 0.60736196319
33529 0.609406952965
33534 0.61145194274
33627 0.613496932515
33753 0.61554192229
34010 0.617586912065
34089 0.61963190184
34124 0.621676891616
34132 0.623721881391
34392 0.625766871166
34405 0.627811860941
34533 0.629856850716
34770 0.631901840491
35093 0.633946830266
35680 0.635991820041
35803 0.638036809816
35828 0.640081799591
35858 0.642126789366
35919 0.644171779141
35955 0.646216768916
36146 0.648261758691
36179 0.650306748466
36192 0.652351738241
36620 0.654396728016
36625 0.656441717791
36679 0.658486707566
36703 0.660531697342
36846 0.662576687117
37036 0.664621676892
37217 0.666666666667
37507 0.668711656442
37540 0.670756646217
37541 0.672801635992
37582 0.674846625767
37665 0.676891615542
37844 0.678936605317
38074 0.680981595092
38326 0.683026584867
38396 0.685071574642
38477 0.687116564417
38656 0.689161554192
38844 0.691206543967
38848 0.693251533742
38900 0.695296523517
39047 0.697341513292
39286 0.699386503067
39394 0.701431492843
39425 0.703476482618
39526 0.705521472393
40142 0.707566462168
40759 0.709611451943
41078 0.711656441718
41149 0.713701431493
41526 0.715746421268
41559 0.717791411043
41654 0.719836400818
41824 0.721881390593
41902 0.723926380368
42060 0.725971370143
42070 0.728016359918
42415 0.730061349693
42733 0.732106339468
42814 0.734151329243
42878 0.736196319018
42931 0.738241308793
43130 0.740286298569
43142 0.742331288344
43167 0.744376278119
43194 0.746421267894
43215 0.748466257669
43809 0.750511247444
43862 0.752556237219
44133 0.754601226994
44269 0.756646216769
44275 0.758691206544
44546 0.760736196319
44596 0.762781186094
44631 0.764826175869
44888 0.766871165644
45005 0.768916155419
45099 0.770961145194
45173 0.773006134969
45209 0.775051124744
45672 0.777096114519
45944 0.779141104294
46192 0.78118609407
46600 0.783231083845
46772 0.78527607362
46835 0.787321063395
47003 0.78936605317
47100 0.791411042945
47208 0.79345603272
47288 0.795501022495
47321 0.79754601227
47529 0.799591002045
47572 0.80163599182
48442 0.803680981595
49262 0.80572597137
49481 0.807770961145
49669 0.80981595092
50009 0.811860940695
50853 0.81390593047
50867 0.815950920245
50971 0.81799591002
51026 0.820040899796
51202 0.822085889571
51353 0.824130879346
51495 0.826175869121
51646 0.828220858896
51732 0.830265848671
51975 0.832310838446
51989 0.834355828221
52313 0.836400817996
52680 0.838445807771
52890 0.840490797546
53759 0.842535787321
54011 0.844580777096
54494 0.846625766871
55363 0.848670756646
56493 0.850715746421
56804 0.852760736196
57024 0.854805725971
57118 0.856850715746
57134 0.858895705521
57557 0.860940695297
57774 0.862985685072
58120 0.865030674847
58335 0.867075664622
58997 0.869120654397
59877 0.871165644172
60406 0.873210633947
60494 0.875255623722
60581 0.877300613497
61481 0.879345603272
62855 0.881390593047
62908 0.883435582822
63334 0.885480572597
63788 0.887525562372
64899 0.889570552147
65336 0.891615541922
65549 0.893660531697
67291 0.895705521472
67985 0.897750511247
68651 0.899795501022
69053 0.901840490798
69735 0.903885480573
72199 0.905930470348
73854 0.907975460123
76343 0.910020449898
76529 0.912065439673
77490 0.914110429448
77592 0.916155419223
77993 0.918200408998
80721 0.920245398773
83596 0.922290388548
85644 0.924335378323
88272 0.926380368098
89844 0.928425357873
91872 0.930470347648
100809 0.932515337423
106565 0.934560327198
106793 0.936605316973
109236 0.938650306748
113816 0.940695296524
114508 0.942740286299
115630 0.944785276074
115785 0.946830265849
118732 0.948875255624
119781 0.950920245399
119917 0.952965235174
120128 0.955010224949
120501 0.957055214724
121919 0.959100204499
122018 0.961145194274
124675 0.963190184049
128015 0.965235173824
130363 0.967280163599
133629 0.969325153374
135804 0.971370143149
137479 0.973415132924
148849 0.975460122699
161265 0.977505112474
167019 0.979550102249
169131 0.981595092025
172513 0.9836400818
173550 0.985685071575
179341 0.98773006135
203984 0.989775051125
224358 0.9918200409
229874 0.993865030675
255965 0.99591002045
258293 0.997955010225
482168 1.0
