63 0.00202429149798
436 0.00404858299595
585 0.00607287449393
647 0.0080971659919
665 0.0101214574899
677 0.0121457489879
718 0.0141700404858
771 0.0161943319838
819 0.0182186234818
850 0.0202429149798
876 0.0222672064777
885 0.0242914979757
916 0.0263157894737
992 0.0283400809717
1026 0.0323886639676
1026 0.0323886639676
1091 0.0344129554656
1114 0.0364372469636
1127 0.0384615384615
1139 0.0404858299595
1156 0.0425101214575
1164 0.0445344129555
1170 0.0465587044534
1209 0.0485829959514
1225 0.0506072874494
1227 0.0526315789474
1236 0.0546558704453
1238 0.0566801619433
1248 0.0587044534413
1251 0.0607287449393
1276 0.0627530364372
1292 0.0647773279352
1319 0.0668016194332
1363 0.0688259109312
1400 0.0708502024291
1403 0.0748987854251
1403 0.0748987854251
1437 0.0769230769231
1459 0.0789473684211
1466 0.080971659919
1480 0.082995951417
1488 0.085020242915
1542 0.087044534413
1572 0.0890688259109
1579 0.0910931174089
1581 0.0931174089069
1594 0.0951417004049
1601 0.0971659919028
1604 0.0991902834008
1628 0.101214574899
1639 0.103238866397
1645 0.105263157895
1651 0.107287449393
1664 0.109311740891
1674 0.111336032389
1687 0.113360323887
1691 0.115384615385
1702 0.117408906883
1735 0.119433198381
1772 0.121457489879
1789 0.123481781377
1822 0.125506072874
1860 0.127530364372
1862 0.12955465587
1871 0.131578947368
1887 0.133603238866
1895 0.135627530364
1915 0.137651821862
1916 0.13967611336
1920 0.141700404858
1933 0.143724696356
1936 0.147773279352
1936 0.147773279352
1939 0.14979757085
1943 0.151821862348
1962 0.153846153846
1963 0.155870445344
1964 0.157894736842
1967 0.15991902834
1979 0.161943319838
1983 0.163967611336
1988 0.165991902834
2002 0.168016194332
2027 0.17004048583
2046 0.172064777328
2077 0.174089068826
2083 0.176113360324
2089 0.178137651822
2104 0.18016194332
2105 0.182186234818
2111 0.184210526316
2127 0.186234817814
2138 0.188259109312
2143 0.19028340081
2150 0.192307692308
2155 0.194331983806
2158 0.196356275304
2165 0.198380566802
2173 0.2004048583
2177 0.202429149798
2182 0.204453441296
2189 0.206477732794
2194 0.208502024291
2200 0.210526315789
2208 0.212550607287
2209 0.214574898785
2217 0.216599190283
2227 0.218623481781
2233 0.220647773279
2241 0.222672064777
2270 0.224696356275
2307 0.226720647773
2324 0.228744939271
2327 0.230769230769
2332 0.232793522267
2334 0.234817813765
2344 0.236842105263
2349 0.238866396761
2377 0.242914979757
2377 0.242914979757
2378 0.244939271255
2380 0.246963562753
2391 0.248987854251
2405 0.251012145749
2439 0.253036437247
2453 0.255060728745
2475 0.257085020243
2476 0.259109311741
2481 0.261133603239
2506 0.263157894737
2525 0.265182186235
2526 0.267206477733
2542 0.269230769231
2552 0.271255060729
2553 0.273279352227
2560 0.275303643725
2568 0.277327935223
2577 0.279352226721
2578 0.281376518219
2598 0.283400809717
2599 0.285425101215
2601 0.287449392713
2620 0.289473684211
2641 0.291497975709
2648 0.293522267206
2657 0.297570850202
2657 0.297570850202
2660 0.2995951417
2666 0.301619433198
2686 0.303643724696
2695 0.305668016194
2732 0.307692307692
2737 0.30971659919
2748 0.311740890688
2753 0.313765182186
2761 0.315789473684
2774 0.317813765182
2783 0.31983805668
2795 0.321862348178
2808 0.323886639676
2812 0.325910931174
2816 0.327935222672
2817 0.32995951417
2852 0.331983805668
2884 0.334008097166
2902 0.336032388664
2921 0.338056680162
2951 0.34008097166
2962 0.342105263158
2969 0.344129554656
2970 0.346153846154
2983 0.348178137652
2985 0.35020242915
2993 0.352226720648
2995 0.354251012146
3007 0.356275303644
3018 0.358299595142
3023 0.36032388664
3028 0.362348178138
3035 0.364372469636
3038 0.366396761134
3040 0.368421052632
3060 0.37044534413
3067 0.372469635628
3074 0.374493927126
3075 0.376518218623
3096 0.380566801619
3096 0.380566801619
3098 0.382591093117
3099 0.384615384615
3104 0.386639676113
3105 0.388663967611
3120 0.390688259109
3126 0.394736842105
3126 0.394736842105
3130 0.396761133603
3133 0.398785425101
3154 0.402834008097
3154 0.402834008097
3156 0.404858299595
3160 0.406882591093
3165 0.408906882591
3171 0.410931174089
3181 0.412955465587
3187 0.414979757085
3198 0.417004048583
3200 0.419028340081
3201 0.421052631579
3205 0.423076923077
3232 0.425101214575
3234 0.427125506073
3236 0.429149797571
3241 0.431174089069
3280 0.433198380567
3297 0.435222672065
3307 0.437246963563
3312 0.439271255061
3324 0.441295546559
3332 0.443319838057
3334 0.445344129555
3335 0.447368421053
3341 0.449392712551
3376 0.451417004049
3377 0.453441295547
3378 0.455465587045
3385 0.457489878543
3391 0.45951417004
3401 0.461538461538
3447 0.463562753036
3455 0.465587044534
3481 0.467611336032
3485 0.46963562753
3507 0.471659919028
3532 0.473684210526
3546 0.475708502024
3557 0.477732793522
3562 0.47975708502
3568 0.481781376518
3574 0.483805668016
3585 0.485829959514
3597 0.487854251012
3665 0.48987854251
3668 0.491902834008
3669 0.493927125506
3701 0.495951417004
3706 0.497975708502
3708 0.5
3709 0.502024291498
3728 0.504048582996
3768 0.506072874494
3770 0.508097165992
3803 0.51012145749
3849 0.512145748988
3864 0.514170040486
3866 0.516194331984
3875 0.518218623482
3914 0.52024291498
3916 0.522267206478
3920 0.524291497976
3924 0.526315789474
3928 0.528340080972
3929 0.532388663968
3929 0.532388663968
3936 0.534412955466
3938 0.536437246964
3959 0.538461538462
3967 0.54048582996
3968 0.542510121457
3971 0.544534412955
3979 0.546558704453
3990 0.548582995951
4015 0.550607287449
4016 0.552631578947
4026 0.554655870445
4041 0.556680161943
4072 0.558704453441
4116 0.562753036437
4116 0.562753036437
4117 0.564777327935
4141 0.566801619433
4160 0.568825910931
4166 0.570850202429
4168 0.572874493927
4173 0.574898785425
4175 0.576923076923
4187 0.578947368421
4231 0.580971659919
4237 0.582995951417
4259 0.585020242915
4271 0.587044534413
4280 0.589068825911
4286 0.591093117409
4299 0.593117408907
4301 0.595141700405
4342 0.597165991903
4399 0.599190283401
4407 0.601214574899
4414 0.603238866397
4416 0.605263157895
4450 0.607287449393
4455 0.609311740891
4463 0.611336032389
4503 0.613360323887
4505 0.615384615385
4506 0.617408906883
4535 0.619433198381
4540 0.621457489879
4570 0.623481781377
4573 0.625506072874
4650 0.627530364372
4689 0.62955465587
4694 0.631578947368
4707 0.633603238866
4712 0.635627530364
4728 0.637651821862
4741 0.63967611336
4790 0.641700404858
4796 0.643724696356
4798 0.645748987854
4812 0.647773279352
4825 0.64979757085
4833 0.651821862348
4839 0.653846153846
4841 0.655870445344
4858 0.657894736842
4863 0.65991902834
4911 0.661943319838
4943 0.663967611336
4946 0.665991902834
4949 0.668016194332
4960 0.67004048583
4997 0.672064777328
5025 0.674089068826
5034 0.676113360324
5046 0.678137651822
5059 0.68016194332
5082 0.682186234818
5098 0.684210526316
5143 0.686234817814
5150 0.688259109312
5158 0.69028340081
5181 0.692307692308
5208 0.694331983806
5225 0.696356275304
5228 0.698380566802
5242 0.7004048583
5269 0.702429149798
5333 0.704453441296
5360 0.706477732794
5377 0.708502024291
5402 0.710526315789
5416 0.712550607287
5425 0.714574898785
5435 0.716599190283
5441 0.718623481781
5445 0.720647773279
5458 0.722672064777
5460 0.724696356275
5481 0.726720647773
5520 0.728744939271
5552 0.730769230769
5668 0.732793522267
5674 0.734817813765
5722 0.736842105263
5797 0.738866396761
5799 0.740890688259
5804 0.742914979757
5870 0.744939271255
5896 0.746963562753
5897 0.748987854251
5914 0.751012145749
5924 0.753036437247
5939 0.755060728745
5993 0.757085020243
6021 0.759109311741
6032 0.761133603239
6035 0.763157894737
6040 0.765182186235
6062 0.769230769231
6062 0.769230769231
6107 0.771255060729
6128 0.773279352227
6140 0.775303643725
6177 0.777327935223
6182 0.779352226721
6188 0.781376518219
6207 0.783400809717
6253 0.785425101215
6259 0.787449392713
6271 0.789473684211
6287 0.791497975709
6306 0.793522267206
6319 0.795546558704
6323 0.797570850202
6374 0.7995951417
6396 0.801619433198
6412 0.803643724696
6467 0.805668016194
6468 0.807692307692
6471 0.80971659919
6479 0.811740890688
6514 0.813765182186
6537 0.815789473684
6570 0.817813765182
6605 0.81983805668
6633 0.821862348178
6684 0.823886639676
6693 0.825910931174
6733 0.827935222672
6823 0.82995951417
6882 0.831983805668
6893 0.834008097166
6894 0.836032388664
6926 0.838056680162
6953 0.84008097166
7152 0.844129554656
7152 0.844129554656
7169 0.846153846154
7174 0.848178137652
7212 0.85020242915
7275 0.852226720648
7323 0.854251012146
7361 0.856275303644
7404 0.858299595142
7447 0.86032388664
7566 0.862348178138
7603 0.864372469636
7627 0.866396761134
7666 0.868421052632
7749 0.87044534413
7816 0.872469635628
7838 0.874493927126
7907 0.876518218623
7918 0.878542510121
7943 0.880566801619
7979 0.882591093117
7983 0.884615384615
8022 0.886639676113
8134 0.888663967611
8144 0.890688259109
8160 0.892712550607
8306 0.894736842105
8439 0.896761133603
8455 0.898785425101
8459 0.900809716599
8484 0.902834008097
8521 0.904858299595
8600 0.906882591093
8620 0.908906882591
8672 0.910931174089
8720 0.912955465587
8815 0.914979757085
8825 0.917004048583
9216 0.919028340081
9240 0.921052631579
9333 0.923076923077
9401 0.925101214575
9459 0.927125506073
9475 0.929149797571
9492 0.931174089069
9545 0.933198380567
9639 0.935222672065
9707 0.937246963563
9921 0.939271255061
9939 0.941295546559
9981 0.943319838057
10004 0.945344129555
10055 0.947368421053
10364 0.949392712551
10501 0.951417004049
10672 0.953441295547
10802 0.955465587045
10880 0.957489878543
10907 0.95951417004
10988 0.961538461538
11295 0.963562753036
11713 0.965587044534
11744 0.967611336032
12669 0.96963562753
12711 0.971659919028
13006 0.973684210526
13491 0.975708502024
13520 0.977732793522
14170 0.97975708502
14182 0.981781376518
14373 0.983805668016
15215 0.985829959514
15385 0.987854251012
15763 0.98987854251
26990 0.991902834008
85197 0.993927125506
100857 0.995951417004
124534 0.997975708502
411532 1.0
