50 0.00202429149798
919 0.00404858299595
1544 0.00607287449393
1736 0.0080971659919
1741 0.0101214574899
1785 0.0121457489879
2040 0.0141700404858
2088 0.0161943319838
2294 0.0182186234818
2498 0.0202429149798
2500 0.0222672064777
2635 0.0242914979757
2815 0.0263157894737
2829 0.0283400809717
2865 0.0303643724696
2932 0.0323886639676
3004 0.0344129554656
3020 0.0364372469636
3062 0.0384615384615
3100 0.0404858299595
3103 0.0425101214575
3110 0.0445344129555
3126 0.0465587044534
3140 0.0485829959514
3165 0.0506072874494
3203 0.0526315789474
3218 0.0546558704453
3228 0.0566801619433
3243 0.0587044534413
3298 0.0607287449393
3344 0.0627530364372
3348 0.0647773279352
3421 0.0668016194332
3492 0.0688259109312
3607 0.0708502024291
3673 0.0728744939271
3688 0.0748987854251
3710 0.0769230769231
3711 0.0789473684211
3735 0.080971659919
3744 0.082995951417
3755 0.085020242915
3864 0.087044534413
3880 0.0890688259109
3905 0.0910931174089
3908 0.0931174089069
3911 0.0951417004049
3926 0.0971659919028
3949 0.0991902834008
3959 0.101214574899
4021 0.103238866397
4030 0.105263157895
4033 0.107287449393
4068 0.109311740891
4118 0.111336032389
4136 0.113360323887
4173 0.115384615385
4207 0.117408906883
4227 0.119433198381
4249 0.121457489879
4266 0.123481781377
4274 0.125506072874
4300 0.127530364372
4318 0.12955465587
4367 0.131578947368
4398 0.133603238866
4413 0.135627530364
4451 0.137651821862
4535 0.13967611336
4547 0.141700404858
4558 0.143724696356
4592 0.145748987854
4603 0.147773279352
4621 0.14979757085
4667 0.151821862348
4671 0.153846153846
4678 0.155870445344
4684 0.157894736842
4716 0.15991902834
4722 0.161943319838
4739 0.163967611336
4754 0.165991902834
4760 0.168016194332
4769 0.17004048583
4779 0.172064777328
4793 0.174089068826
4815 0.176113360324
4851 0.178137651822
4861 0.18016194332
4863 0.182186234818
4864 0.184210526316
4902 0.186234817814
4910 0.188259109312
4931 0.19028340081
4934 0.192307692308
4952 0.194331983806
4956 0.196356275304
5012 0.198380566802
5023 0.2004048583
5031 0.202429149798
5045 0.204453441296
5090 0.206477732794
5127 0.208502024291
5132 0.210526315789
5136 0.212550607287
5156 0.214574898785
5198 0.216599190283
5201 0.218623481781
5210 0.220647773279
5225 0.222672064777
5272 0.224696356275
5282 0.226720647773
5307 0.228744939271
5320 0.230769230769
5328 0.232793522267
5333 0.234817813765
5334 0.236842105263
5337 0.238866396761
5352 0.240890688259
5361 0.242914979757
5365 0.244939271255
5378 0.246963562753
5408 0.248987854251
5410 0.251012145749
5440 0.253036437247
5470 0.255060728745
5493 0.257085020243
5514 0.259109311741
5522 0.261133603239
5526 0.263157894737
5534 0.265182186235
5541 0.267206477733
5573 0.269230769231
5581 0.271255060729
5623 0.273279352227
5629 0.275303643725
5667 0.277327935223
5670 0.279352226721
5750 0.281376518219
5757 0.283400809717
5772 0.285425101215
5784 0.287449392713
5785 0.289473684211
5804 0.291497975709
5838 0.293522267206
5847 0.295546558704
5849 0.297570850202
5857 0.2995951417
5862 0.301619433198
5885 0.303643724696
5912 0.305668016194
5916 0.307692307692
5923 0.30971659919
5957 0.311740890688
5961 0.313765182186
5991 0.315789473684
5995 0.317813765182
6013 0.31983805668
6021 0.321862348178
6025 0.323886639676
6055 0.325910931174
6059 0.327935222672
6076 0.32995951417
6079 0.331983805668
6145 0.334008097166
6150 0.336032388664
6210 0.338056680162
6215 0.34008097166
6223 0.342105263158
6237 0.344129554656
6253 0.346153846154
6262 0.348178137652
6323 0.35020242915
6332 0.352226720648
6339 0.354251012146
6377 0.356275303644
6378 0.358299595142
6384 0.36032388664
6410 0.362348178138
6426 0.364372469636
6457 0.366396761134
6484 0.368421052632
6485 0.372469635628
6485 0.372469635628
6504 0.374493927126
6516 0.376518218623
6524 0.378542510121
6582 0.380566801619
6618 0.382591093117
6621 0.384615384615
6640 0.386639676113
6660 0.388663967611
6673 0.390688259109
6746 0.392712550607
6826 0.394736842105
6852 0.396761133603
6858 0.398785425101
6863 0.400809716599
6896 0.402834008097
6912 0.404858299595
6930 0.406882591093
6947 0.408906882591
6948 0.410931174089
6963 0.412955465587
6967 0.414979757085
6982 0.417004048583
7008 0.419028340081
7015 0.421052631579
7031 0.427125506073
7031 0.427125506073
7031 0.427125506073
7081 0.429149797571
7110 0.431174089069
7123 0.433198380567
7130 0.435222672065
7186 0.437246963563
7257 0.439271255061
7264 0.441295546559
7280 0.443319838057
7291 0.445344129555
7304 0.447368421053
7313 0.449392712551
7316 0.451417004049
7317 0.455465587045
7317 0.455465587045
7329 0.457489878543
7368 0.45951417004
7429 0.463562753036
7429 0.463562753036
7436 0.465587044534
7438 0.467611336032
7450 0.46963562753
7457 0.471659919028
7523 0.473684210526
7527 0.475708502024
7530 0.477732793522
7539 0.47975708502
7564 0.481781376518
7603 0.483805668016
7616 0.485829959514
7626 0.487854251012
7630 0.48987854251
7644 0.491902834008
7654 0.493927125506
7656 0.495951417004
7672 0.497975708502
7680 0.5
7685 0.502024291498
7703 0.504048582996
7709 0.506072874494
7711 0.508097165992
7721 0.51012145749
7732 0.512145748988
7734 0.514170040486
7740 0.516194331984
7744 0.518218623482
7745 0.52024291498
7749 0.522267206478
7757 0.524291497976
7759 0.526315789474
7773 0.528340080972
7816 0.53036437247
7817 0.532388663968
7820 0.534412955466
7827 0.536437246964
7837 0.538461538462
7844 0.54048582996
7853 0.542510121457
7889 0.544534412955
7900 0.546558704453
7941 0.548582995951
7962 0.550607287449
8107 0.552631578947
8121 0.554655870445
8223 0.556680161943
8229 0.558704453441
8235 0.560728744939
8241 0.562753036437
8249 0.564777327935
8253 0.566801619433
8255 0.568825910931
8267 0.570850202429
8338 0.572874493927
8371 0.574898785425
8376 0.576923076923
8382 0.578947368421
8392 0.580971659919
8402 0.582995951417
8417 0.585020242915
8431 0.587044534413
8471 0.589068825911
8503 0.591093117409
8517 0.593117408907
8611 0.595141700405
8636 0.597165991903
8689 0.599190283401
8704 0.601214574899
8800 0.603238866397
8813 0.605263157895
8821 0.607287449393
8842 0.609311740891
8867 0.611336032389
8888 0.613360323887
8902 0.615384615385
8931 0.617408906883
8999 0.619433198381
9008 0.621457489879
9053 0.623481781377
9085 0.625506072874
9099 0.627530364372
9115 0.62955465587
9128 0.631578947368
9148 0.633603238866
9155 0.635627530364
9180 0.637651821862
9182 0.63967611336
9188 0.641700404858
9205 0.643724696356
9210 0.645748987854
9215 0.647773279352
9221 0.64979757085
9223 0.651821862348
9279 0.653846153846
9283 0.655870445344
9297 0.657894736842
9322 0.65991902834
9326 0.661943319838
9339 0.663967611336
9379 0.665991902834
9390 0.668016194332
9392 0.67004048583
9410 0.672064777328
9429 0.674089068826
9435 0.676113360324
9463 0.678137651822
9480 0.68016194332
9489 0.682186234818
9531 0.684210526316
9565 0.686234817814
9570 0.688259109312
9578 0.69028340081
9582 0.692307692308
9636 0.694331983806
9642 0.696356275304
9645 0.698380566802
9667 0.7004048583
9823 0.702429149798
9827 0.704453441296
9829 0.706477732794
10004 0.708502024291
10031 0.710526315789
10065 0.714574898785
10065 0.714574898785
10068 0.716599190283
10114 0.718623481781
10183 0.720647773279
10188 0.722672064777
10330 0.724696356275
10342 0.726720647773
10361 0.728744939271
10380 0.730769230769
10423 0.732793522267
10440 0.734817813765
10507 0.736842105263
10532 0.738866396761
10562 0.740890688259
10586 0.742914979757
10595 0.744939271255
10617 0.746963562753
10626 0.748987854251
10673 0.751012145749
10739 0.753036437247
10806 0.755060728745
10908 0.757085020243
10945 0.759109311741
10967 0.761133603239
11117 0.763157894737
11194 0.765182186235
11199 0.767206477733
11252 0.769230769231
11267 0.771255060729
11319 0.773279352227
11382 0.775303643725
11395 0.777327935223
11457 0.779352226721
11505 0.781376518219
11516 0.783400809717
11632 0.785425101215
11708 0.787449392713
11791 0.789473684211
11828 0.791497975709
11831 0.793522267206
11940 0.795546558704
11951 0.797570850202
12131 0.7995951417
12274 0.801619433198
12295 0.803643724696
12317 0.805668016194
12361 0.807692307692
12362 0.80971659919
12399 0.811740890688
12440 0.813765182186
12451 0.815789473684
12515 0.81983805668
12515 0.81983805668
12529 0.821862348178
12565 0.823886639676
12798 0.825910931174
12799 0.82995951417
12799 0.82995951417
12909 0.831983805668
12921 0.834008097166
12949 0.836032388664
13006 0.838056680162
13070 0.84008097166
13157 0.842105263158
13210 0.844129554656
13256 0.846153846154
13311 0.848178137652
13433 0.85020242915
13559 0.852226720648
13572 0.854251012146
13601 0.856275303644
13635 0.858299595142
13743 0.86032388664
13758 0.862348178138
13930 0.864372469636
13987 0.866396761134
14318 0.868421052632
14366 0.87044534413
14396 0.872469635628
14576 0.874493927126
14602 0.876518218623
14707 0.878542510121
14724 0.880566801619
14739 0.882591093117
14808 0.884615384615
14868 0.886639676113
14896 0.888663967611
14931 0.890688259109
15034 0.892712550607
15204 0.894736842105
15553 0.896761133603
15642 0.898785425101
15645 0.900809716599
15754 0.902834008097
16025 0.904858299595
16177 0.906882591093
16196 0.908906882591
16408 0.910931174089
16438 0.912955465587
16574 0.914979757085
16717 0.917004048583
16819 0.919028340081
16850 0.921052631579
16920 0.923076923077
17083 0.925101214575
17235 0.927125506073
17269 0.929149797571
17376 0.931174089069
17443 0.933198380567
17714 0.935222672065
17846 0.937246963563
17979 0.939271255061
18076 0.941295546559
18153 0.943319838057
18175 0.945344129555
18319 0.947368421053
18356 0.949392712551
18454 0.951417004049
18859 0.953441295547
18926 0.955465587045
19342 0.957489878543
19516 0.95951417004
19841 0.961538461538
19926 0.963562753036
19979 0.965587044534
20634 0.967611336032
21799 0.96963562753
22008 0.971659919028
22482 0.973684210526
23394 0.975708502024
24753 0.977732793522
25351 0.97975708502
25821 0.981781376518
28007 0.983805668016
28439 0.985829959514
34456 0.987854251012
34881 0.98987854251
35607 0.991902834008
76975 0.993927125506
104066 0.995951417004
121756 0.997975708502
374578 1.0
