44 0.00202839756592
1281 0.00405679513185
1859 0.00608519269777
2067 0.00811359026369
2082 0.0101419878296
2171 0.0121703853955
2634 0.0141987829615
2736 0.0162271805274
2899 0.0202839756592
2899 0.0202839756592
3001 0.0223123732252
3063 0.0243407707911
3122 0.026369168357
3221 0.0283975659229
3259 0.0304259634888
3295 0.0324543610548
3402 0.0344827586207
3580 0.0365111561866
3616 0.0385395537525
3632 0.0405679513185
3699 0.0425963488844
3777 0.0446247464503
3782 0.0466531440162
3865 0.0486815415822
3875 0.0507099391481
4062 0.052738336714
4076 0.0547667342799
4154 0.0567951318458
4213 0.0588235294118
4274 0.0608519269777
4281 0.0628803245436
4289 0.0649087221095
4295 0.0669371196755
4309 0.0689655172414
4312 0.0709939148073
4313 0.0730223123732
4317 0.0750507099391
4324 0.0770791075051
4344 0.079107505071
4347 0.0811359026369
4569 0.0831643002028
4586 0.0851926977688
4723 0.0872210953347
4739 0.0892494929006
4743 0.0912778904665
4815 0.0933062880325
4882 0.0953346855984
4896 0.0973630831643
4948 0.0993914807302
4978 0.101419878296
4983 0.103448275862
5040 0.105476673428
5042 0.107505070994
5068 0.10953346856
5134 0.111561866126
5140 0.113590263692
5151 0.115618661258
5153 0.117647058824
5160 0.119675456389
5168 0.121703853955
5204 0.123732251521
5212 0.125760649087
5232 0.127789046653
5270 0.129817444219
5294 0.131845841785
5335 0.133874239351
5371 0.135902636917
5402 0.137931034483
5433 0.139959432049
5451 0.141987829615
5489 0.144016227181
5508 0.146044624746
5517 0.148073022312
5523 0.150101419878
5534 0.152129817444
5565 0.15415821501
5591 0.156186612576
5605 0.158215010142
5609 0.160243407708
5612 0.162271805274
5635 0.16430020284
5734 0.166328600406
5766 0.168356997972
5769 0.170385395538
5791 0.172413793103
5795 0.174442190669
5845 0.176470588235
5863 0.178498985801
5865 0.180527383367
5899 0.182555780933
5911 0.184584178499
5947 0.186612576065
5950 0.188640973631
5951 0.190669371197
5961 0.192697768763
5980 0.194726166329
5989 0.196754563895
6011 0.19878296146
6022 0.200811359026
6069 0.202839756592
6074 0.204868154158
6077 0.206896551724
6094 0.20892494929
6097 0.210953346856
6110 0.212981744422
6120 0.215010141988
6124 0.217038539554
6167 0.21906693712
6171 0.221095334686
6176 0.223123732252
6182 0.225152129817
6186 0.227180527383
6192 0.229208924949
6196 0.231237322515
6197 0.233265720081
6233 0.235294117647
6256 0.239350912779
6256 0.239350912779
6319 0.241379310345
6328 0.243407707911
6332 0.245436105477
6383 0.247464503043
6409 0.249492900609
6420 0.251521298174
6452 0.25354969574
6463 0.255578093306
6468 0.257606490872
6496 0.259634888438
6503 0.261663286004
6504 0.26369168357
6511 0.265720081136
6529 0.267748478702
6543 0.269776876268
6560 0.271805273834
6567 0.2738336714
6588 0.275862068966
6596 0.277890466531
6616 0.279918864097
6620 0.281947261663
6621 0.283975659229
6626 0.286004056795
6627 0.288032454361
6662 0.290060851927
6667 0.292089249493
6712 0.294117647059
6750 0.296146044625
6768 0.298174442191
6795 0.300202839757
6804 0.302231237323
6819 0.304259634888
6830 0.306288032454
6843 0.30831643002
6869 0.310344827586
6904 0.312373225152
6912 0.314401622718
6946 0.316430020284
6966 0.31845841785
7039 0.320486815416
7040 0.322515212982
7051 0.324543610548
7083 0.326572008114
7087 0.32860040568
7091 0.330628803245
7099 0.332657200811
7123 0.334685598377
7129 0.336713995943
7159 0.338742393509
7175 0.340770791075
7182 0.342799188641
7183 0.344827586207
7191 0.346855983773
7197 0.348884381339
7204 0.350912778905
7214 0.352941176471
7247 0.354969574037
7275 0.356997971602
7324 0.361054766734
7324 0.361054766734
7343 0.3630831643
7368 0.365111561866
7392 0.367139959432
7393 0.369168356998
7411 0.371196754564
7416 0.37322515213
7419 0.375253549696
7422 0.377281947262
7454 0.379310344828
7463 0.381338742394
7489 0.383367139959
7491 0.385395537525
7492 0.387423935091
7495 0.389452332657
7520 0.391480730223
7524 0.393509127789
7528 0.395537525355
7552 0.397565922921
7609 0.399594320487
7617 0.401622718053
7632 0.403651115619
7633 0.407707910751
7633 0.407707910751
7634 0.409736308316
7648 0.411764705882
7653 0.413793103448
7656 0.415821501014
7736 0.41784989858
7749 0.419878296146
7774 0.421906693712
7805 0.423935091278
7807 0.425963488844
7838 0.42799188641
7880 0.430020283976
7966 0.432048681542
7972 0.434077079108
7973 0.436105476673
7992 0.438133874239
8028 0.440162271805
8048 0.442190669371
8068 0.444219066937
8071 0.446247464503
8083 0.448275862069
8089 0.450304259635
8125 0.452332657201
8133 0.454361054767
8138 0.456389452333
8159 0.458417849899
8183 0.460446247465
8198 0.46247464503
8243 0.464503042596
8272 0.466531440162
8282 0.468559837728
8304 0.470588235294
8323 0.47261663286
8328 0.474645030426
8341 0.476673427992
8367 0.478701825558
8391 0.480730223124
8395 0.48275862069
8417 0.484787018256
8424 0.486815415822
8425 0.488843813387
8432 0.490872210953
8439 0.492900608519
8444 0.494929006085
8461 0.496957403651
8483 0.498985801217
8497 0.501014198783
8503 0.503042596349
8522 0.505070993915
8547 0.507099391481
8558 0.509127789047
8631 0.511156186613
8662 0.513184584178
8670 0.515212981744
8687 0.51724137931
8731 0.519269776876
8762 0.521298174442
8774 0.523326572008
8794 0.525354969574
8827 0.52738336714
8926 0.529411764706
8937 0.531440162272
8946 0.533468559838
8948 0.535496957404
8951 0.53752535497
8966 0.539553752535
8976 0.541582150101
8981 0.543610547667
8984 0.545638945233
8988 0.547667342799
9082 0.549695740365
9093 0.551724137931
9208 0.553752535497
9220 0.555780933063
9232 0.557809330629
9238 0.559837728195
9313 0.561866125761
9322 0.563894523327
9331 0.565922920892
9332 0.567951318458
9346 0.569979716024
9353 0.57200811359
9376 0.574036511156
9419 0.576064908722
9421 0.578093306288
9483 0.580121703854
9496 0.58215010142
9501 0.584178498986
9507 0.586206896552
9531 0.588235294118
9532 0.590263691684
9556 0.592292089249
9593 0.594320486815
9608 0.596348884381
9640 0.598377281947
9653 0.600405679513
9663 0.602434077079
9685 0.604462474645
9705 0.606490872211
9712 0.608519269777
9713 0.610547667343
9723 0.612576064909
9777 0.614604462475
9788 0.616632860041
9817 0.618661257606
9845 0.620689655172
9849 0.622718052738
9865 0.624746450304
9867 0.62677484787
9895 0.628803245436
9959 0.630831643002
9995 0.632860040568
10028 0.634888438134
10046 0.6369168357
10078 0.638945233266
10089 0.640973630832
10090 0.643002028398
10102 0.645030425963
10136 0.647058823529
10182 0.649087221095
10198 0.651115618661
10204 0.653144016227
10207 0.655172413793
10210 0.657200811359
10219 0.661257606491
10219 0.661257606491
10284 0.663286004057
10285 0.665314401623
10299 0.667342799189
10319 0.669371196755
10353 0.67139959432
10390 0.673427991886
10393 0.675456389452
10456 0.677484787018
10461 0.679513184584
10509 0.68154158215
10539 0.683569979716
10563 0.685598377282
10587 0.687626774848
10638 0.689655172414
10680 0.69168356998
10763 0.693711967546
10780 0.695740365112
10801 0.697768762677
10862 0.699797160243
10872 0.701825557809
10877 0.703853955375
10879 0.705882352941
10889 0.707910750507
10920 0.709939148073
11029 0.711967545639
11055 0.713995943205
11065 0.716024340771
11077 0.718052738337
11131 0.720081135903
11219 0.722109533469
11348 0.724137931034
11385 0.7261663286
11397 0.728194726166
11403 0.730223123732
11426 0.732251521298
11432 0.734279918864
11494 0.73630831643
11519 0.738336713996
11522 0.740365111562
11538 0.742393509128
11660 0.744421906694
11876 0.74645030426
11902 0.748478701826
11905 0.750507099391
11959 0.752535496957
11968 0.754563894523
11996 0.756592292089
12059 0.758620689655
12074 0.760649087221
12076 0.762677484787
12097 0.764705882353
12159 0.766734279919
12187 0.768762677485
12191 0.770791075051
12202 0.772819472617
12216 0.774847870183
12349 0.776876267748
12363 0.778904665314
12429 0.78093306288
12460 0.782961460446
12511 0.784989858012
12520 0.787018255578
12538 0.789046653144
12630 0.79107505071
12679 0.793103448276
12889 0.795131845842
12950 0.797160243408
13140 0.799188640974
13158 0.80121703854
13246 0.803245436105
13323 0.805273833671
13337 0.807302231237
13366 0.809330628803
13382 0.811359026369
13464 0.813387423935
13496 0.815415821501
13522 0.817444219067
13562 0.819472616633
13573 0.821501014199
13577 0.823529411765
13593 0.825557809331
13607 0.827586206897
13608 0.829614604462
13624 0.831643002028
13639 0.833671399594
13709 0.83569979716
13743 0.837728194726
13775 0.839756592292
13814 0.843813387424
13814 0.843813387424
13823 0.84584178499
13979 0.847870182556
14031 0.849898580122
14080 0.851926977688
14106 0.853955375254
14133 0.855983772819
14207 0.858012170385
14218 0.860040567951
14289 0.862068965517
14330 0.864097363083
14349 0.866125760649
14364 0.868154158215
14373 0.870182555781
14510 0.872210953347
14538 0.874239350913
14568 0.876267748479
14608 0.878296146045
14612 0.880324543611
14670 0.882352941176
14779 0.884381338742
14827 0.886409736308
14885 0.888438133874
14946 0.89046653144
14997 0.892494929006
15035 0.894523326572
15047 0.896551724138
15085 0.898580121704
15210 0.90060851927
15315 0.902636916836
15479 0.904665314402
15596 0.906693711968
15717 0.908722109533
15865 0.910750507099
15878 0.912778904665
16120 0.914807302231
16192 0.916835699797
16309 0.918864097363
16568 0.920892494929
16644 0.922920892495
16813 0.924949290061
16938 0.926977687627
17110 0.929006085193
17142 0.931034482759
17345 0.933062880325
17439 0.93509127789
17835 0.937119675456
18387 0.939148073022
18399 0.941176470588
18512 0.943204868154
18555 0.94523326572
18696 0.947261663286
19239 0.949290060852
19275 0.951318458418
19719 0.953346855984
19811 0.95537525355
19983 0.957403651116
20014 0.959432048682
20139 0.961460446247
20214 0.963488843813
20357 0.965517241379
20505 0.967545638945
20627 0.969574036511
20793 0.971602434077
21182 0.973630831643
21326 0.975659229209
22123 0.977687626775
22224 0.979716024341
22784 0.981744421907
23784 0.983772819473
26983 0.985801217039
27110 0.987829614604
30773 0.98985801217
73914 0.991886409736
83511 0.993914807302
89926 0.995943204868
129461 0.997971602434
453824 1.0
