53 0.00202429149798
1132 0.00404858299595
1197 0.00607287449393
1213 0.0080971659919
1281 0.0101214574899
1344 0.0121457489879
1469 0.0141700404858
1471 0.0161943319838
1622 0.0182186234818
1705 0.0202429149798
1792 0.0222672064777
1797 0.0242914979757
1807 0.0263157894737
1848 0.0283400809717
1860 0.0303643724696
1960 0.0323886639676
1962 0.0344129554656
1966 0.0364372469636
1975 0.0384615384615
1990 0.0404858299595
2043 0.0425101214575
2055 0.0445344129555
2061 0.0465587044534
2086 0.0485829959514
2090 0.0506072874494
2096 0.0526315789474
2109 0.0546558704453
2160 0.0566801619433
2168 0.0587044534413
2216 0.0607287449393
2221 0.0627530364372
2229 0.0647773279352
2283 0.0668016194332
2346 0.0688259109312
2388 0.0708502024291
2392 0.0728744939271
2420 0.0748987854251
2435 0.0769230769231
2455 0.0789473684211
2482 0.080971659919
2564 0.082995951417
2569 0.085020242915
2595 0.087044534413
2607 0.0890688259109
2612 0.0910931174089
2621 0.0931174089069
2622 0.0951417004049
2645 0.0971659919028
2657 0.0991902834008
2671 0.101214574899
2703 0.103238866397
2720 0.105263157895
2724 0.107287449393
2745 0.109311740891
2759 0.111336032389
2812 0.113360323887
2815 0.115384615385
2840 0.117408906883
2843 0.119433198381
2871 0.121457489879
2883 0.123481781377
2884 0.125506072874
2887 0.127530364372
2912 0.12955465587
2916 0.131578947368
2944 0.133603238866
2950 0.135627530364
2962 0.137651821862
2984 0.13967611336
2990 0.141700404858
2991 0.143724696356
3032 0.145748987854
3040 0.147773279352
3043 0.14979757085
3044 0.151821862348
3055 0.153846153846
3059 0.155870445344
3095 0.157894736842
3104 0.15991902834
3105 0.161943319838
3110 0.163967611336
3115 0.165991902834
3127 0.168016194332
3131 0.17004048583
3156 0.172064777328
3164 0.174089068826
3166 0.176113360324
3175 0.178137651822
3180 0.18016194332
3218 0.182186234818
3224 0.184210526316
3227 0.186234817814
3229 0.188259109312
3244 0.19028340081
3260 0.192307692308
3290 0.194331983806
3310 0.196356275304
3324 0.198380566802
3365 0.202429149798
3365 0.202429149798
3366 0.204453441296
3373 0.206477732794
3378 0.208502024291
3393 0.210526315789
3394 0.214574898785
3394 0.214574898785
3409 0.216599190283
3429 0.218623481781
3436 0.220647773279
3439 0.222672064777
3465 0.224696356275
3466 0.226720647773
3469 0.228744939271
3471 0.230769230769
3476 0.232793522267
3487 0.234817813765
3492 0.236842105263
3498 0.238866396761
3499 0.240890688259
3500 0.242914979757
3502 0.244939271255
3526 0.246963562753
3535 0.248987854251
3543 0.251012145749
3573 0.253036437247
3575 0.255060728745
3583 0.257085020243
3589 0.259109311741
3595 0.261133603239
3597 0.263157894737
3603 0.265182186235
3615 0.267206477733
3619 0.269230769231
3631 0.271255060729
3635 0.273279352227
3681 0.275303643725
3697 0.277327935223
3708 0.279352226721
3714 0.281376518219
3727 0.283400809717
3731 0.285425101215
3789 0.287449392713
3813 0.289473684211
3837 0.291497975709
3852 0.293522267206
3862 0.295546558704
3871 0.297570850202
3879 0.2995951417
3883 0.301619433198
3890 0.303643724696
3910 0.307692307692
3910 0.307692307692
3920 0.30971659919
3928 0.311740890688
3932 0.313765182186
3957 0.315789473684
3992 0.317813765182
4000 0.31983805668
4002 0.321862348178
4009 0.323886639676
4014 0.325910931174
4052 0.327935222672
4053 0.32995951417
4078 0.331983805668
4084 0.336032388664
4084 0.336032388664
4137 0.338056680162
4170 0.34008097166
4172 0.342105263158
4196 0.344129554656
4208 0.346153846154
4211 0.35020242915
4211 0.35020242915
4238 0.352226720648
4250 0.354251012146
4266 0.356275303644
4279 0.358299595142
4283 0.36032388664
4301 0.362348178138
4304 0.364372469636
4315 0.366396761134
4324 0.368421052632
4329 0.37044534413
4372 0.374493927126
4372 0.374493927126
4386 0.376518218623
4407 0.378542510121
4423 0.380566801619
4431 0.382591093117
4433 0.384615384615
4434 0.386639676113
4437 0.388663967611
4454 0.390688259109
4476 0.392712550607
4477 0.394736842105
4506 0.396761133603
4512 0.398785425101
4519 0.400809716599
4520 0.402834008097
4555 0.404858299595
4563 0.406882591093
4565 0.408906882591
4572 0.410931174089
4584 0.412955465587
4606 0.414979757085
4607 0.419028340081
4607 0.419028340081
4617 0.421052631579
4629 0.423076923077
4633 0.425101214575
4667 0.427125506073
4675 0.429149797571
4690 0.431174089069
4712 0.433198380567
4717 0.435222672065
4735 0.437246963563
4765 0.439271255061
4766 0.441295546559
4768 0.443319838057
4771 0.445344129555
4786 0.447368421053
4789 0.449392712551
4812 0.451417004049
4837 0.453441295547
4838 0.455465587045
4840 0.457489878543
4848 0.45951417004
4864 0.461538461538
4870 0.463562753036
4892 0.465587044534
4898 0.467611336032
4909 0.46963562753
4935 0.471659919028
4949 0.473684210526
4950 0.475708502024
4957 0.477732793522
4979 0.47975708502
4988 0.481781376518
5003 0.483805668016
5027 0.485829959514
5068 0.487854251012
5094 0.48987854251
5129 0.491902834008
5135 0.493927125506
5162 0.495951417004
5199 0.497975708502
5207 0.5
5235 0.502024291498
5258 0.504048582996
5282 0.506072874494
5285 0.508097165992
5287 0.51012145749
5297 0.512145748988
5315 0.514170040486
5341 0.516194331984
5356 0.518218623482
5410 0.52024291498
5414 0.522267206478
5423 0.524291497976
5424 0.526315789474
5437 0.528340080972
5489 0.53036437247
5506 0.532388663968
5513 0.534412955466
5527 0.536437246964
5529 0.538461538462
5557 0.54048582996
5579 0.542510121457
5581 0.544534412955
5603 0.546558704453
5614 0.548582995951
5620 0.550607287449
5644 0.552631578947
5653 0.554655870445
5692 0.556680161943
5714 0.558704453441
5733 0.560728744939
5744 0.562753036437
5746 0.564777327935
5753 0.566801619433
5757 0.568825910931
5763 0.570850202429
5771 0.572874493927
5798 0.574898785425
5802 0.578947368421
5802 0.578947368421
5815 0.580971659919
5869 0.582995951417
5883 0.585020242915
5901 0.587044534413
5909 0.589068825911
5911 0.591093117409
5950 0.593117408907
5959 0.595141700405
6000 0.597165991903
6034 0.599190283401
6039 0.601214574899
6043 0.603238866397
6062 0.605263157895
6107 0.607287449393
6144 0.609311740891
6227 0.611336032389
6228 0.613360323887
6236 0.615384615385
6263 0.617408906883
6281 0.619433198381
6336 0.621457489879
6342 0.623481781377
6346 0.625506072874
6361 0.627530364372
6365 0.62955465587
6385 0.631578947368
6395 0.633603238866
6401 0.635627530364
6417 0.637651821862
6460 0.63967611336
6472 0.641700404858
6485 0.643724696356
6515 0.645748987854
6547 0.647773279352
6569 0.64979757085
6584 0.651821862348
6602 0.653846153846
6662 0.655870445344
6674 0.657894736842
6710 0.65991902834
6746 0.661943319838
6747 0.663967611336
6760 0.665991902834
6776 0.668016194332
6800 0.67004048583
6858 0.672064777328
6867 0.674089068826
6874 0.676113360324
6877 0.678137651822
6905 0.68016194332
6919 0.682186234818
6930 0.684210526316
6931 0.686234817814
6960 0.688259109312
6983 0.69028340081
7017 0.692307692308
7071 0.694331983806
7080 0.696356275304
7123 0.698380566802
7129 0.7004048583
7194 0.702429149798
7203 0.706477732794
7203 0.706477732794
7256 0.708502024291
7280 0.710526315789
7287 0.712550607287
7298 0.714574898785
7306 0.716599190283
7310 0.718623481781
7347 0.720647773279
7348 0.722672064777
7383 0.724696356275
7422 0.726720647773
7423 0.728744939271
7450 0.730769230769
7473 0.732793522267
7490 0.734817813765
7522 0.736842105263
7554 0.738866396761
7563 0.740890688259
7570 0.742914979757
7579 0.744939271255
7612 0.746963562753
7619 0.748987854251
7641 0.751012145749
7643 0.753036437247
7672 0.755060728745
7712 0.757085020243
7713 0.759109311741
7729 0.761133603239
7753 0.763157894737
7812 0.765182186235
7837 0.767206477733
7840 0.769230769231
7879 0.771255060729
7908 0.773279352227
7925 0.775303643725
7961 0.777327935223
8012 0.779352226721
8070 0.781376518219
8074 0.783400809717
8116 0.785425101215
8148 0.787449392713
8157 0.789473684211
8180 0.791497975709
8185 0.793522267206
8202 0.795546558704
8233 0.797570850202
8296 0.7995951417
8313 0.801619433198
8328 0.803643724696
8401 0.805668016194
8420 0.807692307692
8457 0.80971659919
8462 0.811740890688
8463 0.813765182186
8493 0.815789473684
8509 0.817813765182
8512 0.81983805668
8525 0.821862348178
8550 0.823886639676
8601 0.825910931174
8613 0.827935222672
8638 0.82995951417
8696 0.831983805668
8720 0.834008097166
8822 0.836032388664
8870 0.838056680162
8876 0.84008097166
8882 0.842105263158
8940 0.844129554656
8949 0.846153846154
8984 0.848178137652
9000 0.85020242915
9010 0.852226720648
9029 0.854251012146
9037 0.856275303644
9111 0.858299595142
9126 0.86032388664
9185 0.862348178138
9269 0.864372469636
9290 0.866396761134
9339 0.868421052632
9353 0.87044534413
9460 0.872469635628
9565 0.874493927126
9592 0.876518218623
9684 0.878542510121
9720 0.880566801619
9758 0.882591093117
9761 0.884615384615
9779 0.886639676113
9854 0.888663967611
9941 0.890688259109
9965 0.892712550607
9996 0.894736842105
10018 0.896761133603
10186 0.898785425101
10284 0.900809716599
10394 0.902834008097
10454 0.904858299595
10746 0.906882591093
10748 0.908906882591
10774 0.910931174089
10803 0.912955465587
10865 0.914979757085
10900 0.917004048583
10945 0.919028340081
10961 0.923076923077
10961 0.923076923077
10986 0.925101214575
11011 0.927125506073
11028 0.929149797571
11115 0.931174089069
11296 0.933198380567
11337 0.935222672065
11592 0.937246963563
11651 0.939271255061
11666 0.941295546559
11868 0.943319838057
11981 0.945344129555
12131 0.947368421053
12154 0.949392712551
12546 0.951417004049
12552 0.953441295547
12821 0.955465587045
12986 0.957489878543
13142 0.95951417004
13145 0.961538461538
13364 0.963562753036
13706 0.965587044534
13991 0.967611336032
14051 0.96963562753
14501 0.971659919028
14625 0.973684210526
14802 0.975708502024
14984 0.977732793522
15419 0.97975708502
15443 0.981781376518
15603 0.983805668016
16423 0.985829959514
17108 0.987854251012
17897 0.98987854251
28318 0.991902834008
97007 0.993927125506
124864 0.995951417004
125749 0.997975708502
430626 1.0
