45 0.0020325203252
1348 0.00406504065041
1473 0.00609756097561
1701 0.00813008130081
2049 0.010162601626
2259 0.0121951219512
2334 0.0142276422764
2382 0.0162601626016
2696 0.0182926829268
2711 0.020325203252
2827 0.0223577235772
2897 0.0243902439024
2997 0.0264227642276
3026 0.0284552845528
3045 0.030487804878
3151 0.0325203252033
3201 0.0345528455285
3208 0.0365853658537
3316 0.0386178861789
3375 0.0406504065041
3446 0.0426829268293
3477 0.0467479674797
3477 0.0467479674797
3536 0.0487804878049
3585 0.0508130081301
3600 0.0528455284553
3603 0.0548780487805
3617 0.0569105691057
3646 0.0589430894309
3663 0.0609756097561
3746 0.0630081300813
3796 0.0650406504065
3996 0.0670731707317
4030 0.0691056910569
4065 0.0711382113821
4159 0.0731707317073
4171 0.0752032520325
4192 0.0772357723577
4207 0.0792682926829
4212 0.0813008130081
4217 0.0833333333333
4221 0.0853658536585
4253 0.0873983739837
4275 0.0894308943089
4287 0.0914634146341
4293 0.0934959349593
4316 0.0955284552846
4402 0.0975609756098
4426 0.099593495935
4435 0.10162601626
4438 0.103658536585
4447 0.105691056911
4499 0.107723577236
4535 0.109756097561
4562 0.111788617886
4591 0.113821138211
4613 0.115853658537
4633 0.117886178862
4662 0.119918699187
4666 0.121951219512
4735 0.123983739837
4751 0.126016260163
4764 0.128048780488
4778 0.130081300813
4802 0.132113821138
4813 0.134146341463
4831 0.136178861789
4871 0.138211382114
4883 0.140243902439
4904 0.142276422764
4907 0.144308943089
4912 0.14837398374
4912 0.14837398374
4933 0.150406504065
4942 0.15243902439
4970 0.154471544715
4984 0.158536585366
4984 0.158536585366
4996 0.160569105691
5013 0.162601626016
5034 0.164634146341
5040 0.166666666667
5046 0.168699186992
5049 0.170731707317
5053 0.172764227642
5057 0.174796747967
5068 0.176829268293
5087 0.178861788618
5130 0.180894308943
5140 0.182926829268
5145 0.184959349593
5150 0.186991869919
5157 0.189024390244
5173 0.191056910569
5186 0.193089430894
5211 0.19512195122
5212 0.197154471545
5218 0.19918699187
5226 0.201219512195
5228 0.20325203252
5245 0.205284552846
5267 0.207317073171
5290 0.209349593496
5302 0.211382113821
5313 0.213414634146
5319 0.215447154472
5376 0.217479674797
5384 0.219512195122
5390 0.221544715447
5404 0.223577235772
5406 0.225609756098
5438 0.229674796748
5438 0.229674796748
5444 0.231707317073
5474 0.233739837398
5481 0.235772357724
5524 0.237804878049
5541 0.239837398374
5556 0.241869918699
5561 0.24593495935
5561 0.24593495935
5565 0.247967479675
5610 0.25
5629 0.252032520325
5635 0.25406504065
5646 0.256097560976
5660 0.258130081301
5669 0.260162601626
5672 0.262195121951
5717 0.264227642276
5723 0.266260162602
5732 0.268292682927
5740 0.270325203252
5746 0.272357723577
5750 0.274390243902
5760 0.276422764228
5775 0.278455284553
5776 0.280487804878
5790 0.282520325203
5815 0.284552845528
5816 0.286585365854
5817 0.290650406504
5817 0.290650406504
5823 0.292682926829
5848 0.29674796748
5848 0.29674796748
5862 0.298780487805
5871 0.30081300813
5925 0.302845528455
5932 0.30487804878
5945 0.306910569106
6016 0.308943089431
6019 0.310975609756
6020 0.313008130081
6034 0.315040650407
6039 0.317073170732
6085 0.319105691057
6092 0.321138211382
6106 0.323170731707
6111 0.325203252033
6117 0.327235772358
6132 0.329268292683
6136 0.331300813008
6146 0.333333333333
6151 0.335365853659
6171 0.337398373984
6173 0.339430894309
6177 0.341463414634
6187 0.343495934959
6209 0.345528455285
6233 0.34756097561
6267 0.349593495935
6295 0.35162601626
6314 0.353658536585
6335 0.355691056911
6344 0.357723577236
6350 0.359756097561
6379 0.361788617886
6392 0.363821138211
6430 0.365853658537
6435 0.367886178862
6466 0.369918699187
6472 0.371951219512
6494 0.373983739837
6497 0.376016260163
6506 0.378048780488
6507 0.380081300813
6509 0.382113821138
6530 0.384146341463
6582 0.386178861789
6594 0.388211382114
6600 0.390243902439
6606 0.392276422764
6618 0.394308943089
6636 0.396341463415
6648 0.39837398374
6649 0.400406504065
6669 0.40243902439
6671 0.404471544715
6692 0.406504065041
6695 0.408536585366
6703 0.410569105691
6745 0.414634146341
6745 0.414634146341
6751 0.416666666667
6754 0.418699186992
6755 0.420731707317
6796 0.422764227642
6800 0.424796747967
6867 0.426829268293
6871 0.428861788618
6872 0.430894308943
6892 0.432926829268
6905 0.434959349593
6907 0.436991869919
6920 0.439024390244
6922 0.441056910569
6925 0.443089430894
6965 0.44512195122
6969 0.447154471545
6978 0.44918699187
7021 0.451219512195
7033 0.45325203252
7035 0.455284552846
7042 0.457317073171
7067 0.459349593496
7107 0.461382113821
7122 0.463414634146
7136 0.465447154472
7141 0.467479674797
7146 0.469512195122
7154 0.471544715447
7156 0.473577235772
7172 0.475609756098
7179 0.477642276423
7187 0.479674796748
7190 0.483739837398
7190 0.483739837398
7191 0.485772357724
7207 0.487804878049
7262 0.489837398374
7263 0.491869918699
7283 0.493902439024
7319 0.49593495935
7343 0.497967479675
7351 0.5
7369 0.502032520325
7376 0.50406504065
7427 0.506097560976
7464 0.508130081301
7492 0.510162601626
7495 0.512195121951
7520 0.514227642276
7558 0.516260162602
7560 0.518292682927
7561 0.520325203252
7571 0.522357723577
7607 0.524390243902
7611 0.526422764228
7637 0.528455284553
7675 0.530487804878
7688 0.532520325203
7690 0.536585365854
7690 0.536585365854
7699 0.538617886179
7708 0.540650406504
7715 0.542682926829
7720 0.544715447154
7738 0.54674796748
7754 0.548780487805
7777 0.55081300813
7787 0.552845528455
7816 0.55487804878
7820 0.556910569106
7821 0.558943089431
7823 0.560975609756
7829 0.563008130081
7837 0.565040650407
7838 0.567073170732
7881 0.569105691057
7921 0.571138211382
7926 0.573170731707
7937 0.575203252033
7952 0.577235772358
7975 0.579268292683
8006 0.581300813008
8009 0.583333333333
8040 0.585365853659
8053 0.587398373984
8064 0.589430894309
8071 0.591463414634
8093 0.593495934959
8117 0.595528455285
8121 0.599593495935
8121 0.599593495935
8132 0.60162601626
8184 0.603658536585
8187 0.605691056911
8196 0.607723577236
8201 0.609756097561
8202 0.611788617886
8206 0.613821138211
8218 0.615853658537
8252 0.617886178862
8332 0.619918699187
8370 0.623983739837
8370 0.623983739837
8396 0.626016260163
8426 0.628048780488
8447 0.630081300813
8504 0.632113821138
8530 0.634146341463
8548 0.636178861789
8580 0.638211382114
8671 0.640243902439
8682 0.642276422764
8718 0.644308943089
8756 0.646341463415
8777 0.64837398374
8804 0.650406504065
8809 0.65243902439
8822 0.654471544715
8887 0.656504065041
8940 0.658536585366
8950 0.660569105691
8986 0.664634146341
8986 0.664634146341
9006 0.666666666667
9007 0.668699186992
9016 0.670731707317
9030 0.672764227642
9042 0.674796747967
9110 0.676829268293
9135 0.678861788618
9162 0.682926829268
9162 0.682926829268
9167 0.684959349593
9210 0.686991869919
9245 0.689024390244
9311 0.691056910569
9328 0.693089430894
9362 0.69512195122
9414 0.697154471545
9417 0.69918699187
9445 0.701219512195
9454 0.70325203252
9481 0.705284552846
9509 0.707317073171
9521 0.709349593496
9572 0.711382113821
9595 0.713414634146
9596 0.715447154472
9597 0.717479674797
9606 0.719512195122
9608 0.721544715447
9634 0.723577235772
9682 0.725609756098
9709 0.727642276423
9847 0.729674796748
9987 0.731707317073
10030 0.733739837398
10035 0.735772357724
10105 0.737804878049
10141 0.739837398374
10159 0.741869918699
10161 0.743902439024
10172 0.74593495935
10175 0.747967479675
10233 0.75
10245 0.752032520325
10283 0.75406504065
10307 0.756097560976
10404 0.758130081301
10416 0.760162601626
10422 0.762195121951
10435 0.766260162602
10435 0.766260162602
10473 0.768292682927
10627 0.770325203252
10628 0.772357723577
10638 0.774390243902
10657 0.776422764228
10721 0.778455284553
10746 0.780487804878
10764 0.782520325203
10784 0.784552845528
10802 0.786585365854
10835 0.788617886179
10838 0.790650406504
10843 0.792682926829
10896 0.794715447154
10912 0.79674796748
10956 0.798780487805
10960 0.80081300813
10978 0.802845528455
11033 0.80487804878
11064 0.806910569106
11127 0.808943089431
11131 0.810975609756
11306 0.813008130081
11312 0.815040650407
11321 0.817073170732
11365 0.819105691057
11421 0.821138211382
11467 0.823170731707
11494 0.825203252033
11524 0.827235772358
11538 0.829268292683
11551 0.831300813008
11642 0.833333333333
11644 0.835365853659
11655 0.837398373984
11706 0.839430894309
11800 0.841463414634
11808 0.843495934959
11840 0.845528455285
11850 0.84756097561
11961 0.849593495935
12113 0.85162601626
12145 0.853658536585
12191 0.855691056911
12245 0.857723577236
12255 0.859756097561
12668 0.861788617886
12672 0.863821138211
12860 0.865853658537
13016 0.867886178862
13041 0.869918699187
13055 0.871951219512
13118 0.873983739837
13339 0.876016260163
13507 0.878048780488
13554 0.882113821138
13554 0.882113821138
13604 0.884146341463
13683 0.886178861789
13715 0.888211382114
13782 0.890243902439
13831 0.892276422764
14044 0.894308943089
14072 0.896341463415
14239 0.89837398374
14241 0.900406504065
14261 0.90243902439
14275 0.904471544715
14304 0.906504065041
14594 0.908536585366
14698 0.910569105691
14991 0.912601626016
15000 0.914634146341
15084 0.916666666667
15095 0.918699186992
15227 0.920731707317
15576 0.922764227642
15917 0.924796747967
16098 0.926829268293
16130 0.928861788618
16143 0.930894308943
16218 0.932926829268
16431 0.934959349593
16448 0.936991869919
16498 0.939024390244
16508 0.941056910569
16562 0.943089430894
16694 0.94512195122
16709 0.947154471545
16783 0.94918699187
17115 0.951219512195
17326 0.95325203252
17507 0.955284552846
17544 0.957317073171
17609 0.959349593496
17805 0.961382113821
17862 0.963414634146
18946 0.965447154472
19127 0.967479674797
19194 0.969512195122
19300 0.971544715447
19361 0.973577235772
20264 0.975609756098
20396 0.977642276423
20798 0.979674796748
21064 0.981707317073
21862 0.983739837398
22440 0.985772357724
22874 0.987804878049
27168 0.989837398374
71805 0.991869918699
124081 0.993902439024
166346 0.99593495935
199488 0.997967479675
521681 1.0
