59 0.00202429149798
1311 0.00404858299595
1350 0.00607287449393
1411 0.0080971659919
1511 0.0101214574899
1636 0.0121457489879
1646 0.0141700404858
1724 0.0161943319838
1844 0.0182186234818
2049 0.0202429149798
2229 0.0222672064777
2249 0.0242914979757
2261 0.0263157894737
2342 0.0283400809717
2382 0.0303643724696
2437 0.0323886639676
2442 0.0344129554656
2460 0.0364372469636
2484 0.0384615384615
2507 0.0404858299595
2510 0.0425101214575
2549 0.0445344129555
2561 0.0465587044534
2563 0.0485829959514
2618 0.0506072874494
2629 0.0526315789474
2667 0.0546558704453
2727 0.0566801619433
2763 0.0587044534413
2783 0.0607287449393
2790 0.0627530364372
2806 0.0647773279352
2854 0.0668016194332
2858 0.0688259109312
2913 0.0708502024291
2930 0.0728744939271
2946 0.0748987854251
2959 0.0769230769231
2983 0.0789473684211
3000 0.080971659919
3076 0.082995951417
3077 0.085020242915
3099 0.087044534413
3148 0.0890688259109
3151 0.0910931174089
3184 0.0931174089069
3262 0.0951417004049
3275 0.0971659919028
3283 0.0991902834008
3295 0.101214574899
3317 0.103238866397
3348 0.105263157895
3406 0.107287449393
3432 0.109311740891
3473 0.111336032389
3486 0.113360323887
3515 0.115384615385
3632 0.117408906883
3633 0.119433198381
3637 0.121457489879
3669 0.123481781377
3759 0.125506072874
3791 0.127530364372
3808 0.12955465587
3842 0.131578947368
3854 0.133603238866
3868 0.135627530364
3879 0.137651821862
3902 0.13967611336
3908 0.141700404858
3909 0.143724696356
3910 0.145748987854
3911 0.147773279352
3924 0.14979757085
3928 0.151821862348
3934 0.153846153846
3935 0.155870445344
3939 0.157894736842
3972 0.15991902834
3988 0.161943319838
4020 0.165991902834
4020 0.165991902834
4026 0.168016194332
4032 0.17004048583
4039 0.172064777328
4047 0.174089068826
4053 0.176113360324
4082 0.178137651822
4083 0.18016194332
4143 0.182186234818
4156 0.184210526316
4184 0.186234817814
4194 0.188259109312
4203 0.19028340081
4204 0.192307692308
4225 0.194331983806
4231 0.196356275304
4272 0.198380566802
4311 0.2004048583
4339 0.202429149798
4356 0.204453441296
4362 0.206477732794
4365 0.208502024291
4375 0.210526315789
4389 0.212550607287
4392 0.214574898785
4396 0.216599190283
4398 0.218623481781
4414 0.220647773279
4425 0.222672064777
4431 0.224696356275
4454 0.226720647773
4468 0.228744939271
4477 0.230769230769
4486 0.234817813765
4486 0.234817813765
4489 0.236842105263
4499 0.238866396761
4523 0.240890688259
4540 0.242914979757
4573 0.244939271255
4576 0.246963562753
4585 0.248987854251
4589 0.251012145749
4602 0.255060728745
4602 0.255060728745
4605 0.257085020243
4641 0.259109311741
4659 0.261133603239
4661 0.263157894737
4669 0.265182186235
4727 0.267206477733
4730 0.269230769231
4731 0.271255060729
4775 0.273279352227
4787 0.275303643725
4792 0.277327935223
4800 0.279352226721
4804 0.281376518219
4817 0.283400809717
4839 0.285425101215
4853 0.287449392713
4858 0.289473684211
4875 0.291497975709
4882 0.293522267206
4885 0.295546558704
4900 0.297570850202
4908 0.2995951417
4917 0.301619433198
4924 0.303643724696
4925 0.307692307692
4925 0.307692307692
4937 0.30971659919
4958 0.311740890688
4973 0.313765182186
4981 0.315789473684
5027 0.317813765182
5037 0.31983805668
5041 0.321862348178
5043 0.325910931174
5043 0.325910931174
5057 0.327935222672
5065 0.32995951417
5072 0.331983805668
5102 0.334008097166
5121 0.336032388664
5130 0.338056680162
5138 0.34008097166
5152 0.342105263158
5157 0.344129554656
5186 0.346153846154
5216 0.348178137652
5242 0.35020242915
5273 0.352226720648
5288 0.354251012146
5313 0.356275303644
5357 0.358299595142
5452 0.36032388664
5497 0.362348178138
5524 0.364372469636
5529 0.366396761134
5532 0.368421052632
5578 0.37044534413
5593 0.372469635628
5624 0.374493927126
5629 0.376518218623
5632 0.378542510121
5633 0.380566801619
5677 0.382591093117
5707 0.384615384615
5723 0.386639676113
5726 0.388663967611
5730 0.390688259109
5745 0.392712550607
5754 0.394736842105
5779 0.396761133603
5785 0.398785425101
5794 0.400809716599
5795 0.402834008097
5804 0.404858299595
5833 0.406882591093
5845 0.408906882591
5861 0.410931174089
5863 0.412955465587
5896 0.414979757085
5901 0.417004048583
5906 0.419028340081
5938 0.421052631579
5940 0.423076923077
6002 0.425101214575
6041 0.427125506073
6062 0.429149797571
6096 0.431174089069
6138 0.433198380567
6161 0.435222672065
6165 0.437246963563
6202 0.439271255061
6204 0.441295546559
6213 0.443319838057
6234 0.445344129555
6240 0.447368421053
6246 0.449392712551
6251 0.451417004049
6272 0.453441295547
6280 0.455465587045
6283 0.457489878543
6316 0.45951417004
6344 0.461538461538
6361 0.463562753036
6466 0.465587044534
6467 0.46963562753
6467 0.46963562753
6496 0.471659919028
6511 0.473684210526
6517 0.475708502024
6522 0.477732793522
6559 0.47975708502
6567 0.481781376518
6582 0.483805668016
6590 0.485829959514
6598 0.487854251012
6613 0.48987854251
6616 0.491902834008
6622 0.493927125506
6639 0.495951417004
6663 0.497975708502
6665 0.5
6667 0.502024291498
6675 0.504048582996
6691 0.506072874494
6701 0.508097165992
6713 0.51012145749
6718 0.514170040486
6718 0.514170040486
6719 0.516194331984
6758 0.518218623482
6766 0.52024291498
6774 0.522267206478
6819 0.524291497976
6847 0.526315789474
6893 0.528340080972
6899 0.53036437247
6907 0.532388663968
6923 0.536437246964
6923 0.536437246964
6953 0.538461538462
6969 0.54048582996
7020 0.542510121457
7028 0.544534412955
7047 0.546558704453
7083 0.548582995951
7098 0.550607287449
7117 0.552631578947
7174 0.554655870445
7190 0.556680161943
7212 0.558704453441
7244 0.560728744939
7259 0.562753036437
7272 0.564777327935
7286 0.566801619433
7295 0.568825910931
7298 0.570850202429
7313 0.572874493927
7324 0.574898785425
7340 0.576923076923
7369 0.578947368421
7378 0.580971659919
7380 0.582995951417
7430 0.585020242915
7442 0.587044534413
7510 0.589068825911
7584 0.591093117409
7593 0.593117408907
7598 0.595141700405
7610 0.597165991903
7625 0.599190283401
7631 0.601214574899
7655 0.603238866397
7681 0.605263157895
7690 0.607287449393
7725 0.609311740891
7750 0.611336032389
7756 0.613360323887
7763 0.615384615385
7776 0.617408906883
7784 0.619433198381
7820 0.621457489879
7824 0.623481781377
7842 0.625506072874
7880 0.627530364372
7897 0.62955465587
7941 0.631578947368
7979 0.633603238866
7982 0.635627530364
8020 0.637651821862
8033 0.641700404858
8033 0.641700404858
8042 0.643724696356
8051 0.645748987854
8111 0.647773279352
8137 0.64979757085
8209 0.651821862348
8211 0.653846153846
8218 0.655870445344
8264 0.657894736842
8272 0.65991902834
8284 0.661943319838
8388 0.663967611336
8415 0.665991902834
8435 0.668016194332
8440 0.67004048583
8518 0.672064777328
8536 0.674089068826
8537 0.678137651822
8537 0.678137651822
8549 0.682186234818
8549 0.682186234818
8577 0.684210526316
8580 0.686234817814
8583 0.688259109312
8616 0.69028340081
8627 0.692307692308
8640 0.694331983806
8660 0.696356275304
8662 0.698380566802
8696 0.7004048583
8721 0.702429149798
8725 0.704453441296
8726 0.706477732794
8745 0.708502024291
8783 0.710526315789
8792 0.712550607287
8819 0.714574898785
8844 0.716599190283
8912 0.718623481781
8933 0.720647773279
8937 0.722672064777
8978 0.724696356275
8984 0.726720647773
9040 0.728744939271
9065 0.730769230769
9074 0.732793522267
9124 0.734817813765
9177 0.736842105263
9186 0.738866396761
9262 0.740890688259
9264 0.742914979757
9312 0.744939271255
9349 0.746963562753
9365 0.748987854251
9484 0.751012145749
9571 0.753036437247
9638 0.755060728745
9641 0.757085020243
9724 0.759109311741
9758 0.761133603239
9794 0.763157894737
9796 0.765182186235
9937 0.767206477733
10003 0.769230769231
10004 0.771255060729
10009 0.773279352227
10025 0.775303643725
10169 0.777327935223
10173 0.779352226721
10212 0.781376518219
10220 0.783400809717
10249 0.785425101215
10297 0.787449392713
10303 0.789473684211
10356 0.791497975709
10359 0.793522267206
10403 0.795546558704
10437 0.797570850202
10459 0.7995951417
10513 0.801619433198
10520 0.803643724696
10628 0.805668016194
10657 0.807692307692
10676 0.80971659919
10681 0.811740890688
10825 0.813765182186
10835 0.815789473684
10846 0.817813765182
10857 0.81983805668
11031 0.821862348178
11104 0.823886639676
11156 0.825910931174
11182 0.827935222672
11255 0.82995951417
11265 0.831983805668
11272 0.834008097166
11283 0.836032388664
11353 0.838056680162
11372 0.84008097166
11438 0.842105263158
11487 0.844129554656
11683 0.846153846154
11731 0.848178137652
11811 0.85020242915
11871 0.852226720648
12000 0.854251012146
12096 0.856275303644
12121 0.858299595142
12153 0.86032388664
12193 0.862348178138
12201 0.864372469636
12290 0.866396761134
12334 0.868421052632
12335 0.87044534413
12547 0.872469635628
12809 0.874493927126
12920 0.876518218623
12972 0.878542510121
12975 0.880566801619
12984 0.882591093117
13035 0.884615384615
13173 0.886639676113
13263 0.888663967611
13351 0.890688259109
13486 0.892712550607
13616 0.894736842105
13808 0.896761133603
13833 0.898785425101
13851 0.900809716599
14375 0.902834008097
14527 0.904858299595
14860 0.906882591093
15026 0.908906882591
15177 0.910931174089
15252 0.912955465587
15324 0.914979757085
15695 0.917004048583
15785 0.919028340081
15835 0.921052631579
15932 0.923076923077
15995 0.925101214575
16086 0.927125506073
16125 0.929149797571
16251 0.931174089069
16303 0.933198380567
16418 0.935222672065
16725 0.937246963563
16989 0.939271255061
17010 0.941295546559
17470 0.943319838057
17598 0.945344129555
17796 0.947368421053
18099 0.949392712551
18157 0.951417004049
18323 0.953441295547
18504 0.955465587045
18822 0.957489878543
18833 0.95951417004
18980 0.961538461538
19276 0.963562753036
19758 0.965587044534
20454 0.967611336032
21520 0.96963562753
21735 0.971659919028
22814 0.973684210526
23018 0.975708502024
24225 0.977732793522
25014 0.97975708502
28459 0.981781376518
28943 0.983805668016
30057 0.985829959514
32709 0.987854251012
33332 0.98987854251
34114 0.991902834008
78015 0.993927125506
117075 0.995951417004
128187 0.997975708502
413021 1.0
