62 0.00202429149798
795 0.00404858299595
1546 0.00607287449393
1554 0.0080971659919
1572 0.0101214574899
1598 0.0121457489879
1849 0.0141700404858
1859 0.0161943319838
1931 0.0182186234818
2185 0.0202429149798
2187 0.0222672064777
2394 0.0242914979757
2395 0.0263157894737
2407 0.0283400809717
2604 0.0303643724696
2720 0.0323886639676
2745 0.0344129554656
2747 0.0364372469636
2772 0.0384615384615
2774 0.0404858299595
2820 0.0425101214575
2841 0.0445344129555
2854 0.0465587044534
2864 0.0485829959514
2887 0.0506072874494
2933 0.0526315789474
2948 0.0546558704453
2950 0.0566801619433
2987 0.0587044534413
3049 0.0607287449393
3055 0.0627530364372
3192 0.0647773279352
3217 0.0668016194332
3249 0.0688259109312
3272 0.0708502024291
3276 0.0728744939271
3284 0.0748987854251
3327 0.0769230769231
3405 0.0789473684211
3443 0.080971659919
3458 0.082995951417
3483 0.085020242915
3485 0.087044534413
3533 0.0890688259109
3585 0.0910931174089
3631 0.0931174089069
3644 0.0951417004049
3662 0.0971659919028
3679 0.0991902834008
3683 0.101214574899
3685 0.103238866397
3688 0.105263157895
3771 0.107287449393
3797 0.109311740891
3800 0.111336032389
3810 0.113360323887
3818 0.115384615385
3858 0.117408906883
3924 0.119433198381
3930 0.121457489879
3936 0.123481781377
3970 0.125506072874
3991 0.127530364372
3995 0.12955465587
4029 0.131578947368
4063 0.133603238866
4095 0.135627530364
4100 0.13967611336
4100 0.13967611336
4104 0.141700404858
4114 0.143724696356
4145 0.145748987854
4187 0.147773279352
4260 0.14979757085
4265 0.151821862348
4267 0.153846153846
4278 0.155870445344
4339 0.15991902834
4339 0.15991902834
4387 0.161943319838
4406 0.163967611336
4444 0.165991902834
4448 0.168016194332
4459 0.17004048583
4460 0.172064777328
4478 0.174089068826
4496 0.176113360324
4501 0.178137651822
4508 0.18016194332
4514 0.182186234818
4537 0.184210526316
4542 0.186234817814
4554 0.188259109312
4585 0.19028340081
4587 0.192307692308
4590 0.194331983806
4592 0.196356275304
4609 0.198380566802
4611 0.2004048583
4613 0.202429149798
4631 0.204453441296
4634 0.206477732794
4704 0.208502024291
4709 0.210526315789
4720 0.212550607287
4728 0.214574898785
4739 0.216599190283
4746 0.218623481781
4751 0.220647773279
4754 0.222672064777
4768 0.224696356275
4787 0.226720647773
4803 0.228744939271
4810 0.230769230769
4854 0.232793522267
4855 0.234817813765
4861 0.236842105263
4908 0.238866396761
4916 0.240890688259
4920 0.242914979757
4939 0.244939271255
4958 0.246963562753
5004 0.248987854251
5008 0.253036437247
5008 0.253036437247
5029 0.255060728745
5032 0.257085020243
5035 0.259109311741
5084 0.261133603239
5090 0.263157894737
5095 0.265182186235
5096 0.267206477733
5098 0.269230769231
5105 0.271255060729
5106 0.273279352227
5113 0.275303643725
5116 0.277327935223
5121 0.279352226721
5129 0.281376518219
5161 0.283400809717
5168 0.285425101215
5218 0.287449392713
5236 0.289473684211
5242 0.291497975709
5245 0.293522267206
5266 0.295546558704
5270 0.297570850202
5294 0.2995951417
5330 0.301619433198
5342 0.303643724696
5344 0.305668016194
5376 0.307692307692
5378 0.30971659919
5407 0.311740890688
5414 0.313765182186
5417 0.315789473684
5463 0.317813765182
5470 0.31983805668
5492 0.321862348178
5498 0.323886639676
5505 0.325910931174
5524 0.327935222672
5541 0.32995951417
5550 0.331983805668
5562 0.334008097166
5633 0.338056680162
5633 0.338056680162
5636 0.34008097166
5669 0.342105263158
5691 0.344129554656
5699 0.346153846154
5721 0.348178137652
5732 0.35020242915
5748 0.352226720648
5754 0.354251012146
5759 0.356275303644
5767 0.358299595142
5798 0.36032388664
5818 0.362348178138
5846 0.364372469636
5869 0.366396761134
5885 0.37044534413
5885 0.37044534413
5932 0.372469635628
5972 0.374493927126
5982 0.376518218623
5998 0.378542510121
6009 0.380566801619
6029 0.382591093117
6080 0.384615384615
6088 0.386639676113
6099 0.388663967611
6114 0.390688259109
6127 0.392712550607
6146 0.394736842105
6184 0.396761133603
6239 0.398785425101
6250 0.400809716599
6254 0.402834008097
6263 0.404858299595
6266 0.406882591093
6298 0.408906882591
6418 0.410931174089
6475 0.412955465587
6503 0.414979757085
6524 0.417004048583
6553 0.419028340081
6557 0.423076923077
6557 0.423076923077
6569 0.425101214575
6576 0.427125506073
6582 0.429149797571
6622 0.431174089069
6667 0.433198380567
6675 0.435222672065
6687 0.437246963563
6695 0.439271255061
6706 0.441295546559
6709 0.443319838057
6719 0.445344129555
6722 0.447368421053
6723 0.449392712551
6734 0.451417004049
6735 0.453441295547
6746 0.455465587045
6763 0.457489878543
6768 0.45951417004
6773 0.461538461538
6787 0.463562753036
6790 0.465587044534
6808 0.467611336032
6841 0.46963562753
6847 0.471659919028
6871 0.473684210526
6945 0.475708502024
6963 0.477732793522
6981 0.47975708502
6984 0.481781376518
6989 0.483805668016
6990 0.487854251012
6990 0.487854251012
7027 0.48987854251
7028 0.491902834008
7032 0.495951417004
7032 0.495951417004
7048 0.497975708502
7069 0.5
7085 0.502024291498
7186 0.504048582996
7212 0.506072874494
7215 0.508097165992
7222 0.51012145749
7238 0.512145748988
7257 0.514170040486
7285 0.518218623482
7285 0.518218623482
7312 0.52024291498
7338 0.522267206478
7362 0.524291497976
7368 0.526315789474
7374 0.528340080972
7389 0.53036437247
7399 0.532388663968
7448 0.534412955466
7456 0.536437246964
7490 0.538461538462
7494 0.54048582996
7509 0.542510121457
7512 0.544534412955
7538 0.546558704453
7539 0.548582995951
7573 0.550607287449
7576 0.552631578947
7584 0.554655870445
7586 0.556680161943
7590 0.558704453441
7593 0.560728744939
7596 0.562753036437
7625 0.564777327935
7648 0.566801619433
7707 0.568825910931
7743 0.570850202429
7772 0.572874493927
7784 0.574898785425
7786 0.576923076923
7799 0.578947368421
7827 0.580971659919
7834 0.582995951417
7907 0.585020242915
7934 0.587044534413
7938 0.589068825911
8011 0.591093117409
8062 0.593117408907
8068 0.595141700405
8078 0.597165991903
8083 0.599190283401
8109 0.601214574899
8132 0.603238866397
8200 0.605263157895
8231 0.607287449393
8234 0.609311740891
8281 0.611336032389
8342 0.613360323887
8354 0.615384615385
8375 0.617408906883
8380 0.621457489879
8380 0.621457489879
8405 0.623481781377
8415 0.625506072874
8416 0.627530364372
8471 0.62955465587
8532 0.631578947368
8536 0.633603238866
8537 0.635627530364
8587 0.637651821862
8621 0.63967611336
8667 0.641700404858
8682 0.643724696356
8690 0.645748987854
8695 0.647773279352
8711 0.64979757085
8714 0.651821862348
8719 0.653846153846
8724 0.655870445344
8815 0.657894736842
8836 0.65991902834
8855 0.661943319838
8858 0.663967611336
8862 0.665991902834
8898 0.668016194332
8904 0.67004048583
8962 0.672064777328
8968 0.674089068826
8991 0.676113360324
9033 0.678137651822
9040 0.68016194332
9058 0.682186234818
9060 0.684210526316
9076 0.686234817814
9102 0.688259109312
9109 0.69028340081
9120 0.692307692308
9144 0.694331983806
9188 0.696356275304
9238 0.698380566802
9293 0.7004048583
9356 0.704453441296
9356 0.704453441296
9365 0.706477732794
9389 0.708502024291
9461 0.710526315789
9469 0.712550607287
9497 0.714574898785
9498 0.716599190283
9518 0.718623481781
9541 0.720647773279
9554 0.722672064777
9559 0.724696356275
9561 0.726720647773
9566 0.728744939271
9572 0.730769230769
9612 0.732793522267
9726 0.736842105263
9726 0.736842105263
9748 0.738866396761
9776 0.740890688259
9863 0.742914979757
9879 0.744939271255
9892 0.746963562753
9967 0.748987854251
9978 0.751012145749
10024 0.753036437247
10106 0.755060728745
10136 0.757085020243
10328 0.759109311741
10385 0.761133603239
10425 0.763157894737
10476 0.765182186235
10634 0.767206477733
10664 0.769230769231
10666 0.771255060729
10675 0.773279352227
10786 0.775303643725
10809 0.777327935223
10819 0.779352226721
10829 0.781376518219
10840 0.783400809717
10867 0.785425101215
10877 0.787449392713
10944 0.789473684211
10948 0.791497975709
11077 0.793522267206
11130 0.795546558704
11258 0.797570850202
11276 0.7995951417
11280 0.801619433198
11333 0.803643724696
11334 0.805668016194
11373 0.807692307692
11520 0.80971659919
11542 0.811740890688
11560 0.813765182186
11639 0.815789473684
11680 0.817813765182
11797 0.81983805668
11918 0.821862348178
11989 0.823886639676
11998 0.825910931174
12012 0.827935222672
12026 0.82995951417
12071 0.831983805668
12078 0.834008097166
12089 0.836032388664
12150 0.838056680162
12310 0.84008097166
12356 0.842105263158
12401 0.844129554656
12421 0.846153846154
12452 0.848178137652
12487 0.85020242915
12575 0.852226720648
12749 0.854251012146
12837 0.856275303644
13075 0.858299595142
13098 0.86032388664
13115 0.862348178138
13209 0.864372469636
13313 0.866396761134
13317 0.868421052632
13344 0.87044534413
13410 0.872469635628
13553 0.874493927126
13694 0.876518218623
13759 0.878542510121
13837 0.880566801619
14027 0.882591093117
14055 0.884615384615
14175 0.886639676113
14402 0.888663967611
14455 0.890688259109
14480 0.892712550607
14494 0.894736842105
14551 0.896761133603
14656 0.898785425101
15104 0.900809716599
15178 0.902834008097
15490 0.904858299595
15610 0.906882591093
15822 0.908906882591
15987 0.910931174089
16073 0.912955465587
16076 0.914979757085
16144 0.917004048583
16185 0.919028340081
16491 0.921052631579
16525 0.923076923077
16636 0.925101214575
16695 0.927125506073
16745 0.929149797571
16899 0.931174089069
16993 0.933198380567
17008 0.935222672065
17437 0.937246963563
17617 0.939271255061
17692 0.941295546559
17873 0.943319838057
18108 0.945344129555
18257 0.947368421053
18471 0.949392712551
18503 0.951417004049
18570 0.953441295547
18580 0.955465587045
18685 0.957489878543
18878 0.95951417004
19726 0.961538461538
19876 0.963562753036
20022 0.965587044534
21413 0.967611336032
21911 0.96963562753
22225 0.971659919028
23725 0.973684210526
23788 0.975708502024
24104 0.977732793522
26062 0.97975708502
27738 0.981781376518
28557 0.983805668016
28948 0.985829959514
33797 0.987854251012
34141 0.98987854251
34927 0.991902834008
75016 0.993927125506
91333 0.995951417004
121005 0.997975708502
413738 1.0
