141 0.00201612903226
422 0.00403225806452
594 0.00604838709677
698 0.00806451612903
868 0.0100806451613
874 0.0120967741935
911 0.0141129032258
965 0.0161290322581
980 0.0181451612903
1066 0.0201612903226
1116 0.0221774193548
1130 0.0241935483871
1143 0.0262096774194
1172 0.0282258064516
1313 0.0302419354839
1333 0.0322580645161
1411 0.0342741935484
1431 0.0362903225806
1490 0.0383064516129
1507 0.0403225806452
1509 0.0423387096774
1517 0.0443548387097
1554 0.0463709677419
1573 0.0483870967742
1583 0.0504032258065
1590 0.0524193548387
1608 0.054435483871
1628 0.0564516129032
1629 0.0584677419355
1650 0.0604838709677
1696 0.0625
1699 0.0645161290323
1748 0.0665322580645
1792 0.0685483870968
1812 0.070564516129
1837 0.0725806451613
1886 0.0745967741935
1907 0.0766129032258
1930 0.0786290322581
1935 0.0806451612903
1944 0.0826612903226
1966 0.0846774193548
1977 0.0866935483871
1987 0.0887096774194
1991 0.0907258064516
1999 0.0927419354839
2004 0.0947580645161
2006 0.0967741935484
2013 0.0987903225806
2021 0.100806451613
2024 0.102822580645
2046 0.104838709677
2059 0.10685483871
2072 0.108870967742
2086 0.110887096774
2115 0.112903225806
2117 0.114919354839
2140 0.116935483871
2152 0.118951612903
2160 0.120967741935
2175 0.122983870968
2185 0.125
2186 0.127016129032
2212 0.129032258065
2219 0.131048387097
2235 0.133064516129
2258 0.135080645161
2266 0.137096774194
2267 0.139112903226
2277 0.141129032258
2287 0.14314516129
2295 0.145161290323
2305 0.147177419355
2313 0.149193548387
2330 0.151209677419
2336 0.153225806452
2338 0.155241935484
2347 0.157258064516
2352 0.159274193548
2358 0.161290322581
2368 0.163306451613
2369 0.165322580645
2371 0.167338709677
2431 0.16935483871
2432 0.171370967742
2438 0.173387096774
2439 0.175403225806
2444 0.177419354839
2463 0.179435483871
2500 0.181451612903
2510 0.183467741935
2532 0.185483870968
2536 0.1875
2538 0.191532258065
2538 0.191532258065
2541 0.193548387097
2543 0.195564516129
2545 0.197580645161
2553 0.199596774194
2582 0.201612903226
2589 0.203629032258
2610 0.20564516129
2613 0.207661290323
2668 0.209677419355
2685 0.211693548387
2687 0.213709677419
2702 0.215725806452
2709 0.217741935484
2742 0.219758064516
2769 0.221774193548
2777 0.223790322581
2781 0.225806451613
2783 0.227822580645
2785 0.229838709677
2792 0.23185483871
2797 0.233870967742
2801 0.235887096774
2814 0.237903225806
2824 0.239919354839
2841 0.241935483871
2870 0.243951612903
2872 0.245967741935
2876 0.247983870968
2891 0.25
2892 0.252016129032
2894 0.254032258065
2895 0.256048387097
2932 0.258064516129
2934 0.260080645161
2938 0.262096774194
2948 0.264112903226
2949 0.266129032258
2968 0.26814516129
2975 0.270161290323
2977 0.272177419355
2983 0.274193548387
2995 0.276209677419
3000 0.278225806452
3002 0.280241935484
3014 0.282258064516
3027 0.284274193548
3054 0.286290322581
3064 0.288306451613
3072 0.290322580645
3083 0.292338709677
3094 0.29435483871
3097 0.296370967742
3103 0.298387096774
3104 0.300403225806
3109 0.302419354839
3116 0.304435483871
3146 0.308467741935
3146 0.308467741935
3171 0.310483870968
3172 0.3125
3183 0.314516129032
3190 0.316532258065
3192 0.318548387097
3194 0.320564516129
3204 0.322580645161
3252 0.324596774194
3255 0.326612903226
3260 0.328629032258
3282 0.33064516129
3312 0.332661290323
3326 0.334677419355
3331 0.336693548387
3335 0.338709677419
3338 0.340725806452
3371 0.342741935484
3402 0.344758064516
3438 0.346774193548
3446 0.348790322581
3454 0.350806451613
3460 0.352822580645
3463 0.354838709677
3481 0.35685483871
3495 0.358870967742
3500 0.360887096774
3503 0.362903225806
3508 0.364919354839
3513 0.366935483871
3526 0.368951612903
3530 0.370967741935
3542 0.372983870968
3577 0.375
3585 0.377016129032
3588 0.379032258065
3597 0.381048387097
3604 0.383064516129
3613 0.385080645161
3618 0.387096774194
3619 0.389112903226
3638 0.391129032258
3653 0.39314516129
3656 0.395161290323
3661 0.397177419355
3663 0.399193548387
3683 0.401209677419
3695 0.403225806452
3721 0.405241935484
3760 0.407258064516
3764 0.409274193548
3790 0.411290322581
3806 0.413306451613
3809 0.415322580645
3810 0.417338709677
3822 0.41935483871
3827 0.421370967742
3840 0.423387096774
3846 0.425403225806
3850 0.427419354839
3861 0.429435483871
3868 0.431451612903
3877 0.433467741935
3879 0.435483870968
3882 0.4375
3885 0.439516129032
3919 0.441532258065
3923 0.443548387097
3931 0.445564516129
4007 0.447580645161
4015 0.449596774194
4027 0.451612903226
4033 0.453629032258
4043 0.45564516129
4045 0.457661290323
4055 0.459677419355
4105 0.461693548387
4108 0.463709677419
4114 0.465725806452
4127 0.467741935484
4132 0.469758064516
4135 0.471774193548
4147 0.473790322581
4208 0.475806451613
4213 0.477822580645
4234 0.479838709677
4259 0.48185483871
4261 0.483870967742
4280 0.485887096774
4297 0.487903225806
4319 0.489919354839
4350 0.491935483871
4354 0.493951612903
4362 0.495967741935
4370 0.497983870968
4381 0.5
4390 0.502016129032
4464 0.504032258065
4467 0.506048387097
4474 0.508064516129
4487 0.510080645161
4496 0.512096774194
4501 0.514112903226
4503 0.516129032258
4525 0.51814516129
4549 0.520161290323
4562 0.522177419355
4577 0.524193548387
4581 0.526209677419
4623 0.528225806452
4626 0.530241935484
4643 0.532258064516
4659 0.534274193548
4668 0.536290322581
4676 0.538306451613
4679 0.540322580645
4722 0.542338709677
4724 0.54435483871
4734 0.546370967742
4759 0.548387096774
4769 0.550403225806
4780 0.552419354839
4851 0.554435483871
4852 0.558467741935
4852 0.558467741935
4860 0.560483870968
4893 0.564516129032
4893 0.564516129032
4894 0.566532258065
4918 0.568548387097
4930 0.570564516129
4956 0.572580645161
5001 0.574596774194
5034 0.576612903226
5035 0.578629032258
5046 0.58064516129
5076 0.582661290323
5091 0.584677419355
5094 0.586693548387
5132 0.588709677419
5143 0.590725806452
5155 0.592741935484
5159 0.594758064516
5172 0.596774193548
5183 0.598790322581
5228 0.600806451613
5265 0.602822580645
5287 0.604838709677
5305 0.60685483871
5334 0.608870967742
5336 0.610887096774
5348 0.612903225806
5350 0.614919354839
5354 0.616935483871
5355 0.618951612903
5359 0.620967741935
5370 0.622983870968
5393 0.625
5397 0.627016129032
5406 0.629032258065
5418 0.631048387097
5454 0.633064516129
5458 0.635080645161
5536 0.637096774194
5543 0.639112903226
5586 0.641129032258
5589 0.64314516129
5625 0.645161290323
5658 0.647177419355
5662 0.649193548387
5687 0.651209677419
5722 0.653225806452
5766 0.655241935484
5786 0.657258064516
5862 0.659274193548
5866 0.661290322581
5906 0.663306451613
5909 0.665322580645
5917 0.667338709677
5926 0.66935483871
5929 0.673387096774
5929 0.673387096774
5942 0.675403225806
5959 0.677419354839
5962 0.679435483871
5983 0.681451612903
5993 0.683467741935
6023 0.685483870968
6052 0.6875
6059 0.689516129032
6072 0.691532258065
6187 0.693548387097
6202 0.695564516129
6245 0.697580645161
6293 0.699596774194
6330 0.701612903226
6336 0.703629032258
6348 0.70564516129
6362 0.707661290323
6433 0.709677419355
6452 0.711693548387
6487 0.713709677419
6525 0.715725806452
6533 0.717741935484
6554 0.719758064516
6571 0.721774193548
6616 0.723790322581
6675 0.725806451613
6679 0.727822580645
6694 0.729838709677
6708 0.73185483871
6717 0.733870967742
6747 0.735887096774
6822 0.737903225806
6855 0.739919354839
6859 0.741935483871
6863 0.743951612903
6884 0.745967741935
6893 0.747983870968
6963 0.75
7004 0.752016129032
7020 0.754032258065
7043 0.756048387097
7084 0.758064516129
7108 0.760080645161
7133 0.762096774194
7201 0.764112903226
7221 0.766129032258
7225 0.76814516129
7234 0.770161290323
7241 0.772177419355
7297 0.774193548387
7396 0.776209677419
7424 0.778225806452
7441 0.780241935484
7447 0.782258064516
7478 0.784274193548
7481 0.786290322581
7497 0.788306451613
7506 0.790322580645
7512 0.792338709677
7569 0.79435483871
7578 0.796370967742
7580 0.798387096774
7686 0.800403225806
7695 0.802419354839
7706 0.804435483871
7710 0.806451612903
7718 0.808467741935
7753 0.810483870968
7800 0.8125
7835 0.814516129032
7876 0.816532258065
7946 0.818548387097
8033 0.820564516129
8117 0.822580645161
8123 0.824596774194
8130 0.826612903226
8140 0.828629032258
8154 0.83064516129
8165 0.832661290323
8197 0.834677419355
8218 0.836693548387
8280 0.838709677419
8281 0.840725806452
8456 0.842741935484
8457 0.844758064516
8504 0.846774193548
8526 0.848790322581
8530 0.850806451613
8531 0.852822580645
8619 0.854838709677
8621 0.85685483871
8720 0.858870967742
8917 0.860887096774
8967 0.862903225806
8978 0.864919354839
9025 0.866935483871
9057 0.868951612903
9111 0.870967741935
9267 0.872983870968
9577 0.875
9579 0.877016129032
9601 0.879032258065
9628 0.881048387097
9863 0.883064516129
9944 0.885080645161
9991 0.887096774194
10279 0.889112903226
10289 0.891129032258
10323 0.89314516129
10517 0.895161290323
10567 0.897177419355
10582 0.899193548387
10589 0.901209677419
10615 0.903225806452
10656 0.905241935484
10711 0.907258064516
10743 0.909274193548
11080 0.911290322581
11109 0.913306451613
11307 0.915322580645
11627 0.917338709677
11936 0.91935483871
11962 0.921370967742
12072 0.923387096774
12146 0.925403225806
12191 0.927419354839
12234 0.929435483871
12356 0.931451612903
12413 0.933467741935
12459 0.935483870968
12530 0.9375
12626 0.939516129032
13173 0.941532258065
13293 0.943548387097
13813 0.945564516129
14129 0.947580645161
14349 0.949596774194
14704 0.951612903226
15427 0.953629032258
15493 0.95564516129
16173 0.957661290323
16291 0.959677419355
16786 0.961693548387
17480 0.963709677419
17546 0.965725806452
17859 0.967741935484
18286 0.969758064516
19291 0.971774193548
19630 0.973790322581
21053 0.975806451613
21399 0.977822580645
29287 0.979838709677
38307 0.98185483871
38341 0.983870967742
54416 0.985887096774
68394 0.987903225806
73323 0.989919354839
127401 0.991935483871
131346 0.993951612903
143521 0.995967741935
187202 0.997983870968
441269 1.0
