136 0.00202839756592
827 0.00405679513185
1773 0.00608519269777
1972 0.00811359026369
2224 0.0101419878296
2410 0.0121703853955
2454 0.0141987829615
2621 0.0162271805274
2981 0.0182555780933
3036 0.0202839756592
3042 0.0223123732252
3412 0.0243407707911
3433 0.026369168357
3441 0.0283975659229
3520 0.0304259634888
3611 0.0324543610548
3627 0.0344827586207
3699 0.0365111561866
3715 0.0385395537525
3750 0.0405679513185
3862 0.0425963488844
3877 0.0446247464503
3939 0.0466531440162
3954 0.0486815415822
3965 0.0507099391481
4208 0.052738336714
4221 0.0547667342799
4260 0.0567951318458
4284 0.0588235294118
4317 0.0608519269777
4341 0.0628803245436
4416 0.0649087221095
4427 0.0669371196755
4467 0.0689655172414
4487 0.0730223123732
4487 0.0730223123732
4505 0.0750507099391
4550 0.0770791075051
4708 0.079107505071
4732 0.0811359026369
4746 0.0831643002028
4758 0.0851926977688
4759 0.0872210953347
4800 0.0892494929006
4863 0.0912778904665
4904 0.0933062880325
5094 0.0953346855984
5119 0.0973630831643
5297 0.0993914807302
5310 0.101419878296
5312 0.103448275862
5401 0.105476673428
5432 0.107505070994
5489 0.10953346856
5521 0.111561866126
5525 0.113590263692
5728 0.115618661258
5784 0.117647058824
5787 0.119675456389
5835 0.121703853955
5918 0.123732251521
5969 0.125760649087
5983 0.129817444219
5983 0.129817444219
6003 0.131845841785
6027 0.133874239351
6130 0.135902636917
6162 0.137931034483
6170 0.139959432049
6210 0.141987829615
6259 0.144016227181
6262 0.146044624746
6272 0.148073022312
6289 0.150101419878
6294 0.152129817444
6308 0.15415821501
6331 0.156186612576
6361 0.158215010142
6386 0.160243407708
6437 0.162271805274
6526 0.16430020284
6550 0.166328600406
6576 0.168356997972
6580 0.170385395538
6601 0.172413793103
6627 0.174442190669
6629 0.176470588235
6645 0.180527383367
6645 0.180527383367
6651 0.182555780933
6687 0.184584178499
6697 0.186612576065
6732 0.188640973631
6788 0.190669371197
6797 0.192697768763
6798 0.194726166329
6803 0.196754563895
6806 0.19878296146
6832 0.200811359026
6846 0.202839756592
6899 0.204868154158
6916 0.206896551724
6920 0.20892494929
6938 0.210953346856
6961 0.212981744422
6991 0.215010141988
7030 0.217038539554
7041 0.21906693712
7060 0.221095334686
7103 0.223123732252
7159 0.225152129817
7173 0.227180527383
7235 0.229208924949
7251 0.231237322515
7276 0.233265720081
7302 0.235294117647
7319 0.237322515213
7324 0.239350912779
7339 0.241379310345
7349 0.243407707911
7369 0.245436105477
7378 0.247464503043
7381 0.249492900609
7468 0.251521298174
7478 0.25354969574
7503 0.255578093306
7546 0.257606490872
7549 0.259634888438
7678 0.261663286004
7729 0.26369168357
7754 0.265720081136
7764 0.267748478702
7770 0.269776876268
7799 0.271805273834
7820 0.2738336714
7835 0.275862068966
7876 0.277890466531
7897 0.279918864097
7902 0.281947261663
7928 0.283975659229
7931 0.286004056795
7945 0.288032454361
8004 0.290060851927
8023 0.292089249493
8053 0.294117647059
8077 0.296146044625
8117 0.298174442191
8134 0.300202839757
8170 0.302231237323
8234 0.304259634888
8251 0.306288032454
8263 0.30831643002
8282 0.310344827586
8337 0.312373225152
8344 0.314401622718
8362 0.316430020284
8373 0.31845841785
8393 0.320486815416
8416 0.322515212982
8427 0.324543610548
8435 0.326572008114
8436 0.32860040568
8459 0.330628803245
8482 0.332657200811
8531 0.336713995943
8531 0.336713995943
8577 0.338742393509
8595 0.340770791075
8646 0.342799188641
8648 0.344827586207
8695 0.346855983773
8736 0.348884381339
8769 0.350912778905
8785 0.352941176471
8833 0.354969574037
8847 0.356997971602
8884 0.359026369168
8891 0.361054766734
8917 0.3630831643
8974 0.365111561866
9001 0.367139959432
9043 0.369168356998
9072 0.371196754564
9100 0.37322515213
9168 0.375253549696
9237 0.377281947262
9242 0.379310344828
9262 0.381338742394
9281 0.383367139959
9315 0.385395537525
9330 0.387423935091
9337 0.389452332657
9373 0.391480730223
9384 0.393509127789
9436 0.395537525355
9514 0.397565922921
9548 0.399594320487
9616 0.401622718053
9633 0.403651115619
9669 0.405679513185
9670 0.407707910751
9741 0.409736308316
9756 0.411764705882
9768 0.413793103448
9792 0.415821501014
9810 0.41784989858
9835 0.419878296146
9852 0.421906693712
9872 0.423935091278
9890 0.425963488844
9891 0.42799188641
9893 0.430020283976
9905 0.432048681542
9935 0.434077079108
9949 0.436105476673
9953 0.438133874239
9966 0.440162271805
9992 0.442190669371
10001 0.444219066937
10005 0.446247464503
10036 0.448275862069
10083 0.450304259635
10097 0.452332657201
10109 0.454361054767
10183 0.456389452333
10217 0.458417849899
10262 0.460446247465
10312 0.46247464503
10345 0.464503042596
10352 0.466531440162
10460 0.468559837728
10463 0.470588235294
10522 0.47261663286
10582 0.474645030426
10634 0.476673427992
10647 0.478701825558
10696 0.480730223124
10722 0.48275862069
10743 0.484787018256
10785 0.486815415822
10789 0.488843813387
10814 0.490872210953
10832 0.494929006085
10832 0.494929006085
10834 0.496957403651
10850 0.498985801217
10881 0.501014198783
10890 0.503042596349
10902 0.505070993915
10920 0.507099391481
10968 0.509127789047
10983 0.511156186613
10985 0.513184584178
11030 0.515212981744
11060 0.51724137931
11069 0.519269776876
11100 0.521298174442
11178 0.523326572008
11203 0.525354969574
11210 0.52738336714
11216 0.529411764706
11222 0.531440162272
11265 0.533468559838
11284 0.535496957404
11286 0.53752535497
11299 0.539553752535
11432 0.541582150101
11452 0.543610547667
11519 0.545638945233
11559 0.547667342799
11568 0.549695740365
11570 0.551724137931
11591 0.553752535497
11617 0.555780933063
11630 0.557809330629
11642 0.559837728195
11645 0.561866125761
11662 0.563894523327
11665 0.565922920892
11786 0.567951318458
11832 0.569979716024
11894 0.57200811359
11899 0.574036511156
11936 0.576064908722
11939 0.578093306288
12013 0.580121703854
12048 0.58215010142
12050 0.584178498986
12123 0.586206896552
12150 0.588235294118
12185 0.590263691684
12198 0.592292089249
12239 0.594320486815
12327 0.596348884381
12367 0.598377281947
12388 0.600405679513
12426 0.602434077079
12559 0.604462474645
12560 0.606490872211
12578 0.608519269777
12580 0.610547667343
12596 0.612576064909
12628 0.614604462475
12679 0.616632860041
12746 0.618661257606
12749 0.620689655172
12763 0.622718052738
12768 0.624746450304
12778 0.62677484787
12943 0.628803245436
12966 0.630831643002
13072 0.632860040568
13137 0.634888438134
13165 0.6369168357
13181 0.638945233266
13302 0.640973630832
13431 0.643002028398
13437 0.645030425963
13472 0.647058823529
13506 0.649087221095
13520 0.651115618661
13571 0.653144016227
13766 0.655172413793
13784 0.657200811359
13859 0.659229208925
13901 0.661257606491
13917 0.663286004057
13970 0.665314401623
13994 0.667342799189
14053 0.669371196755
14085 0.673427991886
14085 0.673427991886
14111 0.675456389452
14122 0.677484787018
14124 0.679513184584
14172 0.68154158215
14225 0.683569979716
14238 0.685598377282
14248 0.687626774848
14268 0.689655172414
14476 0.69168356998
14487 0.693711967546
14500 0.695740365112
14556 0.697768762677
14605 0.699797160243
14642 0.701825557809
14662 0.703853955375
14797 0.705882352941
14842 0.707910750507
14882 0.709939148073
14900 0.711967545639
14961 0.713995943205
15022 0.716024340771
15208 0.718052738337
15219 0.720081135903
15224 0.722109533469
15354 0.724137931034
15506 0.7261663286
15547 0.728194726166
15558 0.730223123732
15574 0.732251521298
15737 0.734279918864
15754 0.73630831643
15756 0.738336713996
15774 0.740365111562
15793 0.744421906694
15793 0.744421906694
15818 0.74645030426
15820 0.748478701826
15868 0.750507099391
15886 0.752535496957
16025 0.754563894523
16084 0.756592292089
16086 0.758620689655
16154 0.760649087221
16259 0.762677484787
16293 0.764705882353
16303 0.766734279919
16454 0.768762677485
16552 0.770791075051
16583 0.772819472617
16608 0.774847870183
16610 0.776876267748
16698 0.778904665314
16877 0.78093306288
16911 0.782961460446
17086 0.784989858012
17092 0.787018255578
17135 0.789046653144
17156 0.79107505071
17187 0.793103448276
17193 0.795131845842
17226 0.797160243408
17338 0.799188640974
17347 0.80121703854
17423 0.803245436105
17439 0.805273833671
17443 0.807302231237
17571 0.809330628803
17595 0.811359026369
17639 0.813387423935
17685 0.815415821501
17686 0.817444219067
17694 0.819472616633
17916 0.821501014199
18053 0.823529411765
18118 0.825557809331
18194 0.827586206897
18235 0.829614604462
18302 0.831643002028
18618 0.833671399594
18724 0.83569979716
18898 0.837728194726
19082 0.839756592292
19172 0.841784989858
19229 0.843813387424
19460 0.84584178499
19512 0.847870182556
19755 0.849898580122
19761 0.851926977688
19836 0.853955375254
19887 0.855983772819
20160 0.858012170385
20307 0.860040567951
20333 0.862068965517
20390 0.864097363083
20565 0.866125760649
20616 0.868154158215
20636 0.870182555781
20656 0.872210953347
20755 0.874239350913
20883 0.876267748479
21004 0.878296146045
21161 0.880324543611
21232 0.882352941176
21251 0.884381338742
21475 0.886409736308
21570 0.888438133874
21800 0.89046653144
21918 0.892494929006
21971 0.894523326572
22164 0.896551724138
22184 0.898580121704
22983 0.90060851927
23228 0.902636916836
23276 0.904665314402
23613 0.906693711968
23794 0.908722109533
24126 0.910750507099
24150 0.912778904665
24219 0.914807302231
24558 0.916835699797
24892 0.918864097363
25236 0.920892494929
25434 0.922920892495
25472 0.924949290061
25670 0.926977687627
26038 0.929006085193
26154 0.931034482759
26492 0.933062880325
26554 0.93509127789
27420 0.937119675456
27579 0.939148073022
27951 0.941176470588
28056 0.943204868154
28206 0.94523326572
28264 0.947261663286
28324 0.949290060852
28445 0.951318458418
28983 0.953346855984
29192 0.95537525355
29361 0.957403651116
29580 0.959432048682
30183 0.961460446247
30212 0.963488843813
31707 0.965517241379
32393 0.967545638945
32932 0.969574036511
33801 0.971602434077
33932 0.973630831643
35382 0.975659229209
36208 0.977687626775
38285 0.979716024341
38398 0.981744421907
40745 0.983772819473
45615 0.985801217039
45695 0.987829614604
47540 0.98985801217
53538 0.991886409736
56285 0.993914807302
83097 0.995943204868
131780 0.997971602434
408462 1.0
