492 0.00202429149798
635 0.00404858299595
816 0.00607287449393
824 0.0080971659919
914 0.0101214574899
928 0.0121457489879
1013 0.0141700404858
1123 0.0161943319838
1185 0.0182186234818
1241 0.0202429149798
1280 0.0222672064777
1299 0.0242914979757
1327 0.0263157894737
1338 0.0283400809717
1352 0.0303643724696
1432 0.0323886639676
1484 0.0344129554656
1506 0.0364372469636
1554 0.0384615384615
1556 0.0404858299595
1558 0.0425101214575
1563 0.0445344129555
1565 0.0465587044534
1573 0.0485829959514
1604 0.0506072874494
1668 0.0526315789474
1722 0.0546558704453
1726 0.0566801619433
1760 0.0587044534413
1773 0.0607287449393
1775 0.0647773279352
1775 0.0647773279352
1776 0.0668016194332
1821 0.0688259109312
1831 0.0728744939271
1831 0.0728744939271
1903 0.0748987854251
1910 0.0789473684211
1910 0.0789473684211
1978 0.080971659919
2024 0.082995951417
2051 0.085020242915
2055 0.087044534413
2103 0.0890688259109
2109 0.0910931174089
2119 0.0931174089069
2150 0.0951417004049
2178 0.0971659919028
2181 0.0991902834008
2183 0.101214574899
2203 0.103238866397
2218 0.105263157895
2236 0.107287449393
2239 0.109311740891
2241 0.111336032389
2259 0.113360323887
2278 0.115384615385
2290 0.117408906883
2292 0.119433198381
2317 0.123481781377
2317 0.123481781377
2331 0.125506072874
2364 0.127530364372
2378 0.12955465587
2384 0.131578947368
2407 0.133603238866
2420 0.135627530364
2426 0.13967611336
2426 0.13967611336
2432 0.141700404858
2433 0.143724696356
2435 0.145748987854
2449 0.147773279352
2503 0.14979757085
2516 0.151821862348
2522 0.153846153846
2525 0.155870445344
2539 0.157894736842
2557 0.15991902834
2558 0.161943319838
2565 0.163967611336
2567 0.165991902834
2580 0.168016194332
2611 0.17004048583
2620 0.172064777328
2658 0.174089068826
2660 0.176113360324
2701 0.178137651822
2711 0.18016194332
2753 0.182186234818
2773 0.184210526316
2779 0.186234817814
2785 0.188259109312
2789 0.19028340081
2819 0.192307692308
2820 0.194331983806
2831 0.196356275304
2886 0.198380566802
2905 0.2004048583
2907 0.202429149798
2908 0.204453441296
2918 0.206477732794
2921 0.208502024291
2939 0.210526315789
2944 0.212550607287
2975 0.214574898785
2999 0.216599190283
3003 0.218623481781
3067 0.220647773279
3083 0.222672064777
3090 0.224696356275
3104 0.226720647773
3136 0.228744939271
3147 0.230769230769
3154 0.232793522267
3167 0.234817813765
3170 0.236842105263
3183 0.238866396761
3185 0.240890688259
3186 0.242914979757
3193 0.244939271255
3195 0.246963562753
3198 0.248987854251
3206 0.251012145749
3217 0.253036437247
3218 0.255060728745
3229 0.257085020243
3243 0.259109311741
3245 0.261133603239
3251 0.263157894737
3265 0.265182186235
3271 0.267206477733
3272 0.269230769231
3277 0.271255060729
3297 0.273279352227
3316 0.275303643725
3317 0.279352226721
3317 0.279352226721
3335 0.283400809717
3335 0.283400809717
3351 0.285425101215
3353 0.287449392713
3356 0.289473684211
3373 0.291497975709
3375 0.293522267206
3409 0.295546558704
3414 0.297570850202
3452 0.2995951417
3461 0.301619433198
3475 0.303643724696
3490 0.305668016194
3517 0.307692307692
3520 0.30971659919
3528 0.313765182186
3528 0.313765182186
3541 0.315789473684
3545 0.317813765182
3569 0.31983805668
3580 0.321862348178
3584 0.323886639676
3585 0.325910931174
3656 0.327935222672
3674 0.32995951417
3675 0.331983805668
3703 0.334008097166
3716 0.336032388664
3722 0.338056680162
3739 0.34008097166
3754 0.342105263158
3792 0.344129554656
3833 0.346153846154
3841 0.348178137652
3861 0.35020242915
3879 0.352226720648
3919 0.356275303644
3919 0.356275303644
3925 0.358299595142
3928 0.36032388664
3940 0.362348178138
3991 0.364372469636
3997 0.366396761134
4011 0.368421052632
4031 0.37044534413
4032 0.372469635628
4045 0.374493927126
4066 0.376518218623
4074 0.378542510121
4118 0.380566801619
4125 0.382591093117
4131 0.384615384615
4133 0.386639676113
4154 0.388663967611
4160 0.390688259109
4179 0.392712550607
4193 0.394736842105
4196 0.396761133603
4206 0.398785425101
4216 0.400809716599
4220 0.402834008097
4227 0.404858299595
4239 0.406882591093
4261 0.408906882591
4267 0.410931174089
4270 0.412955465587
4271 0.414979757085
4296 0.417004048583
4327 0.419028340081
4336 0.421052631579
4354 0.423076923077
4417 0.425101214575
4439 0.427125506073
4441 0.429149797571
4477 0.433198380567
4477 0.433198380567
4499 0.435222672065
4506 0.437246963563
4525 0.439271255061
4550 0.441295546559
4557 0.443319838057
4562 0.445344129555
4571 0.447368421053
4587 0.449392712551
4619 0.451417004049
4644 0.453441295547
4651 0.455465587045
4693 0.457489878543
4710 0.45951417004
4732 0.461538461538
4744 0.463562753036
4752 0.465587044534
4753 0.467611336032
4754 0.46963562753
4758 0.471659919028
4770 0.473684210526
4772 0.475708502024
4779 0.47975708502
4779 0.47975708502
4789 0.481781376518
4811 0.483805668016
4856 0.485829959514
4867 0.487854251012
4872 0.48987854251
4877 0.491902834008
4883 0.493927125506
4887 0.495951417004
4906 0.497975708502
4923 0.5
4931 0.502024291498
4965 0.504048582996
5000 0.506072874494
5003 0.508097165992
5137 0.51012145749
5141 0.512145748988
5145 0.514170040486
5167 0.516194331984
5221 0.518218623482
5233 0.52024291498
5245 0.522267206478
5257 0.524291497976
5282 0.526315789474
5320 0.528340080972
5330 0.53036437247
5344 0.532388663968
5345 0.534412955466
5353 0.536437246964
5373 0.538461538462
5416 0.54048582996
5468 0.542510121457
5481 0.544534412955
5482 0.546558704453
5513 0.548582995951
5533 0.550607287449
5548 0.552631578947
5554 0.554655870445
5564 0.558704453441
5564 0.558704453441
5576 0.560728744939
5578 0.562753036437
5583 0.564777327935
5621 0.566801619433
5625 0.568825910931
5630 0.570850202429
5642 0.572874493927
5656 0.574898785425
5720 0.576923076923
5732 0.578947368421
5736 0.580971659919
5769 0.582995951417
5776 0.585020242915
5811 0.587044534413
5817 0.589068825911
5864 0.591093117409
5869 0.593117408907
5885 0.595141700405
5926 0.597165991903
5930 0.599190283401
5949 0.601214574899
5970 0.603238866397
6014 0.605263157895
6038 0.607287449393
6040 0.609311740891
6088 0.611336032389
6100 0.613360323887
6124 0.615384615385
6166 0.617408906883
6210 0.619433198381
6247 0.621457489879
6251 0.623481781377
6283 0.625506072874
6304 0.627530364372
6316 0.62955465587
6319 0.631578947368
6338 0.633603238866
6401 0.635627530364
6412 0.637651821862
6418 0.63967611336
6429 0.641700404858
6473 0.643724696356
6485 0.645748987854
6514 0.647773279352
6601 0.64979757085
6637 0.653846153846
6637 0.653846153846
6695 0.655870445344
6712 0.657894736842
6725 0.65991902834
6730 0.661943319838
6766 0.663967611336
6774 0.665991902834
6811 0.668016194332
6828 0.67004048583
6868 0.672064777328
6872 0.674089068826
6892 0.676113360324
6901 0.678137651822
6956 0.68016194332
7023 0.682186234818
7064 0.684210526316
7070 0.686234817814
7086 0.688259109312
7105 0.69028340081
7117 0.692307692308
7129 0.694331983806
7133 0.696356275304
7137 0.698380566802
7162 0.7004048583
7301 0.702429149798
7339 0.704453441296
7356 0.706477732794
7380 0.708502024291
7384 0.710526315789
7406 0.712550607287
7487 0.714574898785
7491 0.716599190283
7537 0.718623481781
7546 0.722672064777
7546 0.722672064777
7572 0.724696356275
7644 0.726720647773
7651 0.728744939271
7745 0.730769230769
7757 0.732793522267
7866 0.734817813765
7906 0.736842105263
7986 0.738866396761
8042 0.740890688259
8055 0.742914979757
8100 0.744939271255
8122 0.746963562753
8145 0.748987854251
8180 0.751012145749
8248 0.753036437247
8277 0.755060728745
8412 0.757085020243
8418 0.759109311741
8424 0.761133603239
8457 0.763157894737
8531 0.765182186235
8532 0.767206477733
8733 0.769230769231
8844 0.771255060729
8889 0.773279352227
8894 0.775303643725
9028 0.777327935223
9102 0.779352226721
9104 0.781376518219
9105 0.783400809717
9144 0.785425101215
9157 0.787449392713
9196 0.789473684211
9327 0.791497975709
9330 0.793522267206
9346 0.795546558704
9379 0.797570850202
9416 0.7995951417
9435 0.801619433198
9456 0.803643724696
9470 0.805668016194
9495 0.807692307692
9497 0.80971659919
9499 0.811740890688
9589 0.813765182186
9590 0.815789473684
9601 0.817813765182
9646 0.81983805668
9787 0.821862348178
9797 0.823886639676
9803 0.825910931174
9901 0.827935222672
9924 0.82995951417
9929 0.831983805668
10115 0.834008097166
10171 0.836032388664
10302 0.838056680162
10375 0.84008097166
10414 0.842105263158
10531 0.844129554656
10619 0.846153846154
10655 0.848178137652
10725 0.85020242915
10734 0.852226720648
10735 0.854251012146
10795 0.856275303644
10832 0.858299595142
10909 0.86032388664
10964 0.862348178138
10984 0.864372469636
11026 0.866396761134
11231 0.868421052632
11241 0.87044534413
11277 0.872469635628
11350 0.874493927126
11645 0.876518218623
11747 0.878542510121
11790 0.880566801619
11791 0.882591093117
11887 0.884615384615
12070 0.886639676113
12235 0.888663967611
12475 0.890688259109
12564 0.892712550607
12625 0.894736842105
12628 0.896761133603
12822 0.898785425101
12940 0.900809716599
12973 0.902834008097
13145 0.904858299595
13366 0.906882591093
13386 0.908906882591
13478 0.910931174089
13775 0.912955465587
13924 0.914979757085
13963 0.917004048583
14207 0.919028340081
14474 0.921052631579
14563 0.923076923077
14584 0.925101214575
14680 0.927125506073
14795 0.929149797571
14914 0.931174089069
14968 0.933198380567
15005 0.935222672065
15100 0.937246963563
15102 0.939271255061
15186 0.941295546559
15335 0.943319838057
15348 0.945344129555
15464 0.947368421053
15643 0.949392712551
15691 0.951417004049
15790 0.953441295547
16070 0.955465587045
16481 0.957489878543
16897 0.95951417004
17867 0.961538461538
18453 0.963562753036
18651 0.965587044534
19006 0.967611336032
19428 0.96963562753
19881 0.971659919028
20211 0.973684210526
20271 0.975708502024
21104 0.977732793522
21146 0.97975708502
24176 0.981781376518
24687 0.983805668016
25307 0.985829959514
40525 0.987854251012
51277 0.98987854251
83244 0.991902834008
127872 0.993927125506
131163 0.995951417004
425797 0.997975708502
934345 1.0
