72 0.00202429149798
1373 0.00404858299595
1391 0.00607287449393
1395 0.0080971659919
1514 0.0101214574899
1619 0.0121457489879
1680 0.0141700404858
1898 0.0161943319838
1977 0.0182186234818
2029 0.0202429149798
2319 0.0222672064777
2407 0.0242914979757
2411 0.0263157894737
2420 0.0283400809717
2482 0.0303643724696
2524 0.0323886639676
2547 0.0344129554656
2548 0.0364372469636
2649 0.0384615384615
2668 0.0404858299595
2685 0.0425101214575
2691 0.0445344129555
2696 0.0465587044534
2701 0.0485829959514
2737 0.0506072874494
2879 0.0526315789474
2920 0.0546558704453
2966 0.0566801619433
2974 0.0587044534413
2993 0.0607287449393
3056 0.0627530364372
3106 0.0647773279352
3147 0.0668016194332
3189 0.0688259109312
3288 0.0708502024291
3298 0.0728744939271
3315 0.0748987854251
3321 0.0769230769231
3329 0.0789473684211
3418 0.080971659919
3419 0.082995951417
3529 0.085020242915
3584 0.087044534413
3627 0.0890688259109
3637 0.0910931174089
3653 0.0931174089069
3663 0.0951417004049
3718 0.0971659919028
3735 0.0991902834008
3807 0.101214574899
3819 0.103238866397
3831 0.105263157895
3832 0.107287449393
3896 0.109311740891
3912 0.111336032389
3929 0.113360323887
3934 0.115384615385
3951 0.117408906883
3975 0.119433198381
3979 0.121457489879
4005 0.123481781377
4052 0.125506072874
4057 0.127530364372
4100 0.12955465587
4242 0.131578947368
4275 0.133603238866
4291 0.135627530364
4313 0.137651821862
4315 0.13967611336
4334 0.141700404858
4357 0.143724696356
4365 0.145748987854
4436 0.147773279352
4455 0.14979757085
4473 0.151821862348
4477 0.153846153846
4531 0.155870445344
4551 0.157894736842
4566 0.15991902834
4586 0.161943319838
4597 0.163967611336
4598 0.168016194332
4598 0.168016194332
4600 0.17004048583
4603 0.172064777328
4614 0.174089068826
4652 0.176113360324
4670 0.178137651822
4729 0.18016194332
4740 0.182186234818
4745 0.184210526316
4747 0.186234817814
4749 0.188259109312
4788 0.19028340081
4804 0.192307692308
4830 0.194331983806
4834 0.196356275304
4853 0.198380566802
4888 0.2004048583
4928 0.202429149798
4933 0.204453441296
4957 0.208502024291
4957 0.208502024291
4959 0.210526315789
4969 0.212550607287
4978 0.214574898785
5002 0.216599190283
5014 0.218623481781
5021 0.220647773279
5123 0.222672064777
5126 0.224696356275
5128 0.226720647773
5149 0.228744939271
5161 0.230769230769
5191 0.232793522267
5209 0.234817813765
5240 0.236842105263
5241 0.238866396761
5257 0.240890688259
5276 0.242914979757
5281 0.244939271255
5291 0.246963562753
5292 0.251012145749
5292 0.251012145749
5319 0.253036437247
5327 0.255060728745
5377 0.257085020243
5380 0.259109311741
5387 0.261133603239
5397 0.263157894737
5412 0.265182186235
5418 0.267206477733
5421 0.269230769231
5462 0.271255060729
5466 0.273279352227
5471 0.275303643725
5479 0.277327935223
5482 0.279352226721
5514 0.281376518219
5562 0.283400809717
5600 0.285425101215
5604 0.287449392713
5612 0.289473684211
5643 0.291497975709
5649 0.293522267206
5678 0.295546558704
5736 0.297570850202
5780 0.2995951417
5810 0.301619433198
5813 0.303643724696
5869 0.305668016194
5885 0.307692307692
5939 0.30971659919
6003 0.311740890688
6030 0.313765182186
6049 0.315789473684
6072 0.317813765182
6080 0.321862348178
6080 0.321862348178
6087 0.323886639676
6125 0.325910931174
6128 0.32995951417
6128 0.32995951417
6135 0.331983805668
6144 0.334008097166
6153 0.336032388664
6172 0.34008097166
6172 0.34008097166
6188 0.342105263158
6215 0.344129554656
6230 0.346153846154
6253 0.348178137652
6271 0.35020242915
6299 0.352226720648
6308 0.354251012146
6321 0.356275303644
6345 0.358299595142
6423 0.36032388664
6433 0.362348178138
6562 0.364372469636
6563 0.366396761134
6565 0.368421052632
6569 0.37044534413
6577 0.372469635628
6586 0.374493927126
6591 0.376518218623
6608 0.378542510121
6644 0.380566801619
6659 0.382591093117
6678 0.384615384615
6684 0.386639676113
6689 0.388663967611
6720 0.390688259109
6755 0.392712550607
6782 0.394736842105
6786 0.396761133603
6830 0.398785425101
6868 0.400809716599
6899 0.404858299595
6899 0.404858299595
6903 0.406882591093
6942 0.408906882591
6957 0.410931174089
6961 0.412955465587
6981 0.414979757085
6982 0.417004048583
7096 0.419028340081
7137 0.421052631579
7192 0.423076923077
7220 0.425101214575
7241 0.427125506073
7257 0.429149797571
7259 0.431174089069
7280 0.433198380567
7286 0.435222672065
7432 0.437246963563
7459 0.439271255061
7463 0.441295546559
7534 0.443319838057
7551 0.445344129555
7562 0.447368421053
7591 0.449392712551
7606 0.451417004049
7607 0.453441295547
7610 0.455465587045
7730 0.457489878543
7737 0.45951417004
7739 0.461538461538
7795 0.463562753036
7815 0.465587044534
7824 0.467611336032
7826 0.46963562753
7836 0.471659919028
7864 0.473684210526
7918 0.475708502024
7967 0.477732793522
7971 0.47975708502
7972 0.481781376518
7973 0.483805668016
7984 0.485829959514
7996 0.487854251012
8002 0.48987854251
8020 0.491902834008
8028 0.493927125506
8055 0.495951417004
8075 0.497975708502
8096 0.5
8141 0.502024291498
8184 0.504048582996
8185 0.506072874494
8207 0.508097165992
8236 0.51012145749
8254 0.512145748988
8292 0.514170040486
8293 0.516194331984
8364 0.518218623482
8374 0.52024291498
8399 0.522267206478
8424 0.524291497976
8451 0.526315789474
8452 0.528340080972
8457 0.53036437247
8470 0.532388663968
8494 0.534412955466
8507 0.536437246964
8527 0.538461538462
8533 0.54048582996
8552 0.542510121457
8555 0.544534412955
8567 0.546558704453
8572 0.548582995951
8637 0.550607287449
8654 0.552631578947
8668 0.554655870445
8671 0.558704453441
8671 0.558704453441
8675 0.560728744939
8713 0.562753036437
8805 0.564777327935
8814 0.566801619433
8850 0.568825910931
8858 0.570850202429
8869 0.572874493927
8929 0.574898785425
8959 0.576923076923
9006 0.578947368421
9011 0.580971659919
9031 0.582995951417
9052 0.585020242915
9087 0.587044534413
9092 0.589068825911
9181 0.591093117409
9203 0.593117408907
9241 0.595141700405
9253 0.597165991903
9254 0.599190283401
9268 0.601214574899
9309 0.603238866397
9310 0.605263157895
9342 0.607287449393
9449 0.609311740891
9457 0.611336032389
9458 0.613360323887
9470 0.615384615385
9513 0.617408906883
9535 0.621457489879
9535 0.621457489879
9590 0.623481781377
9599 0.627530364372
9599 0.627530364372
9605 0.62955465587
9632 0.631578947368
9713 0.633603238866
9735 0.635627530364
9787 0.637651821862
9842 0.63967611336
9909 0.641700404858
9939 0.643724696356
9990 0.645748987854
9997 0.647773279352
10002 0.64979757085
10105 0.651821862348
10152 0.653846153846
10180 0.655870445344
10205 0.657894736842
10223 0.65991902834
10224 0.661943319838
10229 0.663967611336
10253 0.665991902834
10291 0.67004048583
10291 0.67004048583
10309 0.672064777328
10325 0.674089068826
10326 0.676113360324
10332 0.678137651822
10443 0.68016194332
10463 0.682186234818
10496 0.684210526316
10538 0.686234817814
10563 0.688259109312
10616 0.69028340081
10619 0.692307692308
10648 0.694331983806
10703 0.696356275304
10768 0.698380566802
10789 0.7004048583
10790 0.702429149798
10792 0.704453441296
10839 0.706477732794
10906 0.708502024291
10979 0.710526315789
11003 0.712550607287
11037 0.714574898785
11082 0.716599190283
11101 0.718623481781
11152 0.720647773279
11189 0.722672064777
11208 0.724696356275
11210 0.726720647773
11242 0.728744939271
11251 0.730769230769
11287 0.732793522267
11292 0.734817813765
11352 0.736842105263
11398 0.738866396761
11437 0.740890688259
11503 0.742914979757
11562 0.744939271255
11590 0.746963562753
11619 0.748987854251
11647 0.751012145749
11651 0.753036437247
11692 0.755060728745
11707 0.757085020243
11709 0.759109311741
11713 0.761133603239
11726 0.763157894737
11739 0.765182186235
11754 0.767206477733
11766 0.769230769231
11769 0.771255060729
11849 0.773279352227
12049 0.775303643725
12090 0.777327935223
12094 0.779352226721
12291 0.781376518219
12335 0.783400809717
12348 0.785425101215
12393 0.787449392713
12421 0.789473684211
12423 0.791497975709
12435 0.793522267206
12439 0.795546558704
12474 0.797570850202
12505 0.7995951417
12522 0.801619433198
12601 0.803643724696
12775 0.805668016194
12944 0.807692307692
12975 0.80971659919
12981 0.811740890688
13127 0.813765182186
13136 0.815789473684
13193 0.817813765182
13217 0.81983805668
13231 0.821862348178
13568 0.823886639676
13737 0.825910931174
13792 0.82995951417
13792 0.82995951417
13811 0.831983805668
13947 0.834008097166
14005 0.836032388664
14034 0.838056680162
14044 0.84008097166
14115 0.842105263158
14134 0.844129554656
14176 0.846153846154
14187 0.848178137652
14194 0.85020242915
14235 0.852226720648
14586 0.854251012146
14588 0.856275303644
14609 0.858299595142
14693 0.86032388664
14771 0.862348178138
14839 0.864372469636
14917 0.866396761134
14969 0.868421052632
15076 0.87044534413
15079 0.872469635628
15084 0.874493927126
15195 0.876518218623
15512 0.878542510121
15585 0.880566801619
15927 0.882591093117
15984 0.884615384615
16035 0.886639676113
16157 0.888663967611
16232 0.890688259109
16295 0.892712550607
16470 0.894736842105
16719 0.896761133603
16824 0.898785425101
17062 0.900809716599
17270 0.902834008097
17493 0.904858299595
17678 0.906882591093
18153 0.908906882591
18311 0.910931174089
18928 0.912955465587
18985 0.914979757085
19568 0.917004048583
20213 0.919028340081
20285 0.921052631579
20380 0.923076923077
20607 0.925101214575
20685 0.927125506073
22390 0.929149797571
22411 0.931174089069
22650 0.933198380567
23046 0.935222672065
23176 0.937246963563
23847 0.939271255061
24252 0.941295546559
24335 0.943319838057
24591 0.945344129555
24673 0.947368421053
24716 0.949392712551
25769 0.951417004049
25955 0.953441295547
26266 0.955465587045
26308 0.957489878543
26823 0.95951417004
26916 0.961538461538
28125 0.963562753036
28233 0.965587044534
28236 0.967611336032
29421 0.96963562753
30717 0.971659919028
33653 0.973684210526
35851 0.975708502024
36876 0.977732793522
38292 0.97975708502
38314 0.981781376518
39911 0.983805668016
40823 0.985829959514
45042 0.987854251012
52259 0.98987854251
53686 0.991902834008
82536 0.993927125506
89958 0.995951417004
128591 0.997975708502
441955 1.0
