54 0.00202429149798
915 0.00404858299595
1002 0.00607287449393
1024 0.0080971659919
1043 0.0101214574899
1157 0.0121457489879
1234 0.0141700404858
1259 0.0161943319838
1292 0.0182186234818
1371 0.0202429149798
1536 0.0222672064777
1543 0.0242914979757
1601 0.0263157894737
1646 0.0283400809717
1651 0.0303643724696
1679 0.0323886639676
1680 0.0344129554656
1685 0.0364372469636
1686 0.0384615384615
1697 0.0404858299595
1704 0.0425101214575
1719 0.0445344129555
1720 0.0465587044534
1748 0.0485829959514
1822 0.0506072874494
1826 0.0526315789474
1842 0.0546558704453
1866 0.0566801619433
1868 0.0587044534413
1873 0.0607287449393
1901 0.0627530364372
1921 0.0647773279352
1939 0.0668016194332
1991 0.0688259109312
1994 0.0708502024291
2018 0.0728744939271
2080 0.0748987854251
2099 0.0769230769231
2107 0.0789473684211
2131 0.080971659919
2169 0.082995951417
2180 0.085020242915
2197 0.087044534413
2203 0.0890688259109
2228 0.0910931174089
2267 0.0931174089069
2294 0.0951417004049
2301 0.0971659919028
2306 0.0991902834008
2330 0.101214574899
2332 0.103238866397
2370 0.105263157895
2398 0.107287449393
2401 0.109311740891
2427 0.111336032389
2492 0.113360323887
2527 0.115384615385
2542 0.117408906883
2565 0.121457489879
2565 0.121457489879
2590 0.123481781377
2606 0.125506072874
2611 0.127530364372
2612 0.12955465587
2624 0.131578947368
2635 0.133603238866
2646 0.135627530364
2667 0.137651821862
2679 0.13967611336
2700 0.141700404858
2718 0.143724696356
2732 0.145748987854
2733 0.147773279352
2734 0.14979757085
2752 0.151821862348
2756 0.153846153846
2762 0.155870445344
2773 0.157894736842
2777 0.15991902834
2784 0.161943319838
2795 0.163967611336
2797 0.165991902834
2798 0.168016194332
2800 0.17004048583
2803 0.172064777328
2830 0.174089068826
2838 0.176113360324
2840 0.178137651822
2844 0.18016194332
2858 0.182186234818
2864 0.184210526316
2897 0.186234817814
2901 0.188259109312
2922 0.19028340081
2933 0.192307692308
2945 0.194331983806
2946 0.196356275304
2964 0.198380566802
2974 0.2004048583
2975 0.202429149798
3001 0.204453441296
3005 0.206477732794
3008 0.208502024291
3020 0.210526315789
3049 0.212550607287
3075 0.214574898785
3088 0.216599190283
3099 0.218623481781
3123 0.220647773279
3137 0.222672064777
3143 0.224696356275
3158 0.226720647773
3166 0.228744939271
3169 0.230769230769
3182 0.232793522267
3204 0.234817813765
3213 0.236842105263
3214 0.238866396761
3238 0.240890688259
3246 0.242914979757
3251 0.244939271255
3267 0.246963562753
3269 0.248987854251
3280 0.251012145749
3300 0.253036437247
3303 0.255060728745
3316 0.257085020243
3317 0.259109311741
3337 0.261133603239
3401 0.263157894737
3406 0.265182186235
3412 0.267206477733
3424 0.269230769231
3425 0.273279352227
3425 0.273279352227
3439 0.275303643725
3443 0.277327935223
3450 0.279352226721
3452 0.281376518219
3453 0.283400809717
3459 0.285425101215
3464 0.289473684211
3464 0.289473684211
3469 0.291497975709
3475 0.293522267206
3483 0.295546558704
3521 0.297570850202
3523 0.2995951417
3532 0.303643724696
3532 0.303643724696
3541 0.305668016194
3546 0.30971659919
3546 0.30971659919
3569 0.311740890688
3590 0.313765182186
3607 0.315789473684
3619 0.317813765182
3626 0.31983805668
3643 0.321862348178
3645 0.325910931174
3645 0.325910931174
3646 0.327935222672
3658 0.334008097166
3658 0.334008097166
3658 0.334008097166
3689 0.336032388664
3699 0.338056680162
3711 0.34008097166
3713 0.342105263158
3723 0.344129554656
3736 0.346153846154
3760 0.348178137652
3765 0.35020242915
3778 0.352226720648
3793 0.354251012146
3826 0.356275303644
3846 0.358299595142
3865 0.36032388664
3868 0.362348178138
3879 0.364372469636
3919 0.366396761134
3939 0.368421052632
3964 0.37044534413
3982 0.372469635628
4011 0.374493927126
4022 0.376518218623
4025 0.378542510121
4029 0.380566801619
4031 0.382591093117
4033 0.384615384615
4048 0.386639676113
4062 0.388663967611
4079 0.390688259109
4091 0.392712550607
4151 0.394736842105
4152 0.396761133603
4165 0.398785425101
4181 0.400809716599
4209 0.402834008097
4214 0.404858299595
4221 0.406882591093
4233 0.408906882591
4236 0.410931174089
4238 0.412955465587
4247 0.414979757085
4263 0.417004048583
4303 0.419028340081
4311 0.421052631579
4313 0.423076923077
4317 0.425101214575
4327 0.427125506073
4330 0.429149797571
4335 0.431174089069
4338 0.433198380567
4352 0.435222672065
4362 0.437246963563
4377 0.439271255061
4388 0.441295546559
4402 0.445344129555
4402 0.445344129555
4424 0.447368421053
4432 0.451417004049
4432 0.451417004049
4444 0.453441295547
4459 0.455465587045
4492 0.457489878543
4502 0.45951417004
4528 0.461538461538
4559 0.463562753036
4560 0.465587044534
4589 0.467611336032
4606 0.46963562753
4627 0.471659919028
4630 0.473684210526
4649 0.475708502024
4669 0.477732793522
4675 0.47975708502
4705 0.481781376518
4714 0.483805668016
4720 0.485829959514
4722 0.487854251012
4735 0.48987854251
4745 0.491902834008
4752 0.493927125506
4774 0.495951417004
4789 0.497975708502
4794 0.5
4808 0.502024291498
4815 0.504048582996
4821 0.506072874494
4855 0.508097165992
4857 0.51012145749
4874 0.512145748988
4890 0.514170040486
4892 0.516194331984
4893 0.518218623482
4927 0.52024291498
4930 0.522267206478
4937 0.524291497976
4974 0.526315789474
4991 0.528340080972
5045 0.53036437247
5046 0.532388663968
5052 0.534412955466
5064 0.536437246964
5079 0.538461538462
5105 0.54048582996
5112 0.542510121457
5121 0.544534412955
5122 0.546558704453
5125 0.548582995951
5138 0.550607287449
5150 0.552631578947
5166 0.554655870445
5177 0.556680161943
5212 0.558704453441
5223 0.560728744939
5231 0.562753036437
5244 0.564777327935
5266 0.566801619433
5268 0.568825910931
5291 0.570850202429
5300 0.572874493927
5310 0.574898785425
5340 0.576923076923
5369 0.578947368421
5370 0.580971659919
5407 0.585020242915
5407 0.585020242915
5415 0.587044534413
5434 0.589068825911
5438 0.591093117409
5537 0.593117408907
5569 0.595141700405
5583 0.597165991903
5604 0.599190283401
5607 0.601214574899
5663 0.603238866397
5745 0.605263157895
5749 0.607287449393
5753 0.609311740891
5775 0.611336032389
5780 0.613360323887
5807 0.615384615385
5818 0.617408906883
5831 0.619433198381
5856 0.621457489879
5880 0.623481781377
5885 0.625506072874
5886 0.627530364372
5894 0.62955465587
5942 0.631578947368
6019 0.633603238866
6030 0.635627530364
6036 0.637651821862
6040 0.63967611336
6091 0.641700404858
6106 0.643724696356
6128 0.645748987854
6159 0.647773279352
6162 0.64979757085
6165 0.651821862348
6171 0.653846153846
6174 0.655870445344
6189 0.657894736842
6209 0.65991902834
6211 0.661943319838
6220 0.663967611336
6255 0.665991902834
6265 0.668016194332
6268 0.67004048583
6316 0.672064777328
6323 0.674089068826
6328 0.676113360324
6333 0.678137651822
6371 0.68016194332
6440 0.682186234818
6463 0.684210526316
6501 0.686234817814
6502 0.688259109312
6512 0.69028340081
6522 0.692307692308
6546 0.694331983806
6547 0.696356275304
6565 0.698380566802
6614 0.702429149798
6614 0.702429149798
6625 0.704453441296
6662 0.706477732794
6673 0.708502024291
6677 0.710526315789
6709 0.712550607287
6712 0.714574898785
6723 0.716599190283
6727 0.718623481781
6732 0.720647773279
6733 0.722672064777
6754 0.724696356275
6795 0.726720647773
6832 0.728744939271
6842 0.730769230769
6858 0.732793522267
6862 0.734817813765
6876 0.736842105263
6904 0.738866396761
6930 0.740890688259
6939 0.742914979757
6998 0.744939271255
7086 0.746963562753
7122 0.748987854251
7129 0.751012145749
7141 0.753036437247
7144 0.755060728745
7165 0.757085020243
7228 0.759109311741
7256 0.761133603239
7289 0.763157894737
7299 0.765182186235
7386 0.767206477733
7421 0.769230769231
7448 0.771255060729
7541 0.773279352227
7560 0.775303643725
7591 0.777327935223
7594 0.779352226721
7604 0.781376518219
7608 0.783400809717
7615 0.785425101215
7617 0.787449392713
7634 0.789473684211
7663 0.791497975709
7690 0.793522267206
7819 0.795546558704
7821 0.797570850202
7865 0.7995951417
7890 0.801619433198
7899 0.803643724696
8019 0.805668016194
8033 0.807692307692
8034 0.80971659919
8161 0.811740890688
8162 0.813765182186
8168 0.815789473684
8204 0.817813765182
8216 0.81983805668
8288 0.821862348178
8298 0.823886639676
8334 0.825910931174
8339 0.827935222672
8355 0.82995951417
8425 0.834008097166
8425 0.834008097166
8569 0.836032388664
8626 0.838056680162
8724 0.84008097166
8735 0.842105263158
8805 0.846153846154
8805 0.846153846154
8829 0.848178137652
8879 0.85020242915
8891 0.852226720648
8897 0.854251012146
8914 0.856275303644
8940 0.858299595142
8970 0.86032388664
8976 0.862348178138
8999 0.864372469636
9045 0.866396761134
9131 0.868421052632
9138 0.87044534413
9234 0.872469635628
9317 0.874493927126
9419 0.876518218623
9520 0.878542510121
9589 0.880566801619
9609 0.882591093117
9638 0.884615384615
9709 0.886639676113
9868 0.888663967611
9936 0.890688259109
9948 0.892712550607
9988 0.894736842105
10278 0.896761133603
10330 0.898785425101
10343 0.900809716599
10425 0.902834008097
10635 0.904858299595
10745 0.906882591093
10823 0.908906882591
10947 0.910931174089
11027 0.912955465587
11044 0.914979757085
11158 0.917004048583
11275 0.919028340081
11586 0.921052631579
11703 0.923076923077
11763 0.925101214575
11906 0.927125506073
11931 0.929149797571
12058 0.931174089069
12099 0.933198380567
12242 0.935222672065
12274 0.937246963563
12390 0.939271255061
12722 0.941295546559
12770 0.943319838057
12781 0.945344129555
12860 0.947368421053
13072 0.949392712551
13412 0.951417004049
13430 0.953441295547
13518 0.955465587045
13575 0.957489878543
13774 0.95951417004
13932 0.961538461538
14076 0.963562753036
14235 0.965587044534
14418 0.967611336032
14630 0.96963562753
15598 0.971659919028
16223 0.973684210526
16275 0.975708502024
16657 0.977732793522
16785 0.97975708502
18689 0.981781376518
19674 0.983805668016
19777 0.985829959514
21113 0.987854251012
21500 0.98987854251
26658 0.991902834008
81128 0.993927125506
118993 0.995951417004
132105 0.997975708502
398725 1.0
