71 0.00202429149798
937 0.00404858299595
985 0.00607287449393
1004 0.0080971659919
1055 0.0101214574899
1126 0.0121457489879
1263 0.0141700404858
1278 0.0161943319838
1281 0.0182186234818
1294 0.0202429149798
1465 0.0222672064777
1503 0.0242914979757
1518 0.0263157894737
1581 0.0283400809717
1583 0.0303643724696
1638 0.0323886639676
1664 0.0344129554656
1672 0.0364372469636
1714 0.0384615384615
1716 0.0404858299595
1760 0.0425101214575
1763 0.0445344129555
1779 0.0465587044534
1789 0.0485829959514
1832 0.0506072874494
1844 0.0526315789474
1879 0.0546558704453
1957 0.0566801619433
1959 0.0587044534413
2030 0.0607287449393
2071 0.0627530364372
2077 0.0647773279352
2079 0.0668016194332
2105 0.0688259109312
2109 0.0708502024291
2124 0.0728744939271
2137 0.0748987854251
2139 0.0769230769231
2142 0.0789473684211
2145 0.080971659919
2148 0.082995951417
2154 0.085020242915
2156 0.087044534413
2167 0.0890688259109
2240 0.0910931174089
2252 0.0931174089069
2257 0.0951417004049
2259 0.0971659919028
2285 0.0991902834008
2305 0.101214574899
2315 0.103238866397
2354 0.105263157895
2363 0.107287449393
2375 0.109311740891
2377 0.111336032389
2384 0.113360323887
2394 0.115384615385
2419 0.117408906883
2435 0.119433198381
2472 0.121457489879
2516 0.123481781377
2525 0.125506072874
2545 0.127530364372
2561 0.12955465587
2569 0.131578947368
2571 0.133603238866
2578 0.135627530364
2581 0.137651821862
2590 0.13967611336
2599 0.141700404858
2616 0.143724696356
2636 0.145748987854
2643 0.147773279352
2654 0.14979757085
2661 0.151821862348
2672 0.153846153846
2674 0.155870445344
2700 0.157894736842
2715 0.15991902834
2731 0.161943319838
2741 0.163967611336
2743 0.165991902834
2747 0.168016194332
2778 0.17004048583
2781 0.172064777328
2792 0.174089068826
2819 0.176113360324
2823 0.178137651822
2828 0.18016194332
2833 0.182186234818
2849 0.184210526316
2879 0.186234817814
2894 0.188259109312
2932 0.19028340081
2940 0.192307692308
2944 0.194331983806
2946 0.196356275304
2964 0.198380566802
2971 0.202429149798
2971 0.202429149798
2976 0.204453441296
2978 0.206477732794
2989 0.210526315789
2989 0.210526315789
3019 0.212550607287
3030 0.214574898785
3036 0.216599190283
3070 0.218623481781
3083 0.220647773279
3084 0.222672064777
3094 0.224696356275
3098 0.226720647773
3100 0.228744939271
3104 0.230769230769
3106 0.232793522267
3124 0.234817813765
3134 0.236842105263
3136 0.238866396761
3145 0.240890688259
3175 0.242914979757
3177 0.244939271255
3182 0.246963562753
3183 0.248987854251
3224 0.251012145749
3233 0.253036437247
3243 0.255060728745
3246 0.257085020243
3254 0.259109311741
3258 0.261133603239
3267 0.263157894737
3268 0.265182186235
3273 0.267206477733
3295 0.269230769231
3302 0.271255060729
3317 0.275303643725
3317 0.275303643725
3364 0.277327935223
3382 0.279352226721
3383 0.281376518219
3388 0.283400809717
3395 0.285425101215
3398 0.287449392713
3414 0.289473684211
3445 0.291497975709
3452 0.293522267206
3459 0.295546558704
3475 0.297570850202
3477 0.2995951417
3491 0.301619433198
3495 0.303643724696
3500 0.305668016194
3511 0.307692307692
3519 0.30971659919
3520 0.311740890688
3521 0.315789473684
3521 0.315789473684
3550 0.317813765182
3557 0.31983805668
3564 0.321862348178
3586 0.323886639676
3608 0.325910931174
3615 0.327935222672
3616 0.32995951417
3620 0.331983805668
3664 0.334008097166
3666 0.336032388664
3691 0.338056680162
3705 0.34008097166
3718 0.342105263158
3723 0.344129554656
3746 0.346153846154
3754 0.348178137652
3763 0.35020242915
3768 0.352226720648
3781 0.354251012146
3788 0.356275303644
3810 0.36032388664
3810 0.36032388664
3811 0.362348178138
3821 0.364372469636
3833 0.366396761134
3838 0.368421052632
3840 0.37044534413
3842 0.372469635628
3854 0.374493927126
3857 0.376518218623
3863 0.378542510121
3877 0.380566801619
3894 0.382591093117
3905 0.384615384615
3910 0.386639676113
3913 0.388663967611
3919 0.390688259109
3924 0.392712550607
3928 0.394736842105
3932 0.396761133603
3950 0.398785425101
3957 0.400809716599
3972 0.402834008097
4000 0.404858299595
4046 0.406882591093
4047 0.408906882591
4062 0.410931174089
4100 0.412955465587
4112 0.414979757085
4130 0.417004048583
4135 0.419028340081
4143 0.421052631579
4144 0.423076923077
4148 0.425101214575
4159 0.427125506073
4164 0.429149797571
4170 0.431174089069
4188 0.433198380567
4215 0.435222672065
4221 0.437246963563
4226 0.439271255061
4245 0.441295546559
4279 0.443319838057
4287 0.445344129555
4295 0.447368421053
4306 0.449392712551
4346 0.451417004049
4351 0.453441295547
4357 0.455465587045
4369 0.457489878543
4371 0.45951417004
4375 0.461538461538
4387 0.463562753036
4390 0.465587044534
4426 0.467611336032
4438 0.46963562753
4440 0.471659919028
4447 0.473684210526
4465 0.475708502024
4525 0.477732793522
4529 0.47975708502
4561 0.481781376518
4576 0.483805668016
4593 0.485829959514
4621 0.487854251012
4647 0.48987854251
4658 0.491902834008
4661 0.493927125506
4689 0.495951417004
4701 0.497975708502
4716 0.5
4756 0.502024291498
4759 0.504048582996
4782 0.506072874494
4791 0.508097165992
4793 0.51012145749
4796 0.512145748988
4814 0.514170040486
4816 0.516194331984
4881 0.518218623482
4887 0.52024291498
4892 0.522267206478
4903 0.524291497976
4910 0.526315789474
4914 0.528340080972
4941 0.53036437247
4944 0.532388663968
4994 0.534412955466
4999 0.536437246964
5022 0.538461538462
5029 0.54048582996
5035 0.542510121457
5038 0.544534412955
5039 0.546558704453
5040 0.548582995951
5059 0.550607287449
5084 0.552631578947
5095 0.554655870445
5102 0.556680161943
5108 0.558704453441
5110 0.560728744939
5113 0.562753036437
5132 0.564777327935
5141 0.566801619433
5144 0.568825910931
5155 0.570850202429
5196 0.572874493927
5215 0.574898785425
5236 0.576923076923
5245 0.578947368421
5255 0.580971659919
5256 0.582995951417
5259 0.585020242915
5260 0.589068825911
5260 0.589068825911
5285 0.591093117409
5288 0.593117408907
5339 0.595141700405
5368 0.597165991903
5369 0.599190283401
5386 0.601214574899
5441 0.603238866397
5564 0.607287449393
5564 0.607287449393
5570 0.609311740891
5592 0.611336032389
5620 0.613360323887
5657 0.615384615385
5659 0.617408906883
5660 0.619433198381
5683 0.621457489879
5712 0.623481781377
5755 0.625506072874
5761 0.627530364372
5789 0.62955465587
5856 0.631578947368
5865 0.633603238866
5897 0.635627530364
5918 0.637651821862
5920 0.63967611336
5941 0.641700404858
5973 0.643724696356
5977 0.645748987854
5993 0.647773279352
6005 0.64979757085
6045 0.651821862348
6052 0.653846153846
6065 0.655870445344
6077 0.657894736842
6106 0.65991902834
6110 0.661943319838
6119 0.663967611336
6131 0.665991902834
6138 0.668016194332
6165 0.67004048583
6184 0.672064777328
6203 0.674089068826
6244 0.676113360324
6271 0.678137651822
6310 0.68016194332
6320 0.682186234818
6352 0.684210526316
6362 0.686234817814
6388 0.688259109312
6389 0.69028340081
6419 0.692307692308
6461 0.694331983806
6505 0.696356275304
6530 0.698380566802
6534 0.7004048583
6554 0.702429149798
6561 0.704453441296
6567 0.706477732794
6621 0.708502024291
6628 0.710526315789
6632 0.712550607287
6645 0.714574898785
6654 0.716599190283
6676 0.718623481781
6692 0.720647773279
6698 0.722672064777
6701 0.724696356275
6733 0.726720647773
6737 0.728744939271
6780 0.730769230769
6860 0.732793522267
6867 0.734817813765
6902 0.736842105263
6917 0.738866396761
6958 0.740890688259
7021 0.742914979757
7027 0.744939271255
7028 0.746963562753
7102 0.748987854251
7112 0.751012145749
7136 0.753036437247
7152 0.755060728745
7163 0.757085020243
7217 0.759109311741
7224 0.761133603239
7238 0.763157894737
7243 0.765182186235
7247 0.767206477733
7251 0.769230769231
7268 0.771255060729
7291 0.773279352227
7296 0.775303643725
7297 0.777327935223
7324 0.779352226721
7339 0.781376518219
7364 0.783400809717
7374 0.785425101215
7375 0.787449392713
7473 0.789473684211
7484 0.791497975709
7525 0.793522267206
7529 0.795546558704
7634 0.797570850202
7698 0.7995951417
7714 0.801619433198
7736 0.803643724696
7760 0.805668016194
7842 0.807692307692
7884 0.80971659919
7971 0.811740890688
7981 0.813765182186
8003 0.815789473684
8007 0.817813765182
8023 0.81983805668
8030 0.821862348178
8080 0.823886639676
8105 0.825910931174
8108 0.827935222672
8127 0.82995951417
8184 0.834008097166
8184 0.834008097166
8236 0.836032388664
8318 0.838056680162
8320 0.84008097166
8322 0.842105263158
8402 0.844129554656
8423 0.846153846154
8447 0.848178137652
8454 0.85020242915
8490 0.852226720648
8652 0.854251012146
8679 0.856275303644
8709 0.858299595142
8756 0.86032388664
8934 0.862348178138
8946 0.864372469636
8956 0.866396761134
8966 0.868421052632
8993 0.87044534413
9026 0.872469635628
9043 0.874493927126
9073 0.876518218623
9081 0.878542510121
9133 0.880566801619
9200 0.882591093117
9210 0.884615384615
9220 0.886639676113
9372 0.888663967611
9376 0.890688259109
9396 0.892712550607
9446 0.894736842105
9548 0.896761133603
9606 0.898785425101
9636 0.900809716599
9673 0.902834008097
9691 0.904858299595
9727 0.906882591093
9779 0.908906882591
9891 0.910931174089
9918 0.912955465587
10120 0.914979757085
10131 0.917004048583
10201 0.919028340081
10251 0.921052631579
10286 0.923076923077
10408 0.925101214575
10485 0.927125506073
10648 0.929149797571
10719 0.931174089069
10779 0.933198380567
10897 0.935222672065
10998 0.937246963563
11229 0.939271255061
11385 0.941295546559
11577 0.943319838057
11628 0.945344129555
11721 0.947368421053
11806 0.949392712551
11810 0.951417004049
11822 0.953441295547
11938 0.955465587045
12193 0.957489878543
12256 0.95951417004
12468 0.961538461538
13117 0.963562753036
13178 0.965587044534
13245 0.967611336032
13697 0.96963562753
14073 0.971659919028
14302 0.973684210526
14581 0.975708502024
14846 0.977732793522
15289 0.97975708502
15292 0.981781376518
15881 0.983805668016
16410 0.985829959514
17380 0.987854251012
17594 0.98987854251
27490 0.991902834008
94613 0.993927125506
107361 0.995951417004
124087 0.997975708502
423369 1.0
