26 0.00202839756592
27 0.00405679513185
28 0.0547667342799
28 0.0547667342799
28 0.0547667342799
28 0.0547667342799
28 0.0547667342799
28 0.0547667342799
28 0.0547667342799
28 0.0547667342799
28 0.0547667342799
28 0.0547667342799
28 0.0547667342799
28 0.0547667342799
28 0.0547667342799
28 0.0547667342799
28 0.0547667342799
28 0.0547667342799
28 0.0547667342799
28 0.0547667342799
28 0.0547667342799
28 0.0547667342799
28 0.0547667342799
28 0.0547667342799
28 0.0547667342799
28 0.0547667342799
28 0.0547667342799
29 0.103448275862
29 0.103448275862
29 0.103448275862
29 0.103448275862
29 0.103448275862
29 0.103448275862
29 0.103448275862
29 0.103448275862
29 0.103448275862
29 0.103448275862
29 0.103448275862
29 0.103448275862
29 0.103448275862
29 0.103448275862
29 0.103448275862
29 0.103448275862
29 0.103448275862
29 0.103448275862
29 0.103448275862
29 0.103448275862
29 0.103448275862
29 0.103448275862
29 0.103448275862
29 0.103448275862
30 0.172413793103
30 0.172413793103
30 0.172413793103
30 0.172413793103
30 0.172413793103
30 0.172413793103
30 0.172413793103
30 0.172413793103
30 0.172413793103
30 0.172413793103
30 0.172413793103
30 0.172413793103
30 0.172413793103
30 0.172413793103
30 0.172413793103
30 0.172413793103
30 0.172413793103
30 0.172413793103
30 0.172413793103
30 0.172413793103
30 0.172413793103
30 0.172413793103
30 0.172413793103
30 0.172413793103
30 0.172413793103
30 0.172413793103
30 0.172413793103
30 0.172413793103
30 0.172413793103
30 0.172413793103
30 0.172413793103
30 0.172413793103
30 0.172413793103
30 0.172413793103
31 0.221095334686
31 0.221095334686
31 0.221095334686
31 0.221095334686
31 0.221095334686
31 0.221095334686
31 0.221095334686
31 0.221095334686
31 0.221095334686
31 0.221095334686
31 0.221095334686
31 0.221095334686
31 0.221095334686
31 0.221095334686
31 0.221095334686
31 0.221095334686
31 0.221095334686
31 0.221095334686
31 0.221095334686
31 0.221095334686
31 0.221095334686
31 0.221095334686
31 0.221095334686
31 0.221095334686
32 0.255578093306
32 0.255578093306
32 0.255578093306
32 0.255578093306
32 0.255578093306
32 0.255578093306
32 0.255578093306
32 0.255578093306
32 0.255578093306
32 0.255578093306
32 0.255578093306
32 0.255578093306
32 0.255578093306
32 0.255578093306
32 0.255578093306
32 0.255578093306
32 0.255578093306
33 0.286004056795
33 0.286004056795
33 0.286004056795
33 0.286004056795
33 0.286004056795
33 0.286004056795
33 0.286004056795
33 0.286004056795
33 0.286004056795
33 0.286004056795
33 0.286004056795
33 0.286004056795
33 0.286004056795
33 0.286004056795
33 0.286004056795
34 0.298174442191
34 0.298174442191
34 0.298174442191
34 0.298174442191
34 0.298174442191
34 0.298174442191
35 0.314401622718
35 0.314401622718
35 0.314401622718
35 0.314401622718
35 0.314401622718
35 0.314401622718
35 0.314401622718
35 0.314401622718
36 0.322515212982
36 0.322515212982
36 0.322515212982
36 0.322515212982
37 0.326572008114
37 0.326572008114
38 0.334685598377
38 0.334685598377
38 0.334685598377
38 0.334685598377
39 0.340770791075
39 0.340770791075
39 0.340770791075
47 0.342799188641
66 0.344827586207
1319 0.346855983773
1372 0.348884381339
1549 0.350912778905
1584 0.352941176471
1796 0.354969574037
2081 0.356997971602
2139 0.359026369168
2421 0.361054766734
2608 0.3630831643
2672 0.365111561866
2673 0.367139959432
2932 0.369168356998
3345 0.371196754564
3525 0.37322515213
3535 0.375253549696
3783 0.377281947262
3866 0.379310344828
4242 0.381338742394
4469 0.383367139959
4572 0.385395537525
4593 0.387423935091
4844 0.389452332657
5148 0.391480730223
5703 0.393509127789
5780 0.395537525355
5786 0.397565922921
6184 0.399594320487
6342 0.401622718053
6522 0.403651115619
6531 0.405679513185
6549 0.407707910751
6653 0.409736308316
6866 0.411764705882
7045 0.413793103448
7270 0.415821501014
7649 0.41784989858
7827 0.419878296146
8083 0.421906693712
8100 0.423935091278
8140 0.425963488844
8189 0.42799188641
8375 0.430020283976
8770 0.432048681542
8772 0.434077079108
8846 0.436105476673
8942 0.438133874239
8974 0.440162271805
9061 0.442190669371
9120 0.444219066937
9211 0.446247464503
9239 0.448275862069
9484 0.450304259635
9501 0.452332657201
9527 0.454361054767
9608 0.456389452333
9949 0.458417849899
9954 0.460446247465
10169 0.46247464503
10367 0.464503042596
10652 0.466531440162
10764 0.468559837728
10800 0.470588235294
11009 0.47261663286
11104 0.474645030426
11106 0.476673427992
11149 0.478701825558
11281 0.480730223124
11386 0.48275862069
11532 0.484787018256
11602 0.486815415822
11669 0.488843813387
11696 0.490872210953
11754 0.492900608519
11802 0.494929006085
11890 0.496957403651
11916 0.498985801217
12009 0.501014198783
12097 0.503042596349
12189 0.505070993915
12260 0.507099391481
12270 0.509127789047
12402 0.511156186613
12409 0.513184584178
12535 0.515212981744
12993 0.51724137931
13024 0.519269776876
13054 0.521298174442
13238 0.523326572008
13240 0.525354969574
13452 0.52738336714
13475 0.529411764706
13579 0.531440162272
13583 0.533468559838
13700 0.535496957404
14322 0.53752535497
14472 0.539553752535
14609 0.541582150101
14751 0.543610547667
15044 0.545638945233
15113 0.547667342799
15168 0.549695740365
15169 0.551724137931
15238 0.553752535497
15283 0.555780933063
15487 0.557809330629
15509 0.559837728195
15618 0.561866125761
15709 0.563894523327
15830 0.565922920892
15932 0.567951318458
16404 0.569979716024
16755 0.57200811359
16793 0.574036511156
16854 0.576064908722
16987 0.578093306288
17268 0.580121703854
17751 0.58215010142
17955 0.584178498986
17994 0.586206896552
18061 0.588235294118
18168 0.590263691684
18211 0.592292089249
18610 0.594320486815
18705 0.596348884381
18792 0.598377281947
18831 0.600405679513
18868 0.602434077079
18940 0.604462474645
18947 0.606490872211
19004 0.608519269777
19173 0.610547667343
19234 0.612576064909
19427 0.614604462475
19433 0.616632860041
19508 0.618661257606
19552 0.620689655172
19606 0.622718052738
19654 0.624746450304
19763 0.62677484787
19880 0.628803245436
20063 0.630831643002
20382 0.632860040568
20476 0.634888438134
21015 0.6369168357
21163 0.638945233266
21298 0.640973630832
21420 0.643002028398
21525 0.645030425963
21879 0.647058823529
21929 0.649087221095
21942 0.651115618661
21962 0.653144016227
22038 0.655172413793
22126 0.657200811359
22264 0.659229208925
22517 0.661257606491
22588 0.663286004057
23100 0.665314401623
23250 0.667342799189
23659 0.669371196755
23699 0.67139959432
23982 0.673427991886
24034 0.675456389452
24093 0.677484787018
24245 0.679513184584
24321 0.68154158215
24340 0.683569979716
24514 0.685598377282
24634 0.687626774848
24926 0.689655172414
24939 0.69168356998
25364 0.693711967546
25424 0.695740365112
25574 0.697768762677
25734 0.699797160243
25738 0.701825557809
25744 0.703853955375
26192 0.705882352941
26568 0.707910750507
26637 0.709939148073
26797 0.711967545639
26988 0.713995943205
27068 0.716024340771
27290 0.718052738337
27308 0.720081135903
27699 0.722109533469
27769 0.724137931034
27830 0.7261663286
27950 0.728194726166
28423 0.730223123732
28616 0.732251521298
28674 0.734279918864
28679 0.73630831643
28737 0.738336713996
28821 0.740365111562
28848 0.742393509128
28964 0.744421906694
29420 0.74645030426
29578 0.748478701826
29629 0.750507099391
29662 0.752535496957
30068 0.754563894523
30123 0.756592292089
30600 0.758620689655
30798 0.760649087221
31052 0.762677484787
31843 0.764705882353
31852 0.766734279919
31910 0.768762677485
32098 0.770791075051
32316 0.772819472617
32343 0.774847870183
32374 0.776876267748
32624 0.778904665314
32626 0.78093306288
32862 0.782961460446
33000 0.784989858012
33190 0.787018255578
33661 0.789046653144
33687 0.79107505071
33765 0.793103448276
33994 0.795131845842
33998 0.797160243408
34042 0.799188640974
34107 0.80121703854
34186 0.803245436105
34406 0.805273833671
34843 0.807302231237
34902 0.809330628803
34904 0.811359026369
35222 0.813387423935
35249 0.815415821501
35301 0.817444219067
35871 0.819472616633
36646 0.821501014199
36689 0.823529411765
36929 0.825557809331
37460 0.827586206897
37506 0.829614604462
37583 0.831643002028
37661 0.833671399594
37674 0.83569979716
37976 0.837728194726
38104 0.839756592292
38500 0.841784989858
38513 0.843813387424
38856 0.84584178499
38896 0.847870182556
39079 0.849898580122
39452 0.851926977688
40000 0.853955375254
40047 0.855983772819
40105 0.858012170385
40445 0.860040567951
41161 0.862068965517
41558 0.864097363083
41707 0.866125760649
41788 0.868154158215
42624 0.870182555781
42709 0.872210953347
43593 0.874239350913
44013 0.876267748479
44625 0.878296146045
44684 0.880324543611
44738 0.882352941176
45757 0.884381338742
46062 0.886409736308
46157 0.888438133874
46275 0.89046653144
46839 0.892494929006
47390 0.894523326572
47557 0.896551724138
47622 0.898580121704
48504 0.90060851927
50104 0.902636916836
51232 0.904665314402
51310 0.906693711968
52079 0.908722109533
55962 0.910750507099
56894 0.912778904665
58038 0.914807302231
58638 0.916835699797
59096 0.918864097363
59271 0.920892494929
60270 0.922920892495
60837 0.924949290061
61492 0.926977687627
62239 0.929006085193
65923 0.931034482759
66988 0.933062880325
67071 0.93509127789
67348 0.937119675456
68501 0.939148073022
69123 0.941176470588
82048 0.943204868154
83250 0.94523326572
96393 0.947261663286
98804 0.949290060852
103465 0.951318458418
103586 0.953346855984
105586 0.95537525355
108219 0.957403651116
108353 0.959432048682
109070 0.961460446247
109910 0.963488843813
112015 0.965517241379
112337 0.967545638945
112893 0.969574036511
120649 0.971602434077
122798 0.973630831643
122837 0.975659229209
149497 0.977687626775
151399 0.979716024341
151669 0.981744421907
157320 0.983772819473
157564 0.985801217039
163380 0.987829614604
186340 0.98985801217
213513 0.991886409736
238467 0.993914807302
243385 0.995943204868
622895 0.997971602434
926061 1.0
