64 0.00202429149798
684 0.00404858299595
1197 0.00607287449393
1202 0.0080971659919
1261 0.0101214574899
1276 0.0121457489879
1658 0.0141700404858
1723 0.0161943319838
1743 0.0182186234818
1774 0.0202429149798
1820 0.0222672064777
1995 0.0242914979757
2005 0.0263157894737
2038 0.0283400809717
2117 0.0303643724696
2134 0.0323886639676
2155 0.0344129554656
2262 0.0364372469636
2281 0.0384615384615
2288 0.0404858299595
2299 0.0425101214575
2332 0.0445344129555
2338 0.0465587044534
2375 0.0485829959514
2379 0.0506072874494
2392 0.0526315789474
2421 0.0546558704453
2488 0.0566801619433
2493 0.0587044534413
2507 0.0607287449393
2529 0.0647773279352
2529 0.0647773279352
2532 0.0668016194332
2665 0.0688259109312
2683 0.0708502024291
2708 0.0728744939271
2718 0.0748987854251
2720 0.0769230769231
2729 0.0789473684211
2763 0.080971659919
2831 0.082995951417
2834 0.085020242915
2842 0.087044534413
2873 0.0890688259109
2900 0.0910931174089
2932 0.0931174089069
2936 0.0951417004049
2946 0.0971659919028
2948 0.0991902834008
2957 0.101214574899
2967 0.103238866397
2968 0.105263157895
2984 0.107287449393
3002 0.109311740891
3006 0.111336032389
3034 0.113360323887
3105 0.115384615385
3110 0.117408906883
3215 0.119433198381
3221 0.121457489879
3247 0.123481781377
3264 0.125506072874
3329 0.127530364372
3343 0.12955465587
3348 0.131578947368
3361 0.133603238866
3366 0.135627530364
3395 0.137651821862
3404 0.13967611336
3407 0.141700404858
3423 0.143724696356
3436 0.145748987854
3455 0.147773279352
3467 0.14979757085
3473 0.151821862348
3496 0.153846153846
3540 0.155870445344
3549 0.15991902834
3549 0.15991902834
3568 0.161943319838
3578 0.163967611336
3580 0.165991902834
3583 0.168016194332
3627 0.172064777328
3627 0.172064777328
3644 0.174089068826
3645 0.178137651822
3645 0.178137651822
3650 0.18016194332
3653 0.182186234818
3676 0.184210526316
3689 0.186234817814
3696 0.188259109312
3706 0.19028340081
3712 0.192307692308
3714 0.194331983806
3715 0.196356275304
3718 0.198380566802
3724 0.2004048583
3745 0.202429149798
3773 0.204453441296
3783 0.206477732794
3823 0.208502024291
3834 0.210526315789
3845 0.212550607287
3851 0.214574898785
3862 0.216599190283
3864 0.218623481781
3888 0.222672064777
3888 0.222672064777
3916 0.224696356275
3920 0.226720647773
3927 0.228744939271
3950 0.230769230769
3958 0.232793522267
3981 0.234817813765
4003 0.236842105263
4010 0.238866396761
4021 0.240890688259
4028 0.242914979757
4030 0.244939271255
4046 0.246963562753
4051 0.248987854251
4068 0.251012145749
4071 0.253036437247
4075 0.255060728745
4078 0.257085020243
4088 0.259109311741
4091 0.261133603239
4097 0.263157894737
4101 0.265182186235
4104 0.267206477733
4108 0.269230769231
4118 0.271255060729
4128 0.273279352227
4167 0.275303643725
4173 0.277327935223
4176 0.279352226721
4184 0.281376518219
4210 0.283400809717
4211 0.285425101215
4216 0.287449392713
4236 0.289473684211
4238 0.291497975709
4267 0.293522267206
4295 0.295546558704
4302 0.297570850202
4321 0.2995951417
4331 0.301619433198
4338 0.303643724696
4342 0.305668016194
4352 0.307692307692
4372 0.30971659919
4388 0.313765182186
4388 0.313765182186
4396 0.315789473684
4405 0.317813765182
4412 0.31983805668
4419 0.321862348178
4425 0.323886639676
4431 0.325910931174
4442 0.327935222672
4512 0.32995951417
4526 0.331983805668
4544 0.334008097166
4564 0.336032388664
4582 0.338056680162
4585 0.34008097166
4588 0.342105263158
4612 0.344129554656
4617 0.346153846154
4621 0.348178137652
4624 0.35020242915
4658 0.352226720648
4687 0.356275303644
4687 0.356275303644
4709 0.358299595142
4715 0.362348178138
4715 0.362348178138
4716 0.364372469636
4744 0.366396761134
4753 0.368421052632
4756 0.37044534413
4770 0.372469635628
4777 0.374493927126
4780 0.376518218623
4797 0.378542510121
4848 0.380566801619
4871 0.382591093117
4879 0.384615384615
4904 0.386639676113
4912 0.388663967611
4928 0.390688259109
4937 0.392712550607
4982 0.394736842105
4988 0.396761133603
5006 0.398785425101
5011 0.400809716599
5039 0.402834008097
5041 0.404858299595
5058 0.406882591093
5080 0.408906882591
5143 0.410931174089
5169 0.412955465587
5182 0.414979757085
5186 0.417004048583
5189 0.419028340081
5193 0.421052631579
5194 0.423076923077
5196 0.425101214575
5211 0.427125506073
5212 0.429149797571
5239 0.431174089069
5261 0.433198380567
5271 0.435222672065
5297 0.437246963563
5310 0.439271255061
5313 0.441295546559
5332 0.443319838057
5336 0.445344129555
5341 0.447368421053
5353 0.449392712551
5366 0.451417004049
5376 0.453441295547
5415 0.455465587045
5425 0.457489878543
5448 0.45951417004
5482 0.461538461538
5489 0.463562753036
5506 0.465587044534
5512 0.467611336032
5515 0.46963562753
5520 0.471659919028
5544 0.473684210526
5546 0.475708502024
5547 0.477732793522
5549 0.47975708502
5571 0.481781376518
5577 0.483805668016
5579 0.485829959514
5584 0.487854251012
5592 0.48987854251
5630 0.491902834008
5652 0.493927125506
5670 0.495951417004
5683 0.497975708502
5695 0.502024291498
5695 0.502024291498
5718 0.504048582996
5731 0.506072874494
5739 0.508097165992
5746 0.51012145749
5758 0.512145748988
5764 0.514170040486
5773 0.516194331984
5797 0.518218623482
5820 0.52024291498
5832 0.522267206478
5837 0.524291497976
5846 0.526315789474
5860 0.53036437247
5860 0.53036437247
5884 0.532388663968
5904 0.536437246964
5904 0.536437246964
5908 0.538461538462
5943 0.54048582996
5953 0.542510121457
5956 0.544534412955
5971 0.546558704453
6029 0.548582995951
6036 0.550607287449
6038 0.552631578947
6073 0.554655870445
6091 0.556680161943
6104 0.558704453441
6135 0.560728744939
6144 0.562753036437
6156 0.564777327935
6167 0.566801619433
6182 0.568825910931
6211 0.570850202429
6227 0.572874493927
6233 0.574898785425
6249 0.576923076923
6321 0.578947368421
6331 0.580971659919
6347 0.582995951417
6351 0.585020242915
6378 0.587044534413
6388 0.589068825911
6389 0.591093117409
6398 0.593117408907
6417 0.595141700405
6419 0.597165991903
6438 0.599190283401
6465 0.601214574899
6475 0.603238866397
6561 0.605263157895
6566 0.607287449393
6567 0.609311740891
6596 0.611336032389
6614 0.613360323887
6630 0.615384615385
6689 0.617408906883
6693 0.619433198381
6697 0.621457489879
6716 0.623481781377
6745 0.625506072874
6748 0.627530364372
6782 0.631578947368
6782 0.631578947368
6850 0.633603238866
6859 0.635627530364
6892 0.637651821862
6901 0.63967611336
6926 0.641700404858
6934 0.643724696356
6995 0.645748987854
6996 0.647773279352
7014 0.64979757085
7016 0.651821862348
7018 0.653846153846
7034 0.655870445344
7067 0.657894736842
7092 0.65991902834
7107 0.661943319838
7116 0.663967611336
7126 0.665991902834
7135 0.668016194332
7153 0.67004048583
7156 0.672064777328
7197 0.674089068826
7221 0.676113360324
7239 0.678137651822
7240 0.68016194332
7279 0.682186234818
7280 0.684210526316
7283 0.686234817814
7309 0.688259109312
7358 0.69028340081
7389 0.692307692308
7403 0.694331983806
7449 0.696356275304
7456 0.698380566802
7469 0.7004048583
7503 0.702429149798
7507 0.704453441296
7537 0.706477732794
7557 0.708502024291
7577 0.710526315789
7585 0.712550607287
7608 0.714574898785
7668 0.716599190283
7708 0.718623481781
7720 0.720647773279
7726 0.722672064777
7753 0.724696356275
7761 0.726720647773
7765 0.728744939271
7811 0.730769230769
7829 0.732793522267
7997 0.734817813765
8002 0.736842105263
8009 0.738866396761
8063 0.740890688259
8068 0.742914979757
8183 0.744939271255
8201 0.746963562753
8222 0.751012145749
8222 0.751012145749
8263 0.753036437247
8341 0.755060728745
8342 0.757085020243
8407 0.759109311741
8431 0.761133603239
8454 0.763157894737
8610 0.765182186235
8622 0.767206477733
8698 0.769230769231
8730 0.771255060729
8731 0.773279352227
8735 0.775303643725
8792 0.777327935223
8796 0.779352226721
8810 0.781376518219
8817 0.783400809717
8840 0.785425101215
8856 0.787449392713
8874 0.789473684211
8885 0.791497975709
9005 0.793522267206
9024 0.795546558704
9031 0.797570850202
9053 0.7995951417
9089 0.801619433198
9094 0.803643724696
9186 0.805668016194
9277 0.807692307692
9305 0.80971659919
9306 0.811740890688
9333 0.813765182186
9428 0.815789473684
9433 0.817813765182
9437 0.821862348178
9437 0.821862348178
9509 0.823886639676
9546 0.825910931174
9592 0.827935222672
9615 0.82995951417
9616 0.831983805668
9650 0.834008097166
9670 0.836032388664
9704 0.838056680162
9724 0.84008097166
9800 0.842105263158
9856 0.844129554656
9975 0.846153846154
9995 0.848178137652
9997 0.85020242915
10038 0.852226720648
10236 0.854251012146
10279 0.856275303644
10285 0.858299595142
10342 0.86032388664
10435 0.862348178138
10483 0.864372469636
10521 0.866396761134
10522 0.868421052632
10635 0.87044534413
10739 0.872469635628
10750 0.876518218623
10750 0.876518218623
10753 0.878542510121
11002 0.880566801619
11049 0.882591093117
11234 0.884615384615
11288 0.886639676113
11348 0.888663967611
11424 0.890688259109
11433 0.892712550607
11477 0.894736842105
11763 0.896761133603
11766 0.898785425101
11768 0.900809716599
11778 0.902834008097
12068 0.904858299595
12094 0.906882591093
12104 0.908906882591
12106 0.910931174089
12150 0.912955465587
12167 0.914979757085
12205 0.917004048583
12240 0.919028340081
12271 0.921052631579
12528 0.923076923077
12554 0.925101214575
12580 0.927125506073
12838 0.929149797571
12853 0.931174089069
12930 0.933198380567
13203 0.935222672065
13346 0.937246963563
13466 0.939271255061
13633 0.941295546559
13893 0.943319838057
13936 0.945344129555
13950 0.947368421053
14050 0.949392712551
14126 0.951417004049
14497 0.953441295547
14582 0.955465587045
15021 0.957489878543
15043 0.95951417004
15189 0.961538461538
15529 0.963562753036
15738 0.965587044534
15934 0.967611336032
16087 0.96963562753
16128 0.971659919028
16570 0.973684210526
16867 0.975708502024
16964 0.977732793522
18292 0.97975708502
18378 0.981781376518
18636 0.983805668016
19664 0.985829959514
21087 0.987854251012
23818 0.98987854251
26252 0.991902834008
68311 0.993927125506
94448 0.995951417004
123559 0.997975708502
420450 1.0
