68 0.00202429149798
822 0.00404858299595
1623 0.00607287449393
1722 0.0080971659919
1780 0.0101214574899
1850 0.0121457489879
2215 0.0141700404858
2249 0.0161943319838
2383 0.0202429149798
2383 0.0202429149798
2682 0.0222672064777
2711 0.0242914979757
2773 0.0263157894737
2799 0.0283400809717
2807 0.0303643724696
2815 0.0323886639676
2924 0.0344129554656
2998 0.0364372469636
3062 0.0384615384615
3077 0.0404858299595
3078 0.0425101214575
3183 0.0445344129555
3245 0.0465587044534
3292 0.0485829959514
3297 0.0506072874494
3352 0.0526315789474
3367 0.0546558704453
3378 0.0566801619433
3417 0.0587044534413
3473 0.0607287449393
3496 0.0627530364372
3502 0.0647773279352
3545 0.0668016194332
3558 0.0688259109312
3637 0.0708502024291
3653 0.0728744939271
3724 0.0748987854251
3794 0.0769230769231
3810 0.0789473684211
3843 0.080971659919
3874 0.082995951417
3882 0.085020242915
3908 0.087044534413
3940 0.0890688259109
4011 0.0910931174089
4024 0.0931174089069
4034 0.0951417004049
4073 0.0971659919028
4080 0.0991902834008
4112 0.101214574899
4115 0.103238866397
4118 0.105263157895
4137 0.107287449393
4186 0.109311740891
4193 0.111336032389
4205 0.115384615385
4205 0.115384615385
4279 0.117408906883
4297 0.119433198381
4329 0.121457489879
4340 0.123481781377
4351 0.125506072874
4370 0.127530364372
4400 0.12955465587
4482 0.131578947368
4491 0.133603238866
4505 0.135627530364
4513 0.137651821862
4525 0.13967611336
4529 0.141700404858
4555 0.143724696356
4561 0.145748987854
4602 0.147773279352
4613 0.14979757085
4642 0.151821862348
4658 0.153846153846
4660 0.155870445344
4668 0.157894736842
4688 0.15991902834
4691 0.161943319838
4742 0.163967611336
4826 0.165991902834
4839 0.168016194332
4842 0.17004048583
4851 0.172064777328
4930 0.174089068826
4963 0.176113360324
4964 0.178137651822
4974 0.18016194332
4989 0.184210526316
4989 0.184210526316
4991 0.186234817814
4998 0.188259109312
5011 0.192307692308
5011 0.192307692308
5024 0.194331983806
5030 0.196356275304
5032 0.198380566802
5033 0.202429149798
5033 0.202429149798
5035 0.204453441296
5037 0.206477732794
5045 0.208502024291
5081 0.210526315789
5082 0.212550607287
5097 0.214574898785
5104 0.216599190283
5114 0.218623481781
5130 0.220647773279
5148 0.222672064777
5151 0.224696356275
5153 0.226720647773
5158 0.228744939271
5164 0.230769230769
5166 0.234817813765
5166 0.234817813765
5176 0.236842105263
5179 0.238866396761
5211 0.240890688259
5248 0.242914979757
5270 0.244939271255
5304 0.246963562753
5308 0.248987854251
5313 0.253036437247
5313 0.253036437247
5316 0.255060728745
5323 0.257085020243
5346 0.259109311741
5370 0.261133603239
5410 0.263157894737
5414 0.265182186235
5429 0.267206477733
5441 0.269230769231
5455 0.271255060729
5469 0.273279352227
5503 0.275303643725
5534 0.277327935223
5541 0.281376518219
5541 0.281376518219
5556 0.283400809717
5564 0.285425101215
5567 0.287449392713
5577 0.289473684211
5584 0.291497975709
5648 0.293522267206
5667 0.295546558704
5679 0.297570850202
5683 0.2995951417
5695 0.301619433198
5709 0.303643724696
5754 0.305668016194
5761 0.307692307692
5782 0.30971659919
5794 0.311740890688
5801 0.313765182186
5829 0.315789473684
5869 0.317813765182
5902 0.31983805668
5903 0.321862348178
5905 0.323886639676
5930 0.325910931174
5936 0.327935222672
5947 0.32995951417
5958 0.331983805668
5968 0.336032388664
5968 0.336032388664
5973 0.338056680162
5994 0.34008097166
6004 0.344129554656
6004 0.344129554656
6022 0.346153846154
6044 0.35020242915
6044 0.35020242915
6063 0.352226720648
6094 0.354251012146
6118 0.356275303644
6131 0.358299595142
6133 0.36032388664
6140 0.362348178138
6142 0.364372469636
6143 0.366396761134
6148 0.368421052632
6159 0.37044534413
6160 0.372469635628
6165 0.374493927126
6228 0.376518218623
6260 0.378542510121
6268 0.380566801619
6270 0.382591093117
6289 0.384615384615
6328 0.386639676113
6339 0.388663967611
6354 0.390688259109
6364 0.392712550607
6377 0.394736842105
6380 0.396761133603
6430 0.398785425101
6446 0.400809716599
6457 0.402834008097
6484 0.404858299595
6511 0.406882591093
6520 0.408906882591
6537 0.410931174089
6581 0.412955465587
6590 0.414979757085
6591 0.417004048583
6606 0.419028340081
6633 0.421052631579
6645 0.423076923077
6656 0.425101214575
6660 0.427125506073
6697 0.429149797571
6709 0.431174089069
6731 0.433198380567
6737 0.435222672065
6744 0.437246963563
6749 0.439271255061
6757 0.441295546559
6767 0.443319838057
6775 0.445344129555
6795 0.447368421053
6812 0.449392712551
6819 0.451417004049
6833 0.453441295547
6841 0.455465587045
6853 0.457489878543
6876 0.45951417004
6892 0.461538461538
6920 0.463562753036
6934 0.465587044534
6954 0.467611336032
6973 0.46963562753
6997 0.471659919028
7009 0.473684210526
7018 0.475708502024
7021 0.477732793522
7056 0.47975708502
7078 0.481781376518
7085 0.483805668016
7091 0.485829959514
7097 0.487854251012
7104 0.48987854251
7115 0.491902834008
7125 0.493927125506
7128 0.495951417004
7129 0.497975708502
7185 0.5
7189 0.502024291498
7214 0.504048582996
7218 0.506072874494
7286 0.508097165992
7303 0.51012145749
7307 0.512145748988
7335 0.514170040486
7371 0.516194331984
7390 0.518218623482
7399 0.52024291498
7406 0.522267206478
7413 0.524291497976
7422 0.526315789474
7433 0.528340080972
7451 0.53036437247
7476 0.532388663968
7512 0.534412955466
7557 0.536437246964
7565 0.538461538462
7568 0.54048582996
7593 0.542510121457
7606 0.544534412955
7613 0.546558704453
7619 0.548582995951
7622 0.550607287449
7646 0.552631578947
7685 0.554655870445
7692 0.556680161943
7739 0.558704453441
7746 0.560728744939
7784 0.562753036437
7877 0.564777327935
7879 0.566801619433
7883 0.568825910931
7897 0.570850202429
7913 0.572874493927
7915 0.574898785425
7933 0.576923076923
7942 0.578947368421
7954 0.580971659919
7960 0.582995951417
7968 0.585020242915
8000 0.587044534413
8020 0.591093117409
8020 0.591093117409
8033 0.593117408907
8035 0.595141700405
8043 0.597165991903
8085 0.599190283401
8100 0.601214574899
8114 0.603238866397
8138 0.605263157895
8228 0.607287449393
8266 0.609311740891
8281 0.611336032389
8286 0.613360323887
8292 0.615384615385
8311 0.617408906883
8314 0.619433198381
8315 0.621457489879
8361 0.623481781377
8364 0.625506072874
8368 0.627530364372
8370 0.62955465587
8371 0.631578947368
8408 0.633603238866
8422 0.635627530364
8433 0.637651821862
8441 0.63967611336
8509 0.641700404858
8552 0.643724696356
8598 0.645748987854
8618 0.647773279352
8646 0.64979757085
8649 0.651821862348
8659 0.653846153846
8670 0.655870445344
8675 0.657894736842
8678 0.65991902834
8763 0.661943319838
8778 0.663967611336
8781 0.665991902834
8860 0.668016194332
8869 0.67004048583
8924 0.672064777328
8925 0.674089068826
8940 0.676113360324
9003 0.678137651822
9006 0.68016194332
9094 0.682186234818
9101 0.684210526316
9144 0.686234817814
9149 0.688259109312
9161 0.69028340081
9166 0.692307692308
9234 0.694331983806
9244 0.696356275304
9272 0.698380566802
9279 0.7004048583
9310 0.702429149798
9338 0.704453441296
9472 0.706477732794
9505 0.708502024291
9510 0.710526315789
9546 0.712550607287
9559 0.714574898785
9577 0.716599190283
9583 0.718623481781
9607 0.720647773279
9618 0.722672064777
9621 0.724696356275
9634 0.726720647773
9643 0.728744939271
9659 0.730769230769
9708 0.732793522267
9787 0.734817813765
9808 0.736842105263
9832 0.738866396761
9866 0.740890688259
9947 0.742914979757
9959 0.744939271255
9994 0.746963562753
10035 0.748987854251
10128 0.751012145749
10160 0.755060728745
10160 0.755060728745
10174 0.757085020243
10249 0.759109311741
10251 0.761133603239
10281 0.763157894737
10287 0.765182186235
10337 0.767206477733
10350 0.769230769231
10363 0.771255060729
10396 0.773279352227
10400 0.775303643725
10469 0.777327935223
10474 0.779352226721
10485 0.781376518219
10531 0.783400809717
10550 0.785425101215
10567 0.787449392713
10648 0.789473684211
10656 0.791497975709
10692 0.793522267206
10779 0.795546558704
10867 0.797570850202
10928 0.7995951417
10930 0.801619433198
10963 0.803643724696
11086 0.805668016194
11119 0.807692307692
11137 0.80971659919
11204 0.811740890688
11209 0.813765182186
11310 0.815789473684
11346 0.817813765182
11378 0.81983805668
11392 0.821862348178
11461 0.823886639676
11467 0.825910931174
11502 0.827935222672
11597 0.82995951417
11599 0.831983805668
11663 0.834008097166
11666 0.836032388664
11694 0.838056680162
11834 0.84008097166
11887 0.842105263158
11914 0.844129554656
11928 0.846153846154
11979 0.848178137652
12098 0.85020242915
12111 0.852226720648
12117 0.854251012146
12153 0.856275303644
12160 0.858299595142
12192 0.86032388664
12199 0.862348178138
12202 0.864372469636
12254 0.866396761134
12383 0.868421052632
12398 0.87044534413
12411 0.872469635628
12458 0.874493927126
12472 0.876518218623
12686 0.878542510121
12742 0.880566801619
12753 0.882591093117
12813 0.884615384615
12898 0.886639676113
12916 0.888663967611
12938 0.890688259109
13069 0.892712550607
13191 0.894736842105
13238 0.896761133603
13280 0.898785425101
13575 0.900809716599
13578 0.902834008097
13594 0.904858299595
13681 0.906882591093
13695 0.908906882591
13737 0.910931174089
13891 0.912955465587
13987 0.914979757085
14039 0.917004048583
14370 0.919028340081
14393 0.921052631579
14452 0.923076923077
14464 0.925101214575
14504 0.927125506073
14523 0.929149797571
14740 0.931174089069
14809 0.933198380567
14960 0.935222672065
15264 0.937246963563
15343 0.939271255061
15583 0.941295546559
15660 0.943319838057
15715 0.945344129555
15750 0.947368421053
15790 0.949392712551
16088 0.951417004049
16092 0.953441295547
16258 0.955465587045
16676 0.957489878543
16795 0.95951417004
17114 0.961538461538
17167 0.963562753036
17293 0.965587044534
17538 0.967611336032
17606 0.96963562753
17767 0.971659919028
17932 0.973684210526
18009 0.975708502024
18485 0.977732793522
18691 0.97975708502
18723 0.981781376518
18752 0.983805668016
19083 0.985829959514
20861 0.987854251012
25657 0.98987854251
26693 0.991902834008
78003 0.993927125506
93982 0.995951417004
119357 0.997975708502
418860 1.0
