239 0.00202839756592
1000 0.00405679513185
1266 0.00608519269777
1585 0.00811359026369
1927 0.0101419878296
2234 0.0121703853955
2382 0.0141987829615
2489 0.0162271805274
2746 0.0182555780933
2758 0.0202839756592
2817 0.0223123732252
2834 0.0243407707911
2845 0.026369168357
3004 0.0283975659229
3033 0.0304259634888
3036 0.0324543610548
3142 0.0344827586207
3150 0.0365111561866
3259 0.0385395537525
3263 0.0405679513185
3347 0.0425963488844
3348 0.0446247464503
3363 0.0466531440162
3386 0.0486815415822
3410 0.0507099391481
3412 0.052738336714
3464 0.0547667342799
3516 0.0567951318458
3557 0.0588235294118
3589 0.0608519269777
3632 0.0628803245436
3687 0.0649087221095
3730 0.0669371196755
3897 0.0689655172414
3907 0.0709939148073
3917 0.0730223123732
3969 0.0750507099391
4074 0.0770791075051
4116 0.079107505071
4137 0.0811359026369
4148 0.0831643002028
4158 0.0851926977688
4209 0.0872210953347
4251 0.0892494929006
4255 0.0912778904665
4282 0.0933062880325
4401 0.0953346855984
4409 0.0973630831643
4452 0.0993914807302
4458 0.101419878296
4464 0.103448275862
4537 0.105476673428
4554 0.107505070994
4563 0.10953346856
4587 0.111561866126
4643 0.113590263692
4675 0.115618661258
4697 0.119675456389
4697 0.119675456389
4700 0.121703853955
4720 0.123732251521
4723 0.125760649087
4763 0.127789046653
4793 0.129817444219
4798 0.131845841785
4809 0.133874239351
4816 0.135902636917
4829 0.137931034483
4866 0.139959432049
4896 0.141987829615
4905 0.144016227181
4931 0.146044624746
4936 0.148073022312
4943 0.150101419878
4964 0.152129817444
4975 0.15415821501
4977 0.156186612576
4995 0.158215010142
5000 0.160243407708
5006 0.162271805274
5009 0.16430020284
5022 0.166328600406
5041 0.168356997972
5049 0.170385395538
5076 0.172413793103
5108 0.174442190669
5113 0.176470588235
5160 0.178498985801
5170 0.180527383367
5174 0.184584178499
5174 0.184584178499
5183 0.186612576065
5187 0.188640973631
5194 0.190669371197
5212 0.192697768763
5216 0.194726166329
5224 0.196754563895
5239 0.19878296146
5248 0.200811359026
5252 0.202839756592
5271 0.204868154158
5281 0.206896551724
5298 0.20892494929
5331 0.210953346856
5358 0.212981744422
5361 0.215010141988
5381 0.217038539554
5403 0.21906693712
5464 0.221095334686
5467 0.223123732252
5483 0.225152129817
5497 0.227180527383
5500 0.229208924949
5503 0.231237322515
5508 0.233265720081
5526 0.235294117647
5531 0.237322515213
5533 0.239350912779
5571 0.241379310345
5595 0.243407707911
5628 0.245436105477
5636 0.247464503043
5649 0.249492900609
5662 0.251521298174
5688 0.25354969574
5697 0.255578093306
5710 0.257606490872
5711 0.259634888438
5724 0.261663286004
5747 0.26369168357
5761 0.265720081136
5762 0.267748478702
5784 0.271805273834
5784 0.271805273834
5789 0.2738336714
5794 0.275862068966
5799 0.277890466531
5818 0.279918864097
5841 0.281947261663
5850 0.283975659229
5855 0.286004056795
5880 0.288032454361
5888 0.290060851927
5903 0.292089249493
5904 0.294117647059
5928 0.296146044625
5929 0.298174442191
5935 0.300202839757
5939 0.302231237323
5943 0.304259634888
5944 0.306288032454
5996 0.30831643002
6029 0.310344827586
6036 0.312373225152
6040 0.314401622718
6055 0.316430020284
6056 0.31845841785
6068 0.320486815416
6115 0.322515212982
6121 0.324543610548
6122 0.326572008114
6141 0.32860040568
6156 0.330628803245
6165 0.332657200811
6168 0.334685598377
6174 0.336713995943
6218 0.338742393509
6227 0.340770791075
6310 0.342799188641
6316 0.344827586207
6328 0.346855983773
6336 0.348884381339
6358 0.350912778905
6374 0.352941176471
6383 0.354969574037
6390 0.356997971602
6400 0.359026369168
6402 0.361054766734
6417 0.3630831643
6453 0.365111561866
6480 0.367139959432
6508 0.369168356998
6518 0.371196754564
6522 0.37322515213
6583 0.375253549696
6616 0.377281947262
6655 0.379310344828
6673 0.381338742394
6677 0.383367139959
6695 0.385395537525
6704 0.387423935091
6728 0.389452332657
6731 0.391480730223
6734 0.393509127789
6743 0.395537525355
6754 0.397565922921
6801 0.399594320487
6804 0.401622718053
6815 0.403651115619
6819 0.405679513185
6825 0.407707910751
6828 0.409736308316
6843 0.411764705882
6853 0.413793103448
6881 0.415821501014
6907 0.41784989858
6923 0.419878296146
7020 0.421906693712
7040 0.423935091278
7065 0.425963488844
7070 0.42799188641
7080 0.430020283976
7085 0.432048681542
7087 0.434077079108
7107 0.436105476673
7126 0.438133874239
7135 0.440162271805
7136 0.444219066937
7136 0.444219066937
7190 0.446247464503
7194 0.448275862069
7207 0.450304259635
7213 0.452332657201
7244 0.454361054767
7250 0.456389452333
7281 0.458417849899
7284 0.460446247465
7294 0.46247464503
7295 0.464503042596
7313 0.466531440162
7325 0.468559837728
7350 0.470588235294
7356 0.47261663286
7388 0.474645030426
7414 0.476673427992
7419 0.478701825558
7424 0.480730223124
7447 0.48275862069
7455 0.484787018256
7503 0.486815415822
7564 0.488843813387
7596 0.490872210953
7608 0.494929006085
7608 0.494929006085
7633 0.496957403651
7648 0.501014198783
7648 0.501014198783
7656 0.503042596349
7672 0.505070993915
7682 0.507099391481
7689 0.509127789047
7703 0.511156186613
7709 0.513184584178
7712 0.515212981744
7722 0.51724137931
7724 0.519269776876
7732 0.521298174442
7735 0.523326572008
7736 0.525354969574
7737 0.52738336714
7743 0.529411764706
7780 0.531440162272
7789 0.533468559838
7801 0.535496957404
7804 0.53752535497
7846 0.539553752535
7857 0.541582150101
7865 0.543610547667
7872 0.545638945233
7879 0.547667342799
7920 0.549695740365
7966 0.551724137931
7975 0.553752535497
7979 0.557809330629
7979 0.557809330629
8026 0.559837728195
8030 0.561866125761
8040 0.563894523327
8064 0.565922920892
8089 0.567951318458
8100 0.569979716024
8116 0.57200811359
8143 0.574036511156
8178 0.576064908722
8190 0.578093306288
8204 0.580121703854
8227 0.58215010142
8234 0.584178498986
8247 0.586206896552
8266 0.588235294118
8300 0.590263691684
8378 0.592292089249
8382 0.594320486815
8454 0.596348884381
8467 0.598377281947
8482 0.600405679513
8497 0.602434077079
8513 0.604462474645
8528 0.606490872211
8556 0.610547667343
8556 0.610547667343
8600 0.612576064909
8601 0.614604462475
8623 0.616632860041
8625 0.618661257606
8667 0.620689655172
8683 0.622718052738
8732 0.624746450304
8777 0.62677484787
8786 0.628803245436
8831 0.630831643002
8890 0.632860040568
8892 0.634888438134
8907 0.638945233266
8907 0.638945233266
8953 0.640973630832
8971 0.643002028398
8999 0.645030425963
9000 0.647058823529
9045 0.649087221095
9082 0.651115618661
9084 0.653144016227
9090 0.655172413793
9092 0.657200811359
9116 0.659229208925
9169 0.661257606491
9181 0.663286004057
9208 0.665314401623
9251 0.667342799189
9293 0.67139959432
9293 0.67139959432
9319 0.673427991886
9321 0.675456389452
9377 0.677484787018
9390 0.679513184584
9417 0.68154158215
9442 0.683569979716
9453 0.685598377282
9470 0.687626774848
9488 0.689655172414
9491 0.69168356998
9505 0.693711967546
9555 0.695740365112
9577 0.697768762677
9616 0.699797160243
9644 0.701825557809
9662 0.703853955375
9673 0.705882352941
9701 0.707910750507
9710 0.709939148073
9721 0.711967545639
9733 0.713995943205
9774 0.716024340771
9816 0.718052738337
9843 0.720081135903
9845 0.722109533469
9876 0.724137931034
9903 0.7261663286
9917 0.728194726166
9935 0.730223123732
9955 0.732251521298
9970 0.734279918864
9992 0.73630831643
10106 0.740365111562
10106 0.740365111562
10115 0.742393509128
10140 0.744421906694
10142 0.74645030426
10235 0.748478701826
10280 0.750507099391
10302 0.752535496957
10305 0.754563894523
10306 0.756592292089
10338 0.758620689655
10413 0.760649087221
10473 0.762677484787
10490 0.764705882353
10544 0.766734279919
10599 0.768762677485
10635 0.772819472617
10635 0.772819472617
10813 0.774847870183
10862 0.776876267748
10918 0.778904665314
10929 0.78093306288
10941 0.782961460446
11033 0.784989858012
11035 0.787018255578
11045 0.789046653144
11080 0.79107505071
11138 0.793103448276
11157 0.795131845842
11272 0.797160243408
11342 0.799188640974
11443 0.80121703854
11481 0.803245436105
11488 0.805273833671
11534 0.807302231237
11594 0.809330628803
11608 0.811359026369
11610 0.813387423935
11669 0.815415821501
11752 0.817444219067
11755 0.819472616633
11850 0.821501014199
11874 0.823529411765
11914 0.825557809331
11984 0.827586206897
12067 0.829614604462
12234 0.831643002028
12275 0.833671399594
12319 0.83569979716
12407 0.837728194726
12562 0.839756592292
12589 0.841784989858
12689 0.843813387424
12716 0.84584178499
12770 0.847870182556
12807 0.849898580122
12855 0.851926977688
12907 0.853955375254
12908 0.855983772819
13100 0.858012170385
13211 0.860040567951
13225 0.862068965517
13236 0.864097363083
13294 0.866125760649
13394 0.868154158215
13460 0.870182555781
13621 0.872210953347
13623 0.874239350913
13629 0.876267748479
13857 0.878296146045
13869 0.880324543611
13883 0.882352941176
13968 0.884381338742
13990 0.886409736308
14106 0.888438133874
14197 0.89046653144
14210 0.892494929006
14325 0.894523326572
14329 0.896551724138
14334 0.898580121704
14409 0.90060851927
14416 0.902636916836
14795 0.904665314402
14812 0.906693711968
15083 0.908722109533
15092 0.910750507099
15148 0.912778904665
15299 0.914807302231
15318 0.916835699797
15428 0.918864097363
15434 0.920892494929
15604 0.922920892495
15913 0.924949290061
16092 0.926977687627
16098 0.929006085193
16108 0.931034482759
16204 0.933062880325
16317 0.93509127789
16354 0.937119675456
16385 0.939148073022
16424 0.941176470588
16789 0.943204868154
16966 0.94523326572
17108 0.947261663286
17141 0.949290060852
17162 0.951318458418
17306 0.953346855984
17462 0.95537525355
17595 0.957403651116
17647 0.959432048682
17769 0.961460446247
17795 0.963488843813
17820 0.965517241379
18044 0.967545638945
18470 0.969574036511
18484 0.971602434077
18790 0.973630831643
18948 0.975659229209
19524 0.977687626775
20488 0.979716024341
20963 0.981744421907
21293 0.983772819473
21809 0.985801217039
28342 0.987829614604
35240 0.98985801217
62789 0.991886409736
89415 0.993914807302
98971 0.995943204868
122505 0.997971602434
482571 1.0
