357 0.00202429149798
1295 0.00404858299595
1924 0.00607287449393
2091 0.0080971659919
2247 0.0101214574899
2290 0.0121457489879
2582 0.0141700404858
2909 0.0161943319838
3041 0.0182186234818
3116 0.0202429149798
3175 0.0222672064777
3341 0.0242914979757
3447 0.0263157894737
3482 0.0283400809717
3531 0.0303643724696
3668 0.0323886639676
3669 0.0344129554656
3826 0.0364372469636
3937 0.0384615384615
3984 0.0404858299595
4060 0.0425101214575
4109 0.0445344129555
4119 0.0465587044534
4213 0.0485829959514
4217 0.0506072874494
4234 0.0526315789474
4239 0.0546558704453
4263 0.0566801619433
4326 0.0587044534413
4341 0.0607287449393
4343 0.0627530364372
4414 0.0647773279352
4422 0.0668016194332
4452 0.0688259109312
4482 0.0708502024291
4502 0.0728744939271
4550 0.0748987854251
4597 0.0769230769231
4661 0.0789473684211
4711 0.080971659919
4744 0.082995951417
4897 0.085020242915
4923 0.087044534413
4948 0.0890688259109
4949 0.0910931174089
4976 0.0931174089069
4994 0.0951417004049
5063 0.0971659919028
5095 0.0991902834008
5112 0.101214574899
5181 0.103238866397
5207 0.105263157895
5252 0.107287449393
5275 0.109311740891
5276 0.111336032389
5320 0.113360323887
5323 0.115384615385
5332 0.117408906883
5380 0.119433198381
5428 0.121457489879
5448 0.123481781377
5496 0.125506072874
5510 0.127530364372
5523 0.12955465587
5530 0.131578947368
5598 0.133603238866
5610 0.137651821862
5610 0.137651821862
5622 0.13967611336
5647 0.141700404858
5801 0.143724696356
5810 0.145748987854
5892 0.147773279352
5943 0.14979757085
5997 0.151821862348
6012 0.153846153846
6013 0.155870445344
6026 0.157894736842
6051 0.15991902834
6073 0.161943319838
6077 0.163967611336
6087 0.165991902834
6110 0.168016194332
6132 0.17004048583
6133 0.172064777328
6134 0.174089068826
6178 0.176113360324
6183 0.178137651822
6227 0.18016194332
6281 0.182186234818
6283 0.184210526316
6303 0.186234817814
6309 0.188259109312
6312 0.19028340081
6326 0.192307692308
6333 0.194331983806
6363 0.196356275304
6379 0.198380566802
6402 0.2004048583
6403 0.202429149798
6419 0.204453441296
6423 0.206477732794
6425 0.208502024291
6436 0.210526315789
6439 0.212550607287
6445 0.214574898785
6449 0.216599190283
6454 0.218623481781
6457 0.220647773279
6495 0.222672064777
6515 0.224696356275
6544 0.226720647773
6548 0.228744939271
6560 0.230769230769
6593 0.232793522267
6596 0.234817813765
6599 0.236842105263
6604 0.238866396761
6610 0.240890688259
6623 0.242914979757
6624 0.244939271255
6661 0.246963562753
6728 0.248987854251
6731 0.251012145749
6767 0.253036437247
6772 0.255060728745
6812 0.257085020243
6816 0.259109311741
6833 0.261133603239
6866 0.263157894737
6934 0.265182186235
6973 0.267206477733
6985 0.269230769231
6988 0.271255060729
7034 0.273279352227
7042 0.275303643725
7058 0.277327935223
7106 0.281376518219
7106 0.281376518219
7107 0.283400809717
7111 0.285425101215
7231 0.287449392713
7234 0.289473684211
7252 0.291497975709
7257 0.293522267206
7293 0.295546558704
7299 0.297570850202
7318 0.2995951417
7319 0.301619433198
7332 0.303643724696
7345 0.305668016194
7353 0.307692307692
7413 0.30971659919
7456 0.311740890688
7486 0.313765182186
7494 0.315789473684
7623 0.317813765182
7629 0.31983805668
7639 0.321862348178
7649 0.323886639676
7652 0.325910931174
7664 0.327935222672
7682 0.32995951417
7773 0.334008097166
7773 0.334008097166
7792 0.336032388664
7829 0.338056680162
7899 0.34008097166
7915 0.342105263158
7918 0.344129554656
7930 0.346153846154
7932 0.348178137652
7949 0.352226720648
7949 0.352226720648
7963 0.354251012146
7977 0.356275303644
7982 0.358299595142
7986 0.36032388664
8034 0.362348178138
8043 0.364372469636
8089 0.366396761134
8115 0.368421052632
8128 0.37044534413
8130 0.372469635628
8137 0.374493927126
8145 0.376518218623
8151 0.378542510121
8158 0.380566801619
8167 0.382591093117
8194 0.384615384615
8201 0.386639676113
8232 0.388663967611
8291 0.390688259109
8302 0.392712550607
8325 0.394736842105
8399 0.396761133603
8414 0.398785425101
8422 0.400809716599
8434 0.402834008097
8441 0.404858299595
8450 0.406882591093
8467 0.408906882591
8471 0.410931174089
8480 0.412955465587
8509 0.414979757085
8556 0.417004048583
8581 0.419028340081
8589 0.421052631579
8613 0.423076923077
8634 0.425101214575
8652 0.427125506073
8692 0.429149797571
8721 0.431174089069
8754 0.433198380567
8756 0.435222672065
8772 0.437246963563
8793 0.439271255061
8839 0.441295546559
8842 0.443319838057
8857 0.445344129555
8878 0.447368421053
8896 0.449392712551
8907 0.451417004049
8934 0.453441295547
8942 0.455465587045
8944 0.457489878543
8953 0.45951417004
9002 0.461538461538
9008 0.463562753036
9023 0.465587044534
9025 0.467611336032
9040 0.46963562753
9049 0.471659919028
9072 0.473684210526
9074 0.475708502024
9112 0.477732793522
9146 0.47975708502
9148 0.481781376518
9231 0.483805668016
9246 0.485829959514
9253 0.487854251012
9269 0.48987854251
9370 0.491902834008
9375 0.493927125506
9382 0.495951417004
9425 0.497975708502
9441 0.5
9476 0.502024291498
9484 0.504048582996
9562 0.506072874494
9588 0.508097165992
9590 0.51012145749
9608 0.512145748988
9615 0.514170040486
9628 0.516194331984
9654 0.518218623482
9668 0.52024291498
9685 0.522267206478
9698 0.524291497976
9699 0.526315789474
9703 0.528340080972
9717 0.53036437247
9724 0.534412955466
9724 0.534412955466
9728 0.536437246964
9746 0.538461538462
9763 0.54048582996
9802 0.542510121457
9823 0.544534412955
9861 0.546558704453
9919 0.548582995951
9954 0.550607287449
9986 0.552631578947
9988 0.554655870445
10028 0.556680161943
10087 0.558704453441
10102 0.560728744939
10106 0.562753036437
10136 0.564777327935
10142 0.566801619433
10145 0.568825910931
10146 0.570850202429
10151 0.572874493927
10158 0.574898785425
10213 0.576923076923
10219 0.578947368421
10247 0.580971659919
10261 0.582995951417
10266 0.585020242915
10291 0.587044534413
10308 0.589068825911
10314 0.591093117409
10315 0.593117408907
10319 0.595141700405
10355 0.597165991903
10394 0.599190283401
10400 0.601214574899
10426 0.603238866397
10437 0.605263157895
10447 0.607287449393
10451 0.609311740891
10463 0.611336032389
10495 0.613360323887
10556 0.615384615385
10567 0.617408906883
10628 0.619433198381
10666 0.621457489879
10676 0.623481781377
10688 0.625506072874
10739 0.627530364372
10751 0.62955465587
10779 0.631578947368
10787 0.633603238866
10798 0.635627530364
10836 0.637651821862
10859 0.63967611336
10874 0.641700404858
10882 0.645748987854
10882 0.645748987854
10884 0.647773279352
10945 0.64979757085
10958 0.651821862348
10964 0.653846153846
10989 0.655870445344
11041 0.657894736842
11056 0.65991902834
11071 0.661943319838
11094 0.663967611336
11118 0.665991902834
11229 0.668016194332
11231 0.67004048583
11260 0.672064777328
11353 0.674089068826
11411 0.676113360324
11444 0.678137651822
11449 0.68016194332
11467 0.682186234818
11597 0.684210526316
11605 0.686234817814
11610 0.688259109312
11620 0.69028340081
11622 0.692307692308
11624 0.694331983806
11629 0.696356275304
11656 0.698380566802
11839 0.7004048583
11855 0.702429149798
11870 0.704453441296
11916 0.706477732794
11929 0.708502024291
11967 0.710526315789
11998 0.712550607287
12139 0.714574898785
12168 0.716599190283
12196 0.718623481781
12269 0.720647773279
12315 0.722672064777
12349 0.724696356275
12366 0.726720647773
12369 0.728744939271
12394 0.730769230769
12402 0.732793522267
12489 0.734817813765
12511 0.738866396761
12511 0.738866396761
12529 0.740890688259
12532 0.742914979757
12535 0.744939271255
12570 0.746963562753
12588 0.748987854251
12639 0.751012145749
12681 0.753036437247
12694 0.755060728745
12713 0.757085020243
12825 0.759109311741
12900 0.761133603239
12902 0.763157894737
12907 0.765182186235
12921 0.767206477733
13440 0.769230769231
13451 0.771255060729
13512 0.773279352227
13665 0.775303643725
13713 0.777327935223
13725 0.779352226721
13848 0.781376518219
13906 0.783400809717
14031 0.785425101215
14037 0.787449392713
14120 0.789473684211
14124 0.791497975709
14141 0.793522267206
14192 0.795546558704
14256 0.797570850202
14271 0.7995951417
14392 0.801619433198
14482 0.803643724696
14491 0.805668016194
14580 0.807692307692
14684 0.80971659919
14716 0.811740890688
14738 0.813765182186
14758 0.815789473684
14874 0.817813765182
14918 0.81983805668
14970 0.821862348178
15247 0.823886639676
15294 0.825910931174
15351 0.827935222672
15371 0.82995951417
15439 0.831983805668
15462 0.834008097166
15580 0.836032388664
15647 0.838056680162
15701 0.84008097166
15715 0.842105263158
15795 0.844129554656
15822 0.846153846154
15882 0.848178137652
15950 0.85020242915
15995 0.852226720648
16089 0.854251012146
16230 0.856275303644
16249 0.858299595142
16309 0.86032388664
16362 0.862348178138
16616 0.864372469636
16686 0.866396761134
16723 0.868421052632
16726 0.87044534413
16899 0.872469635628
17041 0.874493927126
17227 0.876518218623
17253 0.878542510121
17419 0.880566801619
17594 0.882591093117
17949 0.884615384615
17961 0.886639676113
18026 0.888663967611
18057 0.890688259109
18196 0.892712550607
18259 0.894736842105
18400 0.896761133603
18646 0.898785425101
18723 0.900809716599
19015 0.902834008097
19038 0.904858299595
19051 0.906882591093
19082 0.908906882591
19092 0.910931174089
19195 0.912955465587
19208 0.914979757085
19338 0.917004048583
19412 0.919028340081
19457 0.921052631579
19567 0.923076923077
19631 0.925101214575
19786 0.927125506073
19815 0.929149797571
19871 0.931174089069
19903 0.933198380567
20515 0.935222672065
20517 0.937246963563
20540 0.939271255061
20857 0.941295546559
21021 0.943319838057
21039 0.945344129555
21126 0.947368421053
21654 0.949392712551
21685 0.951417004049
21730 0.953441295547
21894 0.955465587045
22022 0.957489878543
22173 0.95951417004
22417 0.961538461538
22505 0.963562753036
23528 0.965587044534
24160 0.967611336032
24749 0.96963562753
25491 0.971659919028
25783 0.973684210526
25890 0.975708502024
25978 0.977732793522
27016 0.97975708502
29263 0.981781376518
29819 0.983805668016
33525 0.985829959514
35295 0.987854251012
36877 0.98987854251
74490 0.991902834008
76552 0.993927125506
89140 0.995951417004
126758 0.997975708502
412964 1.0
