141 0.00202839756592
564 0.00405679513185
623 0.00608519269777
1613 0.00811359026369
1676 0.0101419878296
1839 0.0121703853955
1935 0.0141987829615
2155 0.0162271805274
2447 0.0182555780933
2493 0.0202839756592
2587 0.0223123732252
2686 0.0243407707911
2975 0.026369168357
3109 0.0283975659229
3217 0.0304259634888
3241 0.0324543610548
3356 0.0344827586207
3730 0.0365111561866
3769 0.0385395537525
3772 0.0405679513185
3858 0.0425963488844
3897 0.0446247464503
3900 0.0466531440162
4038 0.0486815415822
4170 0.0507099391481
4195 0.052738336714
4318 0.0547667342799
4359 0.0567951318458
4363 0.0588235294118
4400 0.0608519269777
4588 0.0628803245436
4748 0.0649087221095
4777 0.0669371196755
4840 0.0689655172414
4986 0.0709939148073
5030 0.0730223123732
5042 0.0750507099391
5102 0.0770791075051
5537 0.079107505071
5559 0.0811359026369
5564 0.0831643002028
5580 0.0851926977688
6003 0.0872210953347
6131 0.0892494929006
6174 0.0912778904665
6223 0.0933062880325
6263 0.0953346855984
6281 0.0973630831643
6410 0.0993914807302
6450 0.101419878296
6468 0.103448275862
6543 0.105476673428
6575 0.107505070994
6590 0.10953346856
6608 0.111561866126
6741 0.113590263692
6775 0.115618661258
6809 0.117647058824
6860 0.119675456389
6879 0.121703853955
6968 0.123732251521
6981 0.125760649087
7039 0.127789046653
7076 0.129817444219
7123 0.131845841785
7178 0.133874239351
7328 0.135902636917
7513 0.137931034483
7543 0.139959432049
7565 0.141987829615
7571 0.146044624746
7571 0.146044624746
7576 0.148073022312
7618 0.150101419878
7683 0.152129817444
7705 0.15415821501
7732 0.156186612576
7790 0.158215010142
7979 0.160243407708
8053 0.162271805274
8198 0.16430020284
8300 0.166328600406
8356 0.168356997972
8437 0.170385395538
8451 0.172413793103
8498 0.174442190669
8524 0.176470588235
8590 0.178498985801
8629 0.180527383367
8643 0.182555780933
8691 0.184584178499
8786 0.186612576065
8819 0.188640973631
8868 0.190669371197
8898 0.192697768763
8904 0.194726166329
9024 0.196754563895
9027 0.19878296146
9136 0.200811359026
9150 0.202839756592
9168 0.204868154158
9184 0.206896551724
9190 0.20892494929
9258 0.210953346856
9303 0.212981744422
9364 0.215010141988
9406 0.217038539554
9438 0.21906693712
9448 0.221095334686
9528 0.223123732252
9631 0.225152129817
9704 0.227180527383
9794 0.229208924949
9859 0.231237322515
9984 0.233265720081
10034 0.235294117647
10035 0.237322515213
10065 0.239350912779
10100 0.241379310345
10117 0.243407707911
10120 0.245436105477
10191 0.247464503043
10216 0.249492900609
10249 0.251521298174
10388 0.25354969574
10463 0.255578093306
10617 0.257606490872
10656 0.259634888438
10685 0.261663286004
10706 0.26369168357
10798 0.265720081136
10806 0.267748478702
10838 0.269776876268
10890 0.271805273834
10904 0.2738336714
11040 0.275862068966
11064 0.277890466531
11088 0.279918864097
11110 0.281947261663
11176 0.283975659229
11181 0.286004056795
11186 0.288032454361
11198 0.290060851927
11209 0.292089249493
11225 0.294117647059
11302 0.296146044625
11324 0.298174442191
11345 0.300202839757
11361 0.302231237323
11366 0.304259634888
11449 0.306288032454
11540 0.30831643002
11542 0.310344827586
11707 0.312373225152
11721 0.314401622718
11740 0.316430020284
11755 0.31845841785
11955 0.320486815416
12032 0.322515212982
12082 0.324543610548
12152 0.326572008114
12206 0.32860040568
12308 0.330628803245
12366 0.332657200811
12481 0.334685598377
12657 0.336713995943
12719 0.338742393509
12734 0.340770791075
12806 0.342799188641
12945 0.344827586207
12949 0.346855983773
13012 0.348884381339
13062 0.350912778905
13108 0.352941176471
13132 0.354969574037
13278 0.356997971602
13286 0.359026369168
13320 0.361054766734
13375 0.3630831643
13427 0.365111561866
13669 0.367139959432
13692 0.369168356998
13748 0.371196754564
13765 0.37322515213
13797 0.375253549696
13859 0.377281947262
13901 0.379310344828
13980 0.381338742394
14094 0.383367139959
14135 0.385395537525
14170 0.387423935091
14225 0.389452332657
14392 0.391480730223
14456 0.393509127789
14567 0.395537525355
14583 0.397565922921
14617 0.399594320487
14653 0.401622718053
14657 0.403651115619
14752 0.405679513185
14764 0.407707910751
14775 0.411764705882
14775 0.411764705882
14848 0.413793103448
15041 0.415821501014
15073 0.41784989858
15223 0.419878296146
15288 0.421906693712
15295 0.423935091278
15296 0.425963488844
15463 0.42799188641
15505 0.430020283976
15510 0.432048681542
15618 0.434077079108
15639 0.436105476673
15676 0.438133874239
15725 0.440162271805
15761 0.442190669371
15777 0.444219066937
15799 0.446247464503
15837 0.448275862069
15892 0.450304259635
15931 0.452332657201
16129 0.454361054767
16161 0.456389452333
16181 0.458417849899
16284 0.460446247465
16367 0.46247464503
16403 0.464503042596
16475 0.466531440162
16556 0.468559837728
16620 0.470588235294
16681 0.47261663286
16732 0.474645030426
16762 0.476673427992
16829 0.478701825558
16950 0.480730223124
17009 0.48275862069
17153 0.484787018256
17193 0.486815415822
17341 0.488843813387
17362 0.490872210953
17414 0.492900608519
17425 0.494929006085
17435 0.496957403651
17500 0.498985801217
17508 0.501014198783
17516 0.503042596349
17561 0.505070993915
17575 0.507099391481
17591 0.509127789047
17635 0.511156186613
17641 0.513184584178
17724 0.515212981744
17745 0.51724137931
17872 0.519269776876
17996 0.521298174442
18034 0.523326572008
18096 0.525354969574
18114 0.52738336714
18183 0.529411764706
18256 0.531440162272
18295 0.533468559838
18335 0.535496957404
18527 0.539553752535
18527 0.539553752535
18535 0.541582150101
18536 0.543610547667
18611 0.545638945233
18727 0.547667342799
18766 0.549695740365
18768 0.551724137931
18773 0.553752535497
18849 0.555780933063
18881 0.557809330629
18920 0.559837728195
18940 0.561866125761
19165 0.563894523327
19224 0.565922920892
19322 0.567951318458
19345 0.569979716024
19411 0.57200811359
19429 0.574036511156
19516 0.576064908722
19848 0.578093306288
19920 0.580121703854
19961 0.58215010142
20086 0.584178498986
20179 0.586206896552
20334 0.588235294118
20389 0.590263691684
20397 0.592292089249
20406 0.594320486815
20445 0.596348884381
20547 0.598377281947
20559 0.600405679513
20565 0.602434077079
20584 0.604462474645
20597 0.606490872211
20637 0.608519269777
20680 0.610547667343
20759 0.612576064909
20835 0.614604462475
20849 0.616632860041
21053 0.618661257606
21082 0.620689655172
21159 0.622718052738
21258 0.624746450304
21260 0.62677484787
21266 0.628803245436
21285 0.630831643002
21518 0.632860040568
21555 0.634888438134
21590 0.6369168357
21608 0.638945233266
21622 0.640973630832
21637 0.643002028398
21731 0.645030425963
21732 0.647058823529
21794 0.649087221095
21874 0.651115618661
22245 0.653144016227
22266 0.655172413793
22314 0.657200811359
22326 0.659229208925
22385 0.661257606491
22497 0.663286004057
22823 0.665314401623
22836 0.667342799189
22851 0.669371196755
22910 0.67139959432
22947 0.673427991886
23004 0.675456389452
23012 0.677484787018
23087 0.679513184584
23093 0.68154158215
23137 0.683569979716
23282 0.685598377282
23294 0.687626774848
23527 0.689655172414
23553 0.69168356998
23567 0.693711967546
23695 0.695740365112
23743 0.697768762677
23771 0.699797160243
23798 0.701825557809
23873 0.703853955375
23927 0.705882352941
23940 0.707910750507
23949 0.709939148073
23995 0.711967545639
24623 0.713995943205
24650 0.716024340771
24696 0.718052738337
24799 0.720081135903
24989 0.722109533469
24991 0.724137931034
25050 0.7261663286
25126 0.728194726166
25372 0.730223123732
25375 0.732251521298
25521 0.734279918864
25648 0.73630831643
25712 0.738336713996
25778 0.740365111562
25862 0.742393509128
25894 0.744421906694
25902 0.74645030426
25910 0.748478701826
26160 0.750507099391
26213 0.752535496957
26228 0.754563894523
26607 0.756592292089
26613 0.758620689655
26749 0.760649087221
26947 0.762677484787
27057 0.764705882353
27072 0.766734279919
27108 0.768762677485
27205 0.770791075051
27264 0.772819472617
27320 0.774847870183
27327 0.776876267748
27556 0.778904665314
27823 0.78093306288
27835 0.782961460446
27879 0.784989858012
27949 0.787018255578
28004 0.789046653144
28040 0.79107505071
28099 0.793103448276
28581 0.795131845842
28587 0.797160243408
28759 0.799188640974
28886 0.80121703854
28929 0.803245436105
29362 0.805273833671
29555 0.807302231237
29653 0.809330628803
29677 0.811359026369
29725 0.813387423935
29771 0.815415821501
29822 0.817444219067
29862 0.819472616633
30111 0.821501014199
30147 0.823529411765
30175 0.825557809331
30761 0.827586206897
30809 0.829614604462
30852 0.831643002028
31297 0.833671399594
31502 0.83569979716
31635 0.837728194726
31661 0.839756592292
31695 0.841784989858
32729 0.843813387424
32778 0.84584178499
33108 0.847870182556
33244 0.849898580122
33572 0.851926977688
33619 0.853955375254
33640 0.855983772819
33667 0.858012170385
34121 0.860040567951
34161 0.862068965517
34350 0.864097363083
34668 0.866125760649
34975 0.868154158215
35474 0.870182555781
35548 0.872210953347
35665 0.874239350913
36083 0.876267748479
36901 0.878296146045
37184 0.880324543611
37217 0.882352941176
37660 0.884381338742
37962 0.886409736308
37986 0.888438133874
38529 0.89046653144
38536 0.892494929006
38651 0.894523326572
39585 0.896551724138
39625 0.898580121704
39741 0.90060851927
39823 0.902636916836
40230 0.904665314402
40555 0.906693711968
40743 0.908722109533
40971 0.910750507099
44703 0.912778904665
46288 0.914807302231
46837 0.916835699797
47674 0.918864097363
49446 0.920892494929
49990 0.922920892495
52090 0.924949290061
53148 0.926977687627
53496 0.929006085193
55212 0.931034482759
59445 0.933062880325
60352 0.93509127789
60449 0.937119675456
61318 0.939148073022
61721 0.941176470588
65000 0.943204868154
65878 0.94523326572
66160 0.947261663286
66334 0.949290060852
67836 0.951318458418
67869 0.953346855984
68354 0.95537525355
68490 0.957403651116
68682 0.959432048682
69101 0.961460446247
69638 0.963488843813
70207 0.965517241379
73266 0.967545638945
74682 0.969574036511
75916 0.971602434077
76196 0.973630831643
80435 0.975659229209
91931 0.977687626775
92237 0.979716024341
99702 0.981744421907
100289 0.983772819473
104009 0.985801217039
105914 0.987829614604
115662 0.98985801217
123595 0.991886409736
130046 0.993914807302
143511 0.995943204868
145910 0.997971602434
450602 1.0
