45 0.00202429149798
1041 0.00404858299595
1687 0.00607287449393
1724 0.0080971659919
1846 0.0101214574899
1909 0.0121457489879
2239 0.0141700404858
2365 0.0161943319838
2420 0.0182186234818
2450 0.0202429149798
2621 0.0222672064777
2671 0.0242914979757
2720 0.0263157894737
2789 0.0283400809717
2806 0.0303643724696
2879 0.0323886639676
2917 0.0344129554656
2957 0.0364372469636
3048 0.0384615384615
3177 0.0404858299595
3219 0.0425101214575
3243 0.0445344129555
3287 0.0465587044534
3313 0.0485829959514
3318 0.0506072874494
3355 0.0526315789474
3395 0.0546558704453
3422 0.0566801619433
3440 0.0587044534413
3511 0.0607287449393
3568 0.0627530364372
3616 0.0647773279352
3674 0.0668016194332
3694 0.0688259109312
3704 0.0708502024291
3736 0.0728744939271
3738 0.0748987854251
3760 0.0769230769231
3831 0.0789473684211
3905 0.080971659919
3958 0.082995951417
4028 0.085020242915
4040 0.087044534413
4063 0.0890688259109
4103 0.0910931174089
4113 0.0931174089069
4129 0.0951417004049
4134 0.0971659919028
4137 0.0991902834008
4167 0.101214574899
4176 0.103238866397
4222 0.105263157895
4236 0.107287449393
4265 0.109311740891
4286 0.111336032389
4314 0.113360323887
4319 0.115384615385
4333 0.117408906883
4334 0.119433198381
4355 0.121457489879
4391 0.123481781377
4425 0.125506072874
4427 0.127530364372
4528 0.12955465587
4551 0.131578947368
4557 0.133603238866
4582 0.135627530364
4601 0.137651821862
4608 0.13967611336
4662 0.141700404858
4701 0.143724696356
4724 0.145748987854
4725 0.147773279352
4731 0.14979757085
4746 0.151821862348
4761 0.153846153846
4778 0.155870445344
4785 0.157894736842
4792 0.15991902834
4818 0.161943319838
4852 0.163967611336
4855 0.165991902834
4859 0.168016194332
4881 0.17004048583
4920 0.172064777328
4936 0.176113360324
4936 0.176113360324
4944 0.178137651822
4957 0.18016194332
4972 0.182186234818
4985 0.184210526316
4992 0.186234817814
5001 0.188259109312
5007 0.19028340081
5011 0.192307692308
5038 0.194331983806
5062 0.196356275304
5073 0.198380566802
5098 0.2004048583
5110 0.202429149798
5112 0.204453441296
5120 0.206477732794
5122 0.208502024291
5126 0.210526315789
5139 0.212550607287
5143 0.214574898785
5144 0.216599190283
5151 0.218623481781
5158 0.220647773279
5172 0.222672064777
5186 0.224696356275
5187 0.226720647773
5213 0.228744939271
5221 0.230769230769
5226 0.232793522267
5239 0.234817813765
5244 0.236842105263
5270 0.238866396761
5284 0.240890688259
5291 0.242914979757
5292 0.244939271255
5302 0.248987854251
5302 0.248987854251
5317 0.251012145749
5351 0.253036437247
5362 0.255060728745
5368 0.257085020243
5413 0.259109311741
5428 0.261133603239
5463 0.263157894737
5476 0.265182186235
5535 0.267206477733
5542 0.269230769231
5549 0.271255060729
5553 0.273279352227
5555 0.275303643725
5575 0.277327935223
5597 0.279352226721
5626 0.281376518219
5657 0.283400809717
5679 0.285425101215
5687 0.287449392713
5690 0.289473684211
5762 0.291497975709
5773 0.293522267206
5794 0.295546558704
5808 0.297570850202
5846 0.2995951417
5850 0.301619433198
5860 0.303643724696
5871 0.305668016194
5877 0.30971659919
5877 0.30971659919
5908 0.311740890688
5923 0.313765182186
5947 0.315789473684
5948 0.317813765182
5957 0.31983805668
5968 0.321862348178
5985 0.323886639676
6003 0.325910931174
6056 0.327935222672
6059 0.32995951417
6090 0.331983805668
6104 0.334008097166
6106 0.336032388664
6133 0.338056680162
6145 0.34008097166
6153 0.342105263158
6181 0.344129554656
6207 0.346153846154
6224 0.348178137652
6231 0.35020242915
6253 0.352226720648
6322 0.354251012146
6336 0.356275303644
6343 0.358299595142
6367 0.36032388664
6376 0.362348178138
6391 0.364372469636
6417 0.366396761134
6478 0.368421052632
6479 0.37044534413
6488 0.372469635628
6489 0.374493927126
6499 0.376518218623
6503 0.378542510121
6510 0.380566801619
6511 0.382591093117
6545 0.384615384615
6570 0.386639676113
6575 0.388663967611
6627 0.390688259109
6629 0.394736842105
6629 0.394736842105
6635 0.396761133603
6668 0.398785425101
6673 0.400809716599
6695 0.402834008097
6696 0.404858299595
6711 0.406882591093
6726 0.408906882591
6738 0.410931174089
6754 0.412955465587
6769 0.414979757085
6817 0.417004048583
6834 0.419028340081
6837 0.421052631579
6846 0.423076923077
6848 0.425101214575
6852 0.427125506073
6856 0.429149797571
6870 0.431174089069
6874 0.433198380567
6875 0.435222672065
6878 0.437246963563
6887 0.439271255061
7027 0.441295546559
7065 0.443319838057
7102 0.445344129555
7105 0.447368421053
7114 0.449392712551
7127 0.451417004049
7139 0.453441295547
7159 0.455465587045
7165 0.457489878543
7189 0.45951417004
7191 0.461538461538
7203 0.463562753036
7205 0.465587044534
7211 0.467611336032
7220 0.46963562753
7227 0.471659919028
7249 0.473684210526
7260 0.475708502024
7272 0.477732793522
7273 0.47975708502
7276 0.481781376518
7287 0.485829959514
7287 0.485829959514
7288 0.487854251012
7310 0.48987854251
7312 0.491902834008
7315 0.493927125506
7321 0.495951417004
7346 0.497975708502
7373 0.5
7375 0.502024291498
7390 0.504048582996
7442 0.506072874494
7490 0.508097165992
7491 0.51012145749
7509 0.512145748988
7521 0.514170040486
7582 0.516194331984
7596 0.518218623482
7599 0.52024291498
7600 0.522267206478
7615 0.524291497976
7617 0.526315789474
7649 0.528340080972
7655 0.53036437247
7665 0.532388663968
7704 0.534412955466
7721 0.536437246964
7736 0.538461538462
7746 0.54048582996
7761 0.542510121457
7763 0.544534412955
7789 0.546558704453
7811 0.548582995951
7847 0.550607287449
7877 0.552631578947
7906 0.554655870445
7908 0.556680161943
7921 0.558704453441
7939 0.560728744939
7952 0.562753036437
7962 0.564777327935
7971 0.566801619433
7994 0.568825910931
7995 0.570850202429
8005 0.572874493927
8027 0.574898785425
8040 0.576923076923
8042 0.578947368421
8048 0.580971659919
8068 0.582995951417
8101 0.585020242915
8124 0.587044534413
8130 0.589068825911
8159 0.591093117409
8180 0.593117408907
8194 0.595141700405
8202 0.597165991903
8205 0.599190283401
8208 0.601214574899
8238 0.603238866397
8243 0.605263157895
8282 0.607287449393
8348 0.609311740891
8371 0.611336032389
8446 0.613360323887
8450 0.615384615385
8469 0.617408906883
8481 0.619433198381
8506 0.621457489879
8537 0.623481781377
8548 0.625506072874
8593 0.627530364372
8604 0.62955465587
8617 0.631578947368
8676 0.633603238866
8705 0.635627530364
8736 0.637651821862
8762 0.63967611336
8790 0.641700404858
8800 0.643724696356
8805 0.645748987854
8809 0.647773279352
8813 0.64979757085
8904 0.651821862348
8957 0.653846153846
8968 0.655870445344
8981 0.657894736842
8992 0.65991902834
9023 0.661943319838
9029 0.663967611336
9034 0.665991902834
9037 0.668016194332
9063 0.67004048583
9134 0.672064777328
9147 0.674089068826
9177 0.676113360324
9202 0.678137651822
9204 0.68016194332
9221 0.682186234818
9227 0.684210526316
9259 0.686234817814
9299 0.688259109312
9308 0.69028340081
9360 0.692307692308
9368 0.694331983806
9370 0.696356275304
9374 0.698380566802
9394 0.7004048583
9504 0.702429149798
9506 0.704453441296
9562 0.706477732794
9566 0.708502024291
9572 0.710526315789
9583 0.712550607287
9593 0.714574898785
9718 0.716599190283
9725 0.718623481781
9765 0.720647773279
9876 0.722672064777
9878 0.724696356275
9899 0.726720647773
9919 0.728744939271
9924 0.730769230769
9940 0.732793522267
9975 0.734817813765
9988 0.736842105263
10016 0.738866396761
10103 0.740890688259
10122 0.742914979757
10139 0.744939271255
10170 0.746963562753
10187 0.748987854251
10298 0.751012145749
10343 0.753036437247
10350 0.755060728745
10363 0.757085020243
10461 0.759109311741
10489 0.761133603239
10500 0.763157894737
10579 0.765182186235
10601 0.767206477733
10605 0.769230769231
10720 0.771255060729
10730 0.773279352227
10771 0.775303643725
10819 0.777327935223
10821 0.779352226721
10855 0.781376518219
11021 0.783400809717
11033 0.785425101215
11089 0.787449392713
11190 0.789473684211
11223 0.791497975709
11270 0.793522267206
11300 0.795546558704
11322 0.797570850202
11323 0.7995951417
11366 0.801619433198
11443 0.803643724696
11465 0.805668016194
11487 0.807692307692
11525 0.80971659919
11688 0.811740890688
11733 0.813765182186
11801 0.815789473684
11827 0.817813765182
11877 0.81983805668
11882 0.821862348178
11885 0.823886639676
11958 0.825910931174
11962 0.827935222672
12008 0.82995951417
12017 0.831983805668
12019 0.834008097166
12108 0.836032388664
12112 0.838056680162
12221 0.84008097166
12281 0.842105263158
12336 0.844129554656
12502 0.846153846154
12562 0.848178137652
12611 0.85020242915
12619 0.852226720648
12645 0.854251012146
12691 0.856275303644
12759 0.858299595142
12763 0.86032388664
12982 0.862348178138
13055 0.864372469636
13064 0.866396761134
13083 0.868421052632
13096 0.87044534413
13124 0.872469635628
13165 0.874493927126
13320 0.876518218623
13333 0.878542510121
13358 0.880566801619
13368 0.882591093117
13446 0.884615384615
13475 0.886639676113
13557 0.888663967611
13569 0.890688259109
13579 0.892712550607
13588 0.894736842105
13683 0.896761133603
13696 0.898785425101
13872 0.900809716599
14037 0.902834008097
14319 0.904858299595
14616 0.906882591093
14625 0.908906882591
14819 0.910931174089
14856 0.912955465587
14909 0.914979757085
14939 0.917004048583
14988 0.919028340081
15068 0.921052631579
15409 0.923076923077
15455 0.925101214575
15467 0.927125506073
15506 0.929149797571
15509 0.931174089069
15600 0.933198380567
15660 0.935222672065
15672 0.937246963563
15699 0.939271255061
15890 0.941295546559
16014 0.943319838057
16020 0.945344129555
16214 0.947368421053
16398 0.949392712551
16463 0.951417004049
16938 0.953441295547
17145 0.955465587045
17338 0.957489878543
17344 0.95951417004
17518 0.961538461538
17825 0.963562753036
18305 0.965587044534
18391 0.967611336032
18577 0.96963562753
18800 0.971659919028
18957 0.973684210526
19211 0.975708502024
20214 0.977732793522
20847 0.97975708502
21421 0.981781376518
21443 0.983805668016
21959 0.985829959514
22949 0.987854251012
23989 0.98987854251
27859 0.991902834008
73794 0.993927125506
86337 0.995951417004
128184 0.997975708502
429231 1.0
