37 0.00202429149798
480 0.00404858299595
670 0.00607287449393
747 0.0080971659919
814 0.0101214574899
830 0.0121457489879
882 0.0141700404858
1022 0.0161943319838
1170 0.0182186234818
1304 0.0202429149798
1308 0.0222672064777
1394 0.0242914979757
1548 0.0263157894737
1595 0.0283400809717
1636 0.0303643724696
1756 0.0323886639676
1774 0.0344129554656
1803 0.0364372469636
1893 0.0384615384615
1935 0.0404858299595
1990 0.0425101214575
2035 0.0445344129555
2060 0.0465587044534
2208 0.0485829959514
2345 0.0506072874494
2365 0.0526315789474
2544 0.0546558704453
2636 0.0566801619433
2800 0.0587044534413
2852 0.0607287449393
2946 0.0627530364372
2972 0.0647773279352
3049 0.0668016194332
3157 0.0688259109312
3189 0.0708502024291
3285 0.0728744939271
3351 0.0748987854251
3438 0.0769230769231
3441 0.0789473684211
3451 0.080971659919
3503 0.082995951417
3692 0.085020242915
3718 0.087044534413
3770 0.0890688259109
3785 0.0910931174089
3818 0.0931174089069
3839 0.0951417004049
3849 0.0971659919028
3854 0.0991902834008
3900 0.101214574899
3907 0.103238866397
3908 0.105263157895
3958 0.107287449393
4094 0.109311740891
4114 0.111336032389
4276 0.113360323887
4678 0.115384615385
4683 0.117408906883
4712 0.119433198381
4857 0.121457489879
4861 0.123481781377
4875 0.125506072874
4909 0.127530364372
4957 0.12955465587
4959 0.131578947368
5043 0.133603238866
5149 0.135627530364
5305 0.137651821862
5316 0.13967611336
5325 0.143724696356
5325 0.143724696356
5328 0.145748987854
5380 0.147773279352
5403 0.14979757085
5416 0.151821862348
5455 0.153846153846
5517 0.155870445344
5520 0.157894736842
5580 0.15991902834
5675 0.161943319838
5742 0.163967611336
5769 0.165991902834
5783 0.168016194332
5836 0.17004048583
5839 0.172064777328
5926 0.174089068826
5965 0.176113360324
5990 0.178137651822
6079 0.18016194332
6145 0.182186234818
6147 0.184210526316
6176 0.186234817814
6239 0.188259109312
6297 0.19028340081
6305 0.192307692308
6331 0.194331983806
6383 0.196356275304
6400 0.198380566802
6404 0.2004048583
6412 0.202429149798
6443 0.204453441296
6539 0.206477732794
6551 0.208502024291
6631 0.210526315789
6665 0.212550607287
6666 0.214574898785
6772 0.216599190283
6799 0.218623481781
6813 0.220647773279
6897 0.222672064777
6920 0.224696356275
6939 0.226720647773
6954 0.228744939271
6962 0.230769230769
6990 0.232793522267
7003 0.234817813765
7016 0.236842105263
7156 0.238866396761
7305 0.240890688259
7336 0.242914979757
7357 0.244939271255
7441 0.246963562753
7470 0.248987854251
7521 0.251012145749
7711 0.253036437247
7737 0.255060728745
7819 0.257085020243
7837 0.259109311741
7910 0.261133603239
7933 0.263157894737
7946 0.265182186235
7951 0.267206477733
8019 0.269230769231
8062 0.271255060729
8078 0.273279352227
8115 0.275303643725
8235 0.277327935223
8299 0.279352226721
8385 0.281376518219
8409 0.283400809717
8410 0.285425101215
8512 0.287449392713
8513 0.289473684211
8531 0.291497975709
8537 0.293522267206
8553 0.295546558704
8588 0.297570850202
8751 0.2995951417
8775 0.301619433198
8776 0.303643724696
8794 0.305668016194
8833 0.307692307692
8839 0.30971659919
8908 0.311740890688
8938 0.313765182186
9124 0.315789473684
9133 0.317813765182
9145 0.31983805668
9156 0.321862348178
9191 0.323886639676
9229 0.325910931174
9268 0.327935222672
9348 0.32995951417
9368 0.331983805668
9420 0.334008097166
9439 0.336032388664
9571 0.338056680162
9669 0.34008097166
9796 0.342105263158
9809 0.344129554656
9810 0.346153846154
9908 0.348178137652
9981 0.35020242915
10034 0.352226720648
10068 0.354251012146
10123 0.356275303644
10197 0.358299595142
10275 0.36032388664
10542 0.362348178138
10555 0.364372469636
10636 0.366396761134
10662 0.368421052632
10693 0.37044534413
10733 0.372469635628
10741 0.374493927126
10766 0.376518218623
10797 0.378542510121
10863 0.380566801619
10869 0.382591093117
10926 0.384615384615
10935 0.386639676113
10979 0.388663967611
11059 0.390688259109
11066 0.392712550607
11071 0.394736842105
11081 0.396761133603
11086 0.398785425101
11169 0.400809716599
11182 0.402834008097
11203 0.404858299595
11225 0.406882591093
11227 0.408906882591
11232 0.410931174089
11268 0.412955465587
11323 0.414979757085
11381 0.417004048583
11393 0.419028340081
11402 0.421052631579
11470 0.423076923077
11479 0.425101214575
11743 0.427125506073
11865 0.429149797571
11880 0.431174089069
11933 0.433198380567
12054 0.435222672065
12059 0.437246963563
12124 0.439271255061
12156 0.441295546559
12286 0.443319838057
12311 0.445344129555
12371 0.447368421053
12431 0.449392712551
12497 0.451417004049
12525 0.453441295547
12613 0.455465587045
12637 0.457489878543
12661 0.45951417004
12712 0.461538461538
12715 0.463562753036
12717 0.465587044534
12749 0.467611336032
12829 0.46963562753
12839 0.471659919028
12853 0.473684210526
12868 0.475708502024
12895 0.477732793522
12965 0.47975708502
13150 0.481781376518
13363 0.483805668016
13375 0.485829959514
13644 0.487854251012
13739 0.48987854251
13750 0.491902834008
13837 0.493927125506
13840 0.495951417004
13850 0.497975708502
13859 0.5
13918 0.502024291498
13946 0.504048582996
13950 0.506072874494
13961 0.508097165992
14169 0.51012145749
14218 0.512145748988
14236 0.514170040486
14276 0.516194331984
14305 0.518218623482
14324 0.52024291498
14545 0.522267206478
14592 0.524291497976
14598 0.526315789474
14622 0.528340080972
14700 0.53036437247
14812 0.532388663968
14821 0.534412955466
14841 0.536437246964
14898 0.538461538462
14936 0.54048582996
15228 0.542510121457
15239 0.544534412955
15351 0.546558704453
15359 0.548582995951
15384 0.550607287449
15412 0.552631578947
15474 0.554655870445
15502 0.556680161943
15553 0.558704453441
15636 0.560728744939
15664 0.562753036437
15800 0.564777327935
15871 0.566801619433
15922 0.568825910931
15964 0.570850202429
16013 0.572874493927
16077 0.574898785425
16111 0.576923076923
16168 0.578947368421
16188 0.580971659919
16217 0.582995951417
16259 0.585020242915
16366 0.587044534413
16385 0.589068825911
16397 0.591093117409
16403 0.593117408907
16636 0.595141700405
16710 0.597165991903
16732 0.599190283401
16739 0.601214574899
16740 0.603238866397
16893 0.605263157895
17051 0.607287449393
17091 0.609311740891
17093 0.611336032389
17198 0.613360323887
17239 0.615384615385
17308 0.617408906883
17352 0.619433198381
17466 0.621457489879
17547 0.623481781377
17612 0.625506072874
17645 0.627530364372
17650 0.62955465587
17853 0.631578947368
17963 0.633603238866
17992 0.635627530364
18118 0.637651821862
18167 0.63967611336
18175 0.641700404858
18298 0.643724696356
18366 0.645748987854
18409 0.647773279352
18428 0.64979757085
18487 0.651821862348
18517 0.653846153846
18579 0.655870445344
18722 0.657894736842
18771 0.65991902834
18922 0.661943319838
18954 0.663967611336
18980 0.668016194332
18980 0.668016194332
19041 0.67004048583
19044 0.672064777328
19110 0.674089068826
19117 0.676113360324
19155 0.678137651822
19223 0.68016194332
19225 0.682186234818
19242 0.684210526316
19272 0.686234817814
19371 0.688259109312
19494 0.69028340081
19737 0.692307692308
19809 0.694331983806
19841 0.696356275304
19999 0.698380566802
20010 0.7004048583
20028 0.702429149798
20048 0.704453441296
20137 0.708502024291
20137 0.708502024291
20148 0.710526315789
20247 0.712550607287
20528 0.714574898785
20692 0.716599190283
20730 0.718623481781
20778 0.720647773279
20812 0.722672064777
20963 0.724696356275
21085 0.726720647773
21110 0.728744939271
21349 0.730769230769
21556 0.732793522267
21625 0.734817813765
21698 0.736842105263
21817 0.738866396761
21874 0.740890688259
21904 0.742914979757
21945 0.744939271255
22114 0.746963562753
22201 0.748987854251
22290 0.751012145749
22453 0.753036437247
22508 0.755060728745
22599 0.757085020243
22719 0.759109311741
22720 0.761133603239
22804 0.763157894737
22806 0.765182186235
22905 0.769230769231
22905 0.769230769231
23066 0.771255060729
23130 0.773279352227
23168 0.775303643725
23254 0.777327935223
23255 0.779352226721
23437 0.781376518219
23486 0.783400809717
23786 0.785425101215
23846 0.787449392713
23906 0.789473684211
23936 0.791497975709
24138 0.793522267206
24304 0.795546558704
24337 0.797570850202
24519 0.7995951417
24599 0.801619433198
24805 0.803643724696
24881 0.805668016194
25072 0.807692307692
25632 0.80971659919
25719 0.811740890688
25731 0.813765182186
25817 0.815789473684
25925 0.817813765182
26041 0.81983805668
26100 0.821862348178
26160 0.823886639676
26193 0.825910931174
26304 0.827935222672
26464 0.82995951417
26661 0.831983805668
26919 0.834008097166
26964 0.836032388664
26995 0.838056680162
27061 0.84008097166
27318 0.842105263158
27674 0.844129554656
27744 0.846153846154
28384 0.848178137652
28598 0.85020242915
28673 0.852226720648
28765 0.854251012146
28947 0.856275303644
29015 0.858299595142
29072 0.86032388664
29133 0.862348178138
29543 0.864372469636
30044 0.866396761134
30309 0.868421052632
30466 0.87044534413
30480 0.872469635628
30544 0.874493927126
31065 0.876518218623
31865 0.878542510121
32419 0.880566801619
33500 0.882591093117
33643 0.884615384615
34032 0.886639676113
34267 0.888663967611
34325 0.890688259109
34603 0.892712550607
34652 0.894736842105
35109 0.896761133603
35544 0.898785425101
35782 0.900809716599
36101 0.902834008097
36176 0.904858299595
36623 0.906882591093
36968 0.908906882591
38706 0.910931174089
38721 0.912955465587
39378 0.914979757085
39411 0.917004048583
41899 0.919028340081
45324 0.921052631579
45601 0.923076923077
45728 0.925101214575
46245 0.927125506073
50135 0.929149797571
56029 0.931174089069
56579 0.933198380567
56942 0.935222672065
57947 0.937246963563
58349 0.939271255061
58728 0.941295546559
60470 0.943319838057
61452 0.945344129555
62091 0.947368421053
63051 0.949392712551
63076 0.951417004049
63227 0.953441295547
63570 0.955465587045
63976 0.957489878543
64070 0.95951417004
64257 0.961538461538
66453 0.963562753036
66712 0.965587044534
69209 0.967611336032
69605 0.96963562753
72156 0.971659919028
72988 0.973684210526
86782 0.975708502024
88337 0.977732793522
91039 0.97975708502
91434 0.981781376518
92339 0.983805668016
94200 0.985829959514
99852 0.987854251012
105023 0.98987854251
122949 0.991902834008
136095 0.993927125506
145026 0.995951417004
453613 0.997975708502
864607 1.0
