362 0.00202429149798
704 0.00404858299595
727 0.00607287449393
747 0.0080971659919
782 0.0101214574899
958 0.0121457489879
1062 0.0141700404858
1113 0.0161943319838
1195 0.0182186234818
1284 0.0202429149798
1426 0.0222672064777
1444 0.0242914979757
1535 0.0263157894737
1578 0.0283400809717
1582 0.0303643724696
1602 0.0323886639676
1679 0.0344129554656
1729 0.0364372469636
1799 0.0384615384615
1830 0.0404858299595
1879 0.0425101214575
1890 0.0445344129555
1893 0.0465587044534
1916 0.0485829959514
1965 0.0506072874494
2026 0.0526315789474
2131 0.0546558704453
2147 0.0566801619433
2177 0.0587044534413
2186 0.0607287449393
2201 0.0627530364372
2247 0.0647773279352
2314 0.0668016194332
2318 0.0688259109312
2336 0.0708502024291
2489 0.0728744939271
2498 0.0748987854251
2605 0.0769230769231
2625 0.0789473684211
2691 0.080971659919
2791 0.082995951417
2824 0.085020242915
2837 0.087044534413
2866 0.0890688259109
3033 0.0910931174089
3040 0.0931174089069
3139 0.0951417004049
3141 0.0971659919028
3159 0.0991902834008
3169 0.101214574899
3173 0.103238866397
3178 0.105263157895
3209 0.107287449393
3240 0.109311740891
3282 0.111336032389
3304 0.113360323887
3307 0.115384615385
3386 0.117408906883
3391 0.119433198381
3403 0.121457489879
3430 0.123481781377
3465 0.125506072874
3501 0.127530364372
3503 0.12955465587
3519 0.131578947368
3550 0.133603238866
3555 0.135627530364
3617 0.137651821862
3669 0.13967611336
3683 0.141700404858
3726 0.143724696356
3738 0.145748987854
3743 0.147773279352
3774 0.14979757085
3811 0.151821862348
3897 0.153846153846
3904 0.155870445344
3949 0.157894736842
3960 0.15991902834
3961 0.161943319838
3965 0.163967611336
3986 0.165991902834
4002 0.168016194332
4010 0.17004048583
4030 0.172064777328
4080 0.174089068826
4085 0.176113360324
4088 0.178137651822
4133 0.18016194332
4143 0.182186234818
4171 0.184210526316
4173 0.186234817814
4230 0.188259109312
4275 0.19028340081
4323 0.192307692308
4338 0.194331983806
4388 0.196356275304
4449 0.198380566802
4467 0.2004048583
4473 0.202429149798
4523 0.204453441296
4526 0.206477732794
4527 0.208502024291
4535 0.210526315789
4548 0.212550607287
4575 0.214574898785
4615 0.216599190283
4649 0.218623481781
4678 0.220647773279
4721 0.224696356275
4721 0.224696356275
4728 0.226720647773
4736 0.228744939271
4757 0.230769230769
4772 0.232793522267
4845 0.234817813765
4967 0.236842105263
4972 0.238866396761
4973 0.240890688259
4988 0.242914979757
5015 0.244939271255
5026 0.246963562753
5027 0.248987854251
5028 0.251012145749
5062 0.253036437247
5085 0.255060728745
5127 0.257085020243
5198 0.259109311741
5207 0.261133603239
5246 0.263157894737
5287 0.265182186235
5310 0.267206477733
5328 0.269230769231
5332 0.271255060729
5367 0.273279352227
5420 0.275303643725
5439 0.277327935223
5463 0.279352226721
5498 0.281376518219
5529 0.283400809717
5620 0.285425101215
5629 0.287449392713
5634 0.289473684211
5663 0.291497975709
5689 0.293522267206
5731 0.295546558704
5764 0.297570850202
5796 0.2995951417
5866 0.301619433198
5891 0.303643724696
5913 0.305668016194
5982 0.307692307692
5984 0.30971659919
6007 0.311740890688
6036 0.313765182186
6045 0.315789473684
6048 0.317813765182
6088 0.31983805668
6119 0.321862348178
6145 0.323886639676
6199 0.325910931174
6222 0.327935222672
6233 0.32995951417
6254 0.331983805668
6301 0.334008097166
6310 0.336032388664
6346 0.338056680162
6363 0.34008097166
6428 0.342105263158
6524 0.344129554656
6602 0.346153846154
6679 0.348178137652
6760 0.352226720648
6760 0.352226720648
6776 0.354251012146
6778 0.356275303644
6800 0.358299595142
6816 0.36032388664
6874 0.362348178138
6923 0.364372469636
6964 0.366396761134
6967 0.368421052632
6968 0.37044534413
7024 0.372469635628
7030 0.374493927126
7034 0.376518218623
7053 0.378542510121
7060 0.380566801619
7123 0.382591093117
7125 0.384615384615
7143 0.386639676113
7203 0.388663967611
7247 0.390688259109
7308 0.394736842105
7308 0.394736842105
7358 0.396761133603
7383 0.398785425101
7444 0.400809716599
7455 0.402834008097
7665 0.404858299595
7676 0.406882591093
7685 0.408906882591
7689 0.410931174089
7724 0.412955465587
7734 0.414979757085
7747 0.417004048583
7767 0.419028340081
7777 0.421052631579
7779 0.423076923077
7787 0.425101214575
7807 0.427125506073
7839 0.429149797571
7879 0.431174089069
7935 0.433198380567
7938 0.435222672065
7976 0.437246963563
8046 0.439271255061
8069 0.441295546559
8073 0.443319838057
8183 0.445344129555
8189 0.447368421053
8197 0.449392712551
8222 0.451417004049
8252 0.453441295547
8309 0.455465587045
8327 0.457489878543
8386 0.45951417004
8398 0.461538461538
8424 0.463562753036
8452 0.465587044534
8468 0.467611336032
8472 0.46963562753
8506 0.471659919028
8604 0.473684210526
8622 0.475708502024
8665 0.477732793522
8704 0.47975708502
8710 0.481781376518
8829 0.483805668016
8846 0.485829959514
8913 0.487854251012
8942 0.48987854251
8955 0.491902834008
8956 0.493927125506
8962 0.495951417004
8968 0.497975708502
9059 0.5
9111 0.502024291498
9168 0.504048582996
9179 0.506072874494
9218 0.508097165992
9223 0.51012145749
9235 0.512145748988
9244 0.514170040486
9259 0.516194331984
9292 0.518218623482
9344 0.52024291498
9396 0.522267206478
9478 0.524291497976
9507 0.526315789474
9517 0.528340080972
9625 0.53036437247
9634 0.532388663968
9689 0.534412955466
9700 0.536437246964
9735 0.538461538462
9747 0.54048582996
9790 0.542510121457
9804 0.544534412955
9915 0.546558704453
9937 0.548582995951
9970 0.550607287449
9975 0.552631578947
9991 0.554655870445
10021 0.556680161943
10052 0.558704453441
10133 0.560728744939
10162 0.562753036437
10164 0.564777327935
10166 0.566801619433
10238 0.568825910931
10329 0.570850202429
10335 0.572874493927
10338 0.574898785425
10346 0.576923076923
10347 0.580971659919
10347 0.580971659919
10359 0.582995951417
10393 0.585020242915
10458 0.587044534413
10462 0.589068825911
10481 0.591093117409
10681 0.593117408907
10685 0.595141700405
10715 0.597165991903
10722 0.599190283401
10821 0.601214574899
10875 0.603238866397
10903 0.605263157895
10932 0.607287449393
10937 0.609311740891
10961 0.611336032389
11055 0.613360323887
11061 0.615384615385
11096 0.617408906883
11104 0.619433198381
11113 0.621457489879
11140 0.623481781377
11307 0.625506072874
11375 0.627530364372
11379 0.62955465587
11433 0.631578947368
11541 0.633603238866
11566 0.635627530364
11570 0.637651821862
11598 0.641700404858
11598 0.641700404858
11620 0.643724696356
11629 0.645748987854
11677 0.647773279352
11744 0.64979757085
11758 0.651821862348
11783 0.653846153846
11795 0.655870445344
11796 0.657894736842
11850 0.65991902834
11912 0.661943319838
11939 0.663967611336
11953 0.665991902834
11957 0.668016194332
12015 0.67004048583
12082 0.672064777328
12097 0.674089068826
12147 0.676113360324
12150 0.678137651822
12161 0.68016194332
12223 0.682186234818
12264 0.684210526316
12289 0.686234817814
12374 0.688259109312
12393 0.69028340081
12415 0.694331983806
12415 0.694331983806
12496 0.696356275304
12562 0.698380566802
12655 0.7004048583
12658 0.702429149798
12683 0.704453441296
12718 0.706477732794
12767 0.708502024291
12785 0.710526315789
12853 0.712550607287
12917 0.714574898785
12930 0.716599190283
12939 0.718623481781
12999 0.720647773279
13177 0.722672064777
13193 0.724696356275
13201 0.726720647773
13242 0.728744939271
13373 0.730769230769
13455 0.732793522267
13476 0.734817813765
13527 0.736842105263
13545 0.738866396761
13546 0.740890688259
13550 0.742914979757
13608 0.744939271255
13611 0.746963562753
13687 0.748987854251
13693 0.751012145749
13703 0.753036437247
13813 0.755060728745
13870 0.757085020243
13873 0.759109311741
13991 0.761133603239
14010 0.763157894737
14082 0.765182186235
14145 0.767206477733
14157 0.769230769231
14380 0.771255060729
14422 0.773279352227
14515 0.775303643725
14528 0.777327935223
14547 0.779352226721
14552 0.781376518219
14563 0.783400809717
14756 0.785425101215
14802 0.787449392713
14918 0.789473684211
14943 0.791497975709
14954 0.793522267206
14984 0.795546558704
15161 0.797570850202
15226 0.801619433198
15226 0.801619433198
15290 0.803643724696
15410 0.805668016194
15474 0.807692307692
15482 0.80971659919
15598 0.811740890688
15700 0.813765182186
15737 0.815789473684
15802 0.817813765182
15895 0.81983805668
15960 0.821862348178
15977 0.823886639676
16112 0.825910931174
16184 0.827935222672
16332 0.82995951417
16418 0.831983805668
16514 0.834008097166
16575 0.836032388664
16682 0.838056680162
16740 0.84008097166
16891 0.842105263158
16985 0.844129554656
17225 0.846153846154
17301 0.848178137652
17423 0.85020242915
17738 0.852226720648
17816 0.854251012146
17842 0.856275303644
17866 0.858299595142
18095 0.86032388664
18209 0.862348178138
18531 0.864372469636
18612 0.866396761134
18781 0.868421052632
18873 0.87044534413
19041 0.872469635628
20028 0.874493927126
20036 0.876518218623
20098 0.878542510121
20140 0.880566801619
20394 0.882591093117
20423 0.884615384615
20651 0.886639676113
20673 0.888663967611
20730 0.890688259109
21026 0.892712550607
21065 0.894736842105
21117 0.896761133603
21502 0.898785425101
21575 0.900809716599
21887 0.902834008097
22157 0.904858299595
23072 0.906882591093
23125 0.908906882591
23711 0.910931174089
24574 0.912955465587
24970 0.914979757085
25253 0.917004048583
26593 0.919028340081
27008 0.921052631579
28312 0.923076923077
29008 0.925101214575
29327 0.927125506073
30251 0.929149797571
33292 0.931174089069
33657 0.933198380567
34119 0.935222672065
34497 0.937246963563
35018 0.939271255061
36236 0.941295546559
36628 0.943319838057
37070 0.945344129555
37073 0.947368421053
37219 0.949392712551
37633 0.951417004049
38036 0.953441295547
38131 0.955465587045
38157 0.957489878543
38341 0.95951417004
41002 0.961538461538
41233 0.963562753036
42210 0.965587044534
42469 0.967611336032
43413 0.96963562753
46146 0.971659919028
51157 0.973684210526
53382 0.975708502024
53958 0.977732793522
54817 0.97975708502
55631 0.981781376518
59021 0.983805668016
62280 0.985829959514
70004 0.987854251012
80128 0.98987854251
83363 0.991902834008
83475 0.993927125506
126978 0.995951417004
139160 0.997975708502
446867 1.0
