66 0.00202429149798
537 0.00404858299595
542 0.00607287449393
613 0.0080971659919
721 0.0101214574899
852 0.0121457489879
901 0.0141700404858
931 0.0161943319838
957 0.0182186234818
985 0.0202429149798
1020 0.0222672064777
1033 0.0242914979757
1038 0.0263157894737
1057 0.0283400809717
1077 0.0303643724696
1079 0.0323886639676
1091 0.0344129554656
1100 0.0364372469636
1137 0.0384615384615
1147 0.0404858299595
1148 0.0425101214575
1194 0.0445344129555
1220 0.0465587044534
1268 0.0485829959514
1288 0.0506072874494
1315 0.0526315789474
1327 0.0546558704453
1337 0.0566801619433
1349 0.0587044534413
1351 0.0607287449393
1390 0.0627530364372
1394 0.0647773279352
1401 0.0668016194332
1415 0.0688259109312
1419 0.0708502024291
1453 0.0728744939271
1499 0.0748987854251
1527 0.0769230769231
1541 0.0789473684211
1561 0.080971659919
1575 0.082995951417
1600 0.085020242915
1622 0.087044534413
1659 0.0890688259109
1668 0.0910931174089
1685 0.0951417004049
1685 0.0951417004049
1693 0.0971659919028
1732 0.0991902834008
1744 0.101214574899
1802 0.103238866397
1810 0.105263157895
1814 0.107287449393
1831 0.109311740891
1873 0.111336032389
1883 0.113360323887
1895 0.115384615385
1897 0.117408906883
1910 0.121457489879
1910 0.121457489879
1920 0.123481781377
1921 0.125506072874
1932 0.12955465587
1932 0.12955465587
1965 0.131578947368
2022 0.133603238866
2039 0.135627530364
2084 0.137651821862
2096 0.13967611336
2105 0.141700404858
2111 0.143724696356
2114 0.145748987854
2119 0.147773279352
2121 0.14979757085
2134 0.151821862348
2153 0.153846153846
2167 0.155870445344
2187 0.157894736842
2217 0.15991902834
2255 0.161943319838
2273 0.163967611336
2275 0.165991902834
2276 0.168016194332
2283 0.172064777328
2283 0.172064777328
2284 0.174089068826
2296 0.176113360324
2301 0.178137651822
2314 0.18016194332
2315 0.182186234818
2326 0.184210526316
2357 0.186234817814
2363 0.188259109312
2371 0.19028340081
2377 0.192307692308
2382 0.194331983806
2401 0.196356275304
2410 0.198380566802
2418 0.2004048583
2442 0.202429149798
2451 0.204453441296
2452 0.206477732794
2464 0.208502024291
2470 0.210526315789
2477 0.214574898785
2477 0.214574898785
2508 0.216599190283
2509 0.218623481781
2533 0.220647773279
2548 0.224696356275
2548 0.224696356275
2552 0.226720647773
2582 0.228744939271
2601 0.230769230769
2611 0.232793522267
2613 0.234817813765
2617 0.236842105263
2623 0.238866396761
2625 0.240890688259
2637 0.242914979757
2638 0.244939271255
2640 0.246963562753
2643 0.248987854251
2660 0.251012145749
2664 0.253036437247
2677 0.255060728745
2688 0.257085020243
2711 0.259109311741
2714 0.261133603239
2719 0.263157894737
2743 0.265182186235
2771 0.267206477733
2786 0.269230769231
2799 0.271255060729
2805 0.273279352227
2818 0.275303643725
2824 0.277327935223
2843 0.279352226721
2856 0.281376518219
2876 0.283400809717
2880 0.285425101215
2884 0.287449392713
2895 0.289473684211
2901 0.291497975709
2914 0.293522267206
2916 0.295546558704
2920 0.297570850202
2931 0.2995951417
2933 0.301619433198
2934 0.303643724696
2957 0.305668016194
2962 0.307692307692
2975 0.30971659919
2981 0.311740890688
2989 0.313765182186
2997 0.315789473684
3006 0.317813765182
3033 0.31983805668
3045 0.321862348178
3046 0.323886639676
3047 0.325910931174
3056 0.327935222672
3095 0.32995951417
3102 0.331983805668
3141 0.334008097166
3147 0.336032388664
3156 0.34008097166
3156 0.34008097166
3158 0.342105263158
3162 0.344129554656
3166 0.346153846154
3172 0.348178137652
3178 0.35020242915
3196 0.352226720648
3206 0.354251012146
3210 0.356275303644
3220 0.358299595142
3224 0.36032388664
3232 0.362348178138
3252 0.364372469636
3262 0.366396761134
3269 0.368421052632
3273 0.37044534413
3287 0.372469635628
3292 0.374493927126
3307 0.376518218623
3328 0.378542510121
3344 0.380566801619
3346 0.382591093117
3383 0.384615384615
3384 0.386639676113
3388 0.388663967611
3390 0.390688259109
3430 0.392712550607
3438 0.394736842105
3456 0.396761133603
3458 0.398785425101
3499 0.400809716599
3500 0.402834008097
3511 0.404858299595
3516 0.406882591093
3525 0.408906882591
3529 0.410931174089
3543 0.412955465587
3548 0.414979757085
3555 0.417004048583
3564 0.419028340081
3572 0.421052631579
3576 0.423076923077
3598 0.425101214575
3622 0.427125506073
3635 0.429149797571
3636 0.431174089069
3667 0.433198380567
3704 0.435222672065
3717 0.437246963563
3757 0.439271255061
3769 0.441295546559
3778 0.443319838057
3783 0.445344129555
3784 0.447368421053
3805 0.449392712551
3809 0.453441295547
3809 0.453441295547
3817 0.455465587045
3822 0.457489878543
3830 0.45951417004
3842 0.461538461538
3847 0.463562753036
3848 0.465587044534
3851 0.467611336032
3856 0.46963562753
3914 0.471659919028
3938 0.473684210526
3954 0.475708502024
3966 0.477732793522
3996 0.47975708502
4008 0.481781376518
4018 0.483805668016
4019 0.485829959514
4032 0.487854251012
4048 0.48987854251
4058 0.491902834008
4060 0.493927125506
4063 0.495951417004
4069 0.497975708502
4070 0.5
4075 0.502024291498
4081 0.504048582996
4083 0.506072874494
4104 0.508097165992
4113 0.51012145749
4122 0.512145748988
4152 0.514170040486
4181 0.516194331984
4183 0.518218623482
4193 0.52024291498
4196 0.522267206478
4245 0.524291497976
4256 0.526315789474
4327 0.528340080972
4328 0.53036437247
4336 0.532388663968
4339 0.534412955466
4341 0.536437246964
4368 0.538461538462
4369 0.54048582996
4370 0.542510121457
4375 0.544534412955
4387 0.546558704453
4389 0.548582995951
4407 0.550607287449
4433 0.552631578947
4441 0.554655870445
4444 0.556680161943
4468 0.558704453441
4471 0.560728744939
4500 0.562753036437
4581 0.564777327935
4585 0.566801619433
4595 0.568825910931
4598 0.570850202429
4613 0.572874493927
4658 0.574898785425
4661 0.576923076923
4673 0.578947368421
4677 0.580971659919
4687 0.582995951417
4688 0.585020242915
4748 0.587044534413
4766 0.589068825911
4775 0.591093117409
4784 0.593117408907
4801 0.595141700405
4837 0.597165991903
4839 0.599190283401
4884 0.601214574899
4937 0.603238866397
4957 0.605263157895
4958 0.607287449393
4999 0.609311740891
5006 0.611336032389
5024 0.613360323887
5050 0.615384615385
5072 0.617408906883
5084 0.619433198381
5102 0.621457489879
5117 0.623481781377
5124 0.625506072874
5128 0.627530364372
5140 0.62955465587
5152 0.631578947368
5158 0.633603238866
5162 0.635627530364
5183 0.637651821862
5212 0.63967611336
5224 0.641700404858
5278 0.643724696356
5286 0.645748987854
5306 0.647773279352
5313 0.64979757085
5333 0.651821862348
5358 0.653846153846
5360 0.655870445344
5374 0.657894736842
5377 0.65991902834
5386 0.661943319838
5410 0.663967611336
5430 0.665991902834
5441 0.668016194332
5447 0.67004048583
5468 0.672064777328
5517 0.674089068826
5524 0.676113360324
5528 0.678137651822
5542 0.68016194332
5566 0.682186234818
5567 0.684210526316
5608 0.686234817814
5622 0.688259109312
5650 0.69028340081
5659 0.692307692308
5667 0.694331983806
5710 0.696356275304
5713 0.698380566802
5755 0.7004048583
5787 0.702429149798
5868 0.704453441296
5917 0.706477732794
5925 0.708502024291
5929 0.710526315789
5951 0.712550607287
5967 0.714574898785
5972 0.716599190283
5992 0.718623481781
6036 0.720647773279
6045 0.722672064777
6057 0.724696356275
6109 0.726720647773
6115 0.728744939271
6152 0.730769230769
6178 0.732793522267
6220 0.734817813765
6247 0.736842105263
6276 0.738866396761
6295 0.740890688259
6301 0.742914979757
6350 0.744939271255
6393 0.746963562753
6404 0.748987854251
6405 0.751012145749
6407 0.753036437247
6409 0.755060728745
6426 0.757085020243
6459 0.759109311741
6477 0.761133603239
6479 0.763157894737
6559 0.765182186235
6577 0.769230769231
6577 0.769230769231
6588 0.771255060729
6614 0.773279352227
6661 0.775303643725
6713 0.777327935223
6719 0.779352226721
6746 0.781376518219
6812 0.783400809717
6825 0.785425101215
6826 0.787449392713
6857 0.789473684211
6871 0.791497975709
6904 0.793522267206
6960 0.795546558704
6992 0.797570850202
6993 0.7995951417
7042 0.801619433198
7072 0.803643724696
7100 0.805668016194
7114 0.807692307692
7210 0.80971659919
7233 0.811740890688
7332 0.813765182186
7340 0.815789473684
7381 0.817813765182
7386 0.81983805668
7416 0.821862348178
7453 0.823886639676
7542 0.825910931174
7555 0.827935222672
7561 0.82995951417
7590 0.831983805668
7615 0.834008097166
7627 0.836032388664
7637 0.838056680162
7673 0.84008097166
7708 0.842105263158
7720 0.844129554656
7752 0.846153846154
7808 0.848178137652
7877 0.85020242915
7887 0.852226720648
7973 0.854251012146
7995 0.856275303644
7999 0.858299595142
8003 0.86032388664
8031 0.862348178138
8133 0.864372469636
8264 0.866396761134
8310 0.868421052632
8444 0.87044534413
8568 0.872469635628
8774 0.874493927126
8868 0.876518218623
8871 0.878542510121
8881 0.880566801619
8932 0.882591093117
8953 0.884615384615
9003 0.886639676113
9362 0.888663967611
9446 0.890688259109
9471 0.892712550607
9505 0.894736842105
9511 0.896761133603
9635 0.898785425101
9651 0.900809716599
9653 0.902834008097
9687 0.904858299595
9766 0.906882591093
9842 0.908906882591
9881 0.910931174089
9983 0.912955465587
10153 0.914979757085
10184 0.917004048583
10461 0.919028340081
10486 0.921052631579
10563 0.923076923077
10640 0.925101214575
10754 0.927125506073
10765 0.929149797571
10775 0.931174089069
10780 0.933198380567
11030 0.935222672065
11039 0.937246963563
11058 0.939271255061
11205 0.941295546559
11498 0.943319838057
11607 0.945344129555
11748 0.947368421053
11757 0.949392712551
11803 0.951417004049
12227 0.953441295547
12490 0.955465587045
12753 0.957489878543
12774 0.95951417004
13379 0.961538461538
13565 0.963562753036
13705 0.965587044534
14237 0.967611336032
14352 0.96963562753
14421 0.971659919028
14544 0.973684210526
16135 0.975708502024
17181 0.977732793522
17279 0.97975708502
17352 0.981781376518
17782 0.983805668016
17818 0.985829959514
20195 0.987854251012
20709 0.98987854251
27975 0.991902834008
82759 0.993927125506
91420 0.995951417004
123525 0.997975708502
417522 1.0
