36 0.00202429149798
925 0.00404858299595
1389 0.00607287449393
1474 0.0080971659919
1507 0.0101214574899
1620 0.0121457489879
1882 0.0141700404858
1912 0.0161943319838
2036 0.0182186234818
2105 0.0202429149798
2229 0.0222672064777
2257 0.0263157894737
2257 0.0263157894737
2338 0.0283400809717
2442 0.0303643724696
2443 0.0323886639676
2536 0.0344129554656
2617 0.0364372469636
2662 0.0384615384615
2701 0.0404858299595
2719 0.0425101214575
2771 0.0445344129555
2836 0.0465587044534
2926 0.0485829959514
2929 0.0506072874494
2952 0.0526315789474
3006 0.0546558704453
3025 0.0566801619433
3077 0.0587044534413
3104 0.0607287449393
3106 0.0627530364372
3138 0.0647773279352
3139 0.0668016194332
3187 0.0688259109312
3220 0.0708502024291
3233 0.0728744939271
3285 0.0748987854251
3311 0.0769230769231
3315 0.0789473684211
3322 0.080971659919
3331 0.082995951417
3352 0.085020242915
3365 0.087044534413
3411 0.0890688259109
3455 0.0910931174089
3460 0.0931174089069
3464 0.0951417004049
3498 0.0971659919028
3515 0.0991902834008
3526 0.101214574899
3551 0.103238866397
3563 0.105263157895
3579 0.107287449393
3596 0.109311740891
3607 0.111336032389
3608 0.113360323887
3619 0.115384615385
3656 0.117408906883
3691 0.119433198381
3756 0.121457489879
3763 0.123481781377
3769 0.125506072874
3775 0.127530364372
3805 0.131578947368
3805 0.131578947368
3842 0.133603238866
3844 0.135627530364
3877 0.137651821862
3890 0.13967611336
3908 0.141700404858
3934 0.143724696356
3953 0.145748987854
3973 0.147773279352
4038 0.14979757085
4047 0.151821862348
4065 0.153846153846
4067 0.155870445344
4091 0.157894736842
4093 0.161943319838
4093 0.161943319838
4108 0.163967611336
4123 0.165991902834
4124 0.168016194332
4125 0.17004048583
4126 0.172064777328
4129 0.174089068826
4131 0.176113360324
4172 0.178137651822
4198 0.18016194332
4206 0.182186234818
4248 0.184210526316
4265 0.186234817814
4298 0.188259109312
4323 0.19028340081
4326 0.192307692308
4349 0.194331983806
4353 0.196356275304
4354 0.198380566802
4382 0.2004048583
4403 0.202429149798
4407 0.204453441296
4427 0.206477732794
4430 0.208502024291
4431 0.210526315789
4452 0.212550607287
4473 0.214574898785
4498 0.216599190283
4505 0.218623481781
4513 0.220647773279
4535 0.222672064777
4538 0.224696356275
4544 0.226720647773
4551 0.228744939271
4562 0.230769230769
4567 0.232793522267
4569 0.234817813765
4570 0.236842105263
4588 0.238866396761
4603 0.240890688259
4612 0.242914979757
4627 0.244939271255
4638 0.246963562753
4639 0.248987854251
4648 0.251012145749
4651 0.253036437247
4667 0.255060728745
4669 0.257085020243
4672 0.259109311741
4682 0.261133603239
4684 0.263157894737
4701 0.265182186235
4713 0.267206477733
4732 0.269230769231
4756 0.273279352227
4756 0.273279352227
4788 0.275303643725
4796 0.277327935223
4802 0.279352226721
4810 0.281376518219
4844 0.283400809717
4874 0.285425101215
4882 0.287449392713
4907 0.289473684211
4911 0.291497975709
4935 0.293522267206
4955 0.295546558704
4960 0.297570850202
4963 0.2995951417
4984 0.301619433198
5002 0.303643724696
5026 0.305668016194
5063 0.307692307692
5106 0.30971659919
5133 0.311740890688
5157 0.313765182186
5161 0.315789473684
5193 0.317813765182
5202 0.31983805668
5205 0.321862348178
5212 0.323886639676
5227 0.325910931174
5239 0.327935222672
5251 0.32995951417
5264 0.331983805668
5266 0.334008097166
5277 0.336032388664
5294 0.34008097166
5294 0.34008097166
5299 0.342105263158
5300 0.344129554656
5303 0.346153846154
5315 0.348178137652
5317 0.35020242915
5330 0.352226720648
5348 0.354251012146
5408 0.356275303644
5417 0.358299595142
5427 0.36032388664
5434 0.362348178138
5437 0.364372469636
5438 0.366396761134
5440 0.368421052632
5443 0.37044534413
5457 0.372469635628
5476 0.374493927126
5503 0.376518218623
5513 0.378542510121
5515 0.380566801619
5518 0.382591093117
5521 0.384615384615
5523 0.386639676113
5525 0.388663967611
5531 0.390688259109
5556 0.392712550607
5565 0.394736842105
5573 0.396761133603
5577 0.398785425101
5590 0.400809716599
5598 0.402834008097
5600 0.404858299595
5616 0.406882591093
5685 0.408906882591
5688 0.410931174089
5743 0.412955465587
5759 0.417004048583
5759 0.417004048583
5770 0.419028340081
5820 0.421052631579
5844 0.423076923077
5858 0.425101214575
5859 0.427125506073
5860 0.429149797571
5879 0.431174089069
5884 0.433198380567
5902 0.435222672065
5904 0.437246963563
5967 0.439271255061
5970 0.441295546559
5976 0.443319838057
6001 0.445344129555
6024 0.447368421053
6033 0.449392712551
6051 0.451417004049
6056 0.453441295547
6068 0.455465587045
6073 0.457489878543
6095 0.45951417004
6097 0.461538461538
6099 0.463562753036
6104 0.465587044534
6148 0.467611336032
6150 0.46963562753
6163 0.471659919028
6169 0.473684210526
6170 0.475708502024
6179 0.477732793522
6181 0.47975708502
6199 0.481781376518
6204 0.483805668016
6209 0.485829959514
6248 0.487854251012
6279 0.48987854251
6285 0.491902834008
6289 0.493927125506
6315 0.495951417004
6321 0.497975708502
6326 0.5
6348 0.502024291498
6353 0.504048582996
6359 0.506072874494
6376 0.508097165992
6390 0.51012145749
6398 0.512145748988
6399 0.514170040486
6407 0.516194331984
6494 0.518218623482
6498 0.52024291498
6506 0.522267206478
6523 0.524291497976
6530 0.526315789474
6547 0.528340080972
6558 0.53036437247
6592 0.532388663968
6612 0.534412955466
6630 0.536437246964
6632 0.538461538462
6663 0.54048582996
6665 0.542510121457
6671 0.544534412955
6707 0.546558704453
6723 0.548582995951
6724 0.550607287449
6726 0.552631578947
6727 0.554655870445
6737 0.556680161943
6811 0.558704453441
6832 0.560728744939
6867 0.562753036437
6871 0.564777327935
6872 0.566801619433
6884 0.568825910931
6908 0.570850202429
6911 0.572874493927
6917 0.574898785425
6921 0.576923076923
6932 0.578947368421
6957 0.580971659919
6969 0.582995951417
6992 0.585020242915
7021 0.587044534413
7022 0.589068825911
7036 0.591093117409
7072 0.593117408907
7078 0.595141700405
7093 0.597165991903
7098 0.599190283401
7126 0.601214574899
7137 0.603238866397
7152 0.605263157895
7156 0.607287449393
7157 0.609311740891
7191 0.611336032389
7218 0.613360323887
7243 0.615384615385
7254 0.617408906883
7268 0.619433198381
7282 0.623481781377
7282 0.623481781377
7295 0.625506072874
7306 0.627530364372
7309 0.62955465587
7318 0.631578947368
7325 0.633603238866
7351 0.635627530364
7360 0.637651821862
7372 0.63967611336
7381 0.641700404858
7426 0.643724696356
7506 0.645748987854
7518 0.647773279352
7526 0.64979757085
7536 0.651821862348
7571 0.653846153846
7660 0.655870445344
7662 0.657894736842
7675 0.65991902834
7720 0.661943319838
7721 0.663967611336
7723 0.665991902834
7741 0.668016194332
7778 0.67004048583
7781 0.672064777328
7789 0.674089068826
7798 0.676113360324
7812 0.678137651822
7820 0.68016194332
7822 0.682186234818
7824 0.684210526316
7830 0.686234817814
7908 0.688259109312
7915 0.69028340081
7939 0.692307692308
8014 0.694331983806
8015 0.696356275304
8018 0.698380566802
8169 0.7004048583
8193 0.702429149798
8221 0.704453441296
8264 0.706477732794
8265 0.708502024291
8277 0.710526315789
8317 0.712550607287
8341 0.714574898785
8343 0.716599190283
8358 0.718623481781
8396 0.720647773279
8420 0.722672064777
8437 0.724696356275
8468 0.726720647773
8471 0.728744939271
8475 0.730769230769
8491 0.732793522267
8502 0.734817813765
8555 0.736842105263
8598 0.738866396761
8607 0.740890688259
8642 0.742914979757
8649 0.744939271255
8697 0.746963562753
8735 0.748987854251
8755 0.751012145749
8763 0.753036437247
8789 0.755060728745
8867 0.757085020243
8876 0.759109311741
8916 0.761133603239
8933 0.763157894737
8963 0.765182186235
8984 0.767206477733
9019 0.769230769231
9041 0.771255060729
9079 0.773279352227
9099 0.775303643725
9210 0.777327935223
9217 0.779352226721
9260 0.781376518219
9312 0.783400809717
9400 0.785425101215
9401 0.787449392713
9439 0.789473684211
9447 0.791497975709
9450 0.793522267206
9482 0.795546558704
9494 0.797570850202
9531 0.7995951417
9629 0.801619433198
9729 0.803643724696
9732 0.805668016194
9740 0.807692307692
9750 0.80971659919
9777 0.811740890688
9784 0.813765182186
9787 0.815789473684
9798 0.817813765182
9843 0.81983805668
9845 0.821862348178
9881 0.823886639676
9884 0.825910931174
9886 0.827935222672
9905 0.82995951417
9953 0.831983805668
10039 0.834008097166
10095 0.836032388664
10110 0.838056680162
10228 0.84008097166
10239 0.842105263158
10263 0.844129554656
10382 0.846153846154
10391 0.848178137652
10395 0.85020242915
10515 0.852226720648
10549 0.856275303644
10549 0.856275303644
10581 0.858299595142
10588 0.86032388664
10625 0.862348178138
10734 0.864372469636
10895 0.866396761134
10936 0.868421052632
10948 0.87044534413
11040 0.872469635628
11111 0.874493927126
11170 0.876518218623
11201 0.878542510121
11239 0.880566801619
11264 0.882591093117
11632 0.884615384615
11679 0.886639676113
11805 0.888663967611
11902 0.890688259109
11923 0.892712550607
12001 0.894736842105
12009 0.896761133603
12016 0.898785425101
12021 0.900809716599
12103 0.902834008097
12203 0.904858299595
12207 0.906882591093
12247 0.908906882591
12254 0.910931174089
12330 0.912955465587
12340 0.914979757085
12353 0.917004048583
12514 0.919028340081
12623 0.921052631579
12688 0.923076923077
12931 0.925101214575
12955 0.927125506073
13149 0.929149797571
13230 0.931174089069
13282 0.933198380567
13286 0.935222672065
13288 0.937246963563
13481 0.939271255061
13597 0.941295546559
13651 0.943319838057
13667 0.945344129555
13737 0.947368421053
13748 0.949392712551
13749 0.951417004049
13917 0.953441295547
14118 0.955465587045
14120 0.957489878543
14220 0.95951417004
14221 0.961538461538
14328 0.963562753036
14608 0.965587044534
15008 0.967611336032
15036 0.96963562753
15190 0.971659919028
15633 0.973684210526
15871 0.975708502024
15904 0.977732793522
16326 0.97975708502
17139 0.981781376518
17565 0.983805668016
18356 0.985829959514
19502 0.987854251012
19716 0.98987854251
20558 0.991902834008
60341 0.993927125506
103083 0.995951417004
127361 0.997975708502
445010 1.0
