268 0.00202429149798
630 0.00404858299595
710 0.00607287449393
901 0.0080971659919
910 0.0101214574899
1039 0.0121457489879
1093 0.0141700404858
1154 0.0161943319838
1301 0.0182186234818
1340 0.0202429149798
1426 0.0222672064777
1468 0.0242914979757
1495 0.0263157894737
1527 0.0283400809717
1546 0.0303643724696
1558 0.0323886639676
1596 0.0344129554656
1631 0.0364372469636
1639 0.0384615384615
1652 0.0404858299595
1654 0.0425101214575
1668 0.0445344129555
1731 0.0465587044534
1773 0.0485829959514
1804 0.0506072874494
1811 0.0526315789474
1815 0.0546558704453
1854 0.0566801619433
1876 0.0587044534413
1888 0.0607287449393
1922 0.0627530364372
1941 0.0647773279352
1947 0.0668016194332
1954 0.0688259109312
1969 0.0708502024291
1980 0.0728744939271
1991 0.0748987854251
1994 0.0769230769231
2061 0.0789473684211
2063 0.080971659919
2103 0.082995951417
2170 0.085020242915
2192 0.087044534413
2196 0.0890688259109
2202 0.0910931174089
2219 0.0931174089069
2223 0.0951417004049
2236 0.0991902834008
2236 0.0991902834008
2264 0.101214574899
2270 0.105263157895
2270 0.105263157895
2273 0.107287449393
2332 0.109311740891
2348 0.111336032389
2358 0.113360323887
2361 0.115384615385
2402 0.117408906883
2406 0.119433198381
2414 0.121457489879
2416 0.123481781377
2435 0.125506072874
2455 0.12955465587
2455 0.12955465587
2473 0.131578947368
2480 0.133603238866
2515 0.137651821862
2515 0.137651821862
2523 0.13967611336
2525 0.141700404858
2528 0.143724696356
2531 0.145748987854
2536 0.147773279352
2539 0.14979757085
2546 0.151821862348
2569 0.155870445344
2569 0.155870445344
2582 0.157894736842
2590 0.15991902834
2601 0.161943319838
2626 0.163967611336
2631 0.165991902834
2637 0.168016194332
2687 0.17004048583
2698 0.172064777328
2701 0.174089068826
2738 0.176113360324
2742 0.178137651822
2781 0.18016194332
2782 0.182186234818
2785 0.184210526316
2806 0.186234817814
2813 0.188259109312
2825 0.192307692308
2825 0.192307692308
2845 0.194331983806
2852 0.196356275304
2879 0.198380566802
2880 0.2004048583
2887 0.202429149798
2931 0.204453441296
2968 0.206477732794
2981 0.208502024291
2993 0.210526315789
3006 0.212550607287
3022 0.214574898785
3023 0.216599190283
3030 0.218623481781
3036 0.220647773279
3041 0.222672064777
3050 0.224696356275
3087 0.226720647773
3091 0.228744939271
3094 0.230769230769
3095 0.232793522267
3112 0.234817813765
3114 0.236842105263
3121 0.238866396761
3144 0.240890688259
3149 0.242914979757
3152 0.244939271255
3153 0.246963562753
3160 0.248987854251
3165 0.251012145749
3178 0.253036437247
3199 0.255060728745
3208 0.257085020243
3220 0.259109311741
3224 0.261133603239
3237 0.263157894737
3242 0.265182186235
3253 0.267206477733
3289 0.269230769231
3299 0.271255060729
3300 0.273279352227
3325 0.275303643725
3330 0.277327935223
3337 0.279352226721
3359 0.281376518219
3368 0.283400809717
3369 0.285425101215
3407 0.287449392713
3431 0.289473684211
3438 0.291497975709
3441 0.293522267206
3449 0.295546558704
3492 0.297570850202
3496 0.2995951417
3499 0.301619433198
3503 0.303643724696
3508 0.305668016194
3510 0.307692307692
3517 0.30971659919
3529 0.311740890688
3573 0.313765182186
3576 0.315789473684
3592 0.317813765182
3610 0.31983805668
3611 0.321862348178
3651 0.323886639676
3660 0.325910931174
3665 0.327935222672
3671 0.32995951417
3702 0.331983805668
3703 0.334008097166
3719 0.336032388664
3745 0.338056680162
3746 0.34008097166
3756 0.342105263158
3795 0.344129554656
3799 0.346153846154
3816 0.348178137652
3818 0.35020242915
3833 0.352226720648
3847 0.354251012146
3863 0.356275303644
3872 0.358299595142
3901 0.36032388664
3921 0.362348178138
3941 0.364372469636
3945 0.366396761134
3947 0.368421052632
3962 0.37044534413
3967 0.372469635628
3988 0.374493927126
4004 0.376518218623
4006 0.378542510121
4027 0.380566801619
4055 0.382591093117
4077 0.384615384615
4115 0.386639676113
4155 0.388663967611
4185 0.390688259109
4197 0.392712550607
4209 0.394736842105
4221 0.396761133603
4228 0.398785425101
4264 0.400809716599
4276 0.402834008097
4311 0.404858299595
4319 0.406882591093
4320 0.408906882591
4334 0.410931174089
4340 0.414979757085
4340 0.414979757085
4365 0.417004048583
4392 0.419028340081
4394 0.421052631579
4414 0.423076923077
4425 0.425101214575
4431 0.427125506073
4444 0.429149797571
4447 0.431174089069
4488 0.433198380567
4507 0.435222672065
4527 0.437246963563
4542 0.439271255061
4552 0.441295546559
4574 0.443319838057
4576 0.445344129555
4591 0.447368421053
4598 0.449392712551
4614 0.451417004049
4649 0.453441295547
4695 0.455465587045
4699 0.457489878543
4702 0.45951417004
4729 0.461538461538
4730 0.463562753036
4733 0.465587044534
4735 0.467611336032
4736 0.46963562753
4766 0.471659919028
4775 0.473684210526
4781 0.475708502024
4792 0.477732793522
4793 0.47975708502
4795 0.481781376518
4814 0.485829959514
4814 0.485829959514
4818 0.487854251012
4829 0.48987854251
4835 0.491902834008
4842 0.493927125506
4844 0.495951417004
4856 0.497975708502
4861 0.5
4886 0.502024291498
4903 0.504048582996
4917 0.506072874494
4930 0.508097165992
4962 0.51012145749
4971 0.512145748988
4974 0.514170040486
5013 0.516194331984
5020 0.518218623482
5029 0.52024291498
5041 0.522267206478
5071 0.524291497976
5079 0.526315789474
5094 0.528340080972
5103 0.53036437247
5116 0.532388663968
5130 0.534412955466
5138 0.536437246964
5150 0.538461538462
5178 0.54048582996
5188 0.542510121457
5203 0.544534412955
5239 0.546558704453
5246 0.548582995951
5286 0.550607287449
5293 0.552631578947
5312 0.554655870445
5322 0.556680161943
5333 0.558704453441
5396 0.562753036437
5396 0.562753036437
5428 0.564777327935
5441 0.566801619433
5469 0.568825910931
5482 0.570850202429
5494 0.572874493927
5507 0.574898785425
5525 0.576923076923
5553 0.578947368421
5556 0.580971659919
5563 0.582995951417
5624 0.585020242915
5634 0.587044534413
5637 0.589068825911
5653 0.591093117409
5665 0.593117408907
5693 0.595141700405
5728 0.597165991903
5733 0.599190283401
5746 0.601214574899
5767 0.603238866397
5777 0.605263157895
5798 0.607287449393
5801 0.609311740891
5811 0.613360323887
5811 0.613360323887
5844 0.615384615385
5848 0.617408906883
5968 0.619433198381
5986 0.621457489879
5989 0.623481781377
6017 0.625506072874
6024 0.627530364372
6056 0.62955465587
6095 0.631578947368
6104 0.633603238866
6118 0.635627530364
6126 0.637651821862
6156 0.63967611336
6167 0.641700404858
6180 0.643724696356
6191 0.645748987854
6227 0.647773279352
6239 0.651821862348
6239 0.651821862348
6242 0.653846153846
6296 0.655870445344
6300 0.657894736842
6316 0.65991902834
6348 0.661943319838
6367 0.663967611336
6377 0.665991902834
6380 0.668016194332
6382 0.67004048583
6435 0.672064777328
6445 0.674089068826
6461 0.676113360324
6498 0.678137651822
6499 0.68016194332
6516 0.682186234818
6536 0.684210526316
6608 0.686234817814
6629 0.688259109312
6648 0.69028340081
6654 0.692307692308
6672 0.694331983806
6695 0.696356275304
6702 0.698380566802
6717 0.7004048583
6731 0.702429149798
6739 0.704453441296
6872 0.706477732794
7057 0.708502024291
7079 0.710526315789
7083 0.712550607287
7113 0.714574898785
7150 0.716599190283
7233 0.718623481781
7237 0.720647773279
7253 0.722672064777
7279 0.724696356275
7297 0.726720647773
7311 0.728744939271
7358 0.732793522267
7358 0.732793522267
7380 0.734817813765
7464 0.736842105263
7468 0.738866396761
7544 0.740890688259
7562 0.742914979757
7621 0.744939271255
7747 0.746963562753
7819 0.748987854251
7894 0.751012145749
7896 0.753036437247
7908 0.755060728745
7929 0.757085020243
8025 0.759109311741
8050 0.761133603239
8057 0.763157894737
8157 0.765182186235
8170 0.767206477733
8207 0.769230769231
8211 0.771255060729
8223 0.773279352227
8229 0.775303643725
8232 0.777327935223
8241 0.779352226721
8254 0.781376518219
8329 0.783400809717
8406 0.785425101215
8478 0.787449392713
8539 0.789473684211
8603 0.791497975709
8751 0.793522267206
8780 0.795546558704
8793 0.797570850202
8825 0.7995951417
8874 0.801619433198
8878 0.803643724696
8915 0.805668016194
8916 0.807692307692
8919 0.80971659919
8969 0.811740890688
9023 0.813765182186
9123 0.815789473684
9134 0.817813765182
9244 0.81983805668
9358 0.821862348178
9381 0.823886639676
9396 0.825910931174
9406 0.82995951417
9406 0.82995951417
9427 0.831983805668
9498 0.834008097166
9531 0.836032388664
9599 0.838056680162
9665 0.84008097166
9677 0.842105263158
9733 0.844129554656
9792 0.846153846154
9802 0.848178137652
9865 0.85020242915
9869 0.852226720648
9987 0.854251012146
10080 0.856275303644
10086 0.858299595142
10088 0.86032388664
10136 0.862348178138
10208 0.864372469636
10223 0.866396761134
10258 0.868421052632
10264 0.87044534413
10278 0.872469635628
10308 0.874493927126
10327 0.876518218623
10441 0.878542510121
10458 0.880566801619
10470 0.882591093117
10490 0.884615384615
10601 0.886639676113
10670 0.888663967611
10690 0.890688259109
10738 0.892712550607
10771 0.894736842105
10772 0.896761133603
10840 0.898785425101
10889 0.900809716599
10941 0.902834008097
11162 0.904858299595
11185 0.906882591093
11260 0.908906882591
11288 0.910931174089
11295 0.912955465587
11491 0.914979757085
11660 0.917004048583
11740 0.919028340081
11829 0.921052631579
12361 0.923076923077
12380 0.925101214575
12528 0.927125506073
12772 0.929149797571
12930 0.931174089069
13031 0.933198380567
13054 0.935222672065
13253 0.937246963563
13410 0.939271255061
13821 0.941295546559
14278 0.943319838057
14379 0.945344129555
14603 0.947368421053
14612 0.949392712551
14674 0.951417004049
14747 0.953441295547
14981 0.955465587045
15555 0.957489878543
15742 0.95951417004
15750 0.961538461538
15792 0.963562753036
16423 0.965587044534
16806 0.967611336032
16917 0.96963562753
17849 0.971659919028
17942 0.973684210526
19007 0.975708502024
20542 0.977732793522
20832 0.97975708502
21833 0.981781376518
22420 0.983805668016
23321 0.985829959514
25061 0.987854251012
28471 0.98987854251
94939 0.991902834008
123841 0.993927125506
126088 0.995951417004
247698 0.997975708502
433019 1.0
