52 0.00204498977505
785 0.0040899795501
1457 0.00613496932515
1529 0.0081799591002
1697 0.0102249488753
1828 0.0122699386503
1947 0.0143149284254
2113 0.0163599182004
2207 0.0184049079755
2660 0.0204498977505
2765 0.0224948875256
3023 0.0245398773006
3181 0.0265848670757
3247 0.0286298568507
3374 0.0306748466258
3487 0.0327198364008
3591 0.0347648261759
3674 0.0368098159509
3797 0.038854805726
3849 0.040899795501
3984 0.0429447852761
4075 0.0449897750511
4450 0.0470347648262
4566 0.0490797546012
4717 0.0511247443763
4971 0.0531697341513
5514 0.0552147239264
5623 0.0572597137014
5639 0.0593047034765
5720 0.0613496932515
5955 0.0633946830266
5975 0.0654396728016
6154 0.0674846625767
6315 0.0695296523517
6527 0.0715746421268
6596 0.0736196319018
6666 0.0756646216769
6778 0.0777096114519
7321 0.079754601227
7548 0.081799591002
7616 0.0838445807771
7625 0.0858895705521
7769 0.0879345603272
7845 0.0899795501022
7985 0.0920245398773
8061 0.0940695296524
8074 0.0961145194274
8136 0.0981595092025
8295 0.100204498978
8612 0.102249488753
8800 0.104294478528
9126 0.106339468303
9671 0.108384458078
9774 0.110429447853
9874 0.112474437628
9935 0.114519427403
10036 0.116564417178
10152 0.118609406953
10153 0.120654396728
10426 0.122699386503
10454 0.124744376278
10516 0.126789366053
10657 0.128834355828
10780 0.130879345603
10939 0.132924335378
10974 0.134969325153
11083 0.137014314928
11211 0.139059304703
11357 0.141104294479
11459 0.143149284254
11504 0.145194274029
11577 0.147239263804
11686 0.149284253579
11725 0.151329243354
11742 0.153374233129
11787 0.155419222904
11861 0.157464212679
11991 0.159509202454
12161 0.161554192229
12346 0.163599182004
12435 0.165644171779
12567 0.167689161554
12588 0.169734151329
12658 0.171779141104
13170 0.173824130879
13226 0.175869120654
13383 0.177914110429
13436 0.179959100204
13470 0.18200408998
13489 0.184049079755
13529 0.18609406953
13563 0.188139059305
13586 0.19018404908
13616 0.192229038855
13746 0.19427402863
13753 0.196319018405
13783 0.19836400818
13884 0.200408997955
13936 0.20245398773
14157 0.204498977505
14206 0.20654396728
14212 0.208588957055
14231 0.21063394683
14419 0.212678936605
14425 0.21472392638
14433 0.216768916155
14477 0.21881390593
14482 0.220858895706
14591 0.222903885481
14831 0.224948875256
14939 0.226993865031
15054 0.229038854806
15193 0.231083844581
15261 0.233128834356
15413 0.235173824131
15421 0.237218813906
15746 0.239263803681
15912 0.241308793456
15947 0.243353783231
16103 0.245398773006
16175 0.247443762781
16240 0.249488752556
16386 0.251533742331
16436 0.253578732106
16500 0.255623721881
16508 0.257668711656
16551 0.259713701431
16600 0.261758691207
16612 0.263803680982
16620 0.265848670757
16631 0.267893660532
16800 0.269938650307
16850 0.271983640082
17024 0.274028629857
17101 0.276073619632
17223 0.278118609407
17245 0.280163599182
17552 0.282208588957
17748 0.284253578732
17754 0.286298568507
18134 0.288343558282
18138 0.290388548057
18199 0.292433537832
18315 0.294478527607
18500 0.296523517382
18548 0.298568507157
18640 0.300613496933
18778 0.302658486708
18784 0.304703476483
18800 0.306748466258
19076 0.308793456033
19274 0.310838445808
19299 0.312883435583
19365 0.314928425358
19409 0.316973415133
19529 0.319018404908
19573 0.321063394683
19626 0.323108384458
19700 0.325153374233
19822 0.327198364008
19895 0.329243353783
20115 0.331288343558
20160 0.333333333333
20305 0.335378323108
20388 0.337423312883
20490 0.339468302658
20578 0.341513292434
20745 0.343558282209
21170 0.345603271984
21326 0.347648261759
21580 0.349693251534
21717 0.351738241309
21833 0.353783231084
21899 0.355828220859
21975 0.357873210634
22426 0.359918200409
22432 0.361963190184
22512 0.364008179959
22574 0.366053169734
22655 0.368098159509
22690 0.370143149284
22832 0.372188139059
22833 0.374233128834
22898 0.376278118609
22964 0.378323108384
23011 0.38036809816
23019 0.382413087935
23059 0.38445807771
23161 0.386503067485
23162 0.38854805726
23188 0.390593047035
23194 0.39263803681
23283 0.394683026585
23374 0.39672801636
23425 0.398773006135
23603 0.40081799591
23670 0.402862985685
23780 0.40490797546
23799 0.406952965235
23828 0.40899795501
23947 0.411042944785
24088 0.41308793456
24230 0.415132924335
24380 0.41717791411
24545 0.419222903885
24770 0.421267893661
24920 0.423312883436
24946 0.425357873211
24970 0.427402862986
25230 0.429447852761
25273 0.431492842536
25325 0.433537832311
25345 0.435582822086
25466 0.437627811861
25472 0.439672801636
25970 0.441717791411
26077 0.443762781186
26102 0.445807770961
26638 0.447852760736
26664 0.449897750511
26683 0.451942740286
26754 0.453987730061
26864 0.456032719836
26865 0.458077709611
26954 0.460122699387
27269 0.462167689162
27350 0.464212678937
27440 0.466257668712
27534 0.468302658487
27575 0.470347648262
27620 0.472392638037
27761 0.474437627812
27809 0.476482617587
27838 0.478527607362
27867 0.480572597137
27880 0.482617586912
27908 0.484662576687
28123 0.486707566462
28199 0.488752556237
28435 0.490797546012
28483 0.492842535787
28719 0.494887525562
28832 0.496932515337
28851 0.498977505112
29090 0.501022494888
29157 0.503067484663
29169 0.505112474438
29295 0.507157464213
29396 0.509202453988
29500 0.511247443763
29510 0.513292433538
29544 0.515337423313
29545 0.517382413088
29679 0.519427402863
29862 0.521472392638
29890 0.523517382413
29903 0.525562372188
29943 0.527607361963
30182 0.529652351738
30226 0.531697341513
30371 0.533742331288
30642 0.535787321063
31001 0.537832310838
31181 0.539877300613
31452 0.541922290389
31457 0.543967280164
31626 0.546012269939
31652 0.548057259714
31805 0.550102249489
31885 0.552147239264
31924 0.554192229039
32036 0.556237218814
32176 0.558282208589
32401 0.560327198364
32506 0.562372188139
32978 0.564417177914
33006 0.566462167689
33061 0.568507157464
33124 0.570552147239
33271 0.572597137014
33367 0.574642126789
33388 0.576687116564
33440 0.578732106339
33711 0.580777096115
33732 0.58282208589
33893 0.584867075665
34023 0.58691206544
34052 0.588957055215
34466 0.59100204499
34524 0.593047034765
34607 0.59509202454
35185 0.597137014315
35267 0.59918200409
35294 0.601226993865
35404 0.60327198364
35479 0.605316973415
35569 0.60736196319
35793 0.609406952965
35836 0.61145194274
35960 0.613496932515
36007 0.61554192229
36172 0.617586912065
36226 0.61963190184
36319 0.621676891616
36392 0.623721881391
36447 0.625766871166
36459 0.627811860941
36580 0.629856850716
36601 0.631901840491
36634 0.633946830266
37329 0.635991820041
37409 0.638036809816
37640 0.640081799591
37649 0.642126789366
37664 0.644171779141
37803 0.646216768916
38385 0.648261758691
38719 0.650306748466
38731 0.652351738241
38791 0.654396728016
38851 0.656441717791
38862 0.658486707566
39032 0.660531697342
39200 0.662576687117
39308 0.664621676892
39335 0.666666666667
39765 0.668711656442
40211 0.670756646217
40438 0.672801635992
40439 0.674846625767
40572 0.676891615542
40624 0.678936605317
40667 0.680981595092
40734 0.683026584867
40855 0.685071574642
40929 0.687116564417
40954 0.689161554192
41024 0.691206543967
41026 0.693251533742
41143 0.695296523517
41274 0.697341513292
41720 0.699386503067
42272 0.701431492843
42340 0.703476482618
42464 0.705521472393
42544 0.707566462168
42635 0.709611451943
42893 0.711656441718
43325 0.713701431493
43562 0.715746421268
43599 0.717791411043
43634 0.719836400818
43740 0.721881390593
43961 0.723926380368
44130 0.725971370143
44417 0.728016359918
44466 0.730061349693
44761 0.732106339468
44937 0.734151329243
44977 0.736196319018
45386 0.738241308793
45444 0.740286298569
45507 0.742331288344
45639 0.744376278119
45680 0.746421267894
45689 0.748466257669
45705 0.750511247444
45994 0.752556237219
46205 0.754601226994
46556 0.756646216769
46634 0.758691206544
47409 0.760736196319
47456 0.762781186094
47498 0.764826175869
47649 0.766871165644
47861 0.768916155419
47985 0.770961145194
48071 0.773006134969
48209 0.775051124744
48605 0.777096114519
48612 0.779141104294
49030 0.78118609407
49271 0.783231083845
49662 0.78527607362
50246 0.787321063395
50334 0.78936605317
50760 0.791411042945
50970 0.79345603272
51068 0.795501022495
51641 0.79754601227
51712 0.799591002045
52407 0.80163599182
52451 0.803680981595
52511 0.80572597137
52615 0.807770961145
52675 0.80981595092
53047 0.811860940695
53648 0.81390593047
53837 0.815950920245
53863 0.81799591002
54311 0.820040899796
54798 0.822085889571
54870 0.824130879346
54996 0.826175869121
55444 0.828220858896
55451 0.830265848671
55578 0.832310838446
56176 0.834355828221
57387 0.836400817996
57541 0.838445807771
57613 0.840490797546
57851 0.842535787321
57965 0.844580777096
58412 0.846625766871
58449 0.848670756646
59374 0.850715746421
59412 0.852760736196
59823 0.854805725971
59905 0.856850715746
60359 0.858895705521
60692 0.860940695297
61869 0.862985685072
61914 0.865030674847
62182 0.867075664622
63303 0.869120654397
63479 0.871165644172
63722 0.873210633947
65456 0.875255623722
66076 0.877300613497
66287 0.879345603272
66641 0.881390593047
66647 0.883435582822
67489 0.885480572597
69578 0.887525562372
70018 0.889570552147
70595 0.891615541922
71510 0.893660531697
71752 0.895705521472
72052 0.897750511247
72332 0.899795501022
72348 0.901840490798
72844 0.903885480573
74769 0.905930470348
75316 0.907975460123
76539 0.910020449898
77414 0.912065439673
77783 0.914110429448
78734 0.916155419223
80530 0.918200408998
83959 0.920245398773
87519 0.922290388548
91521 0.924335378323
94629 0.926380368098
94693 0.928425357873
95341 0.930470347648
96409 0.932515337423
96610 0.934560327198
102395 0.936605316973
110538 0.938650306748
112143 0.940695296524
118130 0.942740286299
119048 0.944785276074
120558 0.946830265849
121093 0.948875255624
121105 0.950920245399
121402 0.952965235174
122269 0.955010224949
123521 0.957055214724
125652 0.959100204499
126007 0.961145194274
129219 0.963190184049
130234 0.965235173824
132236 0.967280163599
133408 0.969325153374
134068 0.971370143149
134088 0.973415132924
136183 0.975460122699
138264 0.977505112474
183293 0.979550102249
184026 0.981595092025
185877 0.9836400818
188832 0.985685071575
189305 0.98773006135
198303 0.989775051125
204109 0.9918200409
207950 0.993865030675
281494 0.99591002045
291355 0.997955010225
451810 1.0
