55 0.00202839756592
797 0.00405679513185
1327 0.00608519269777
1435 0.00811359026369
1485 0.0101419878296
1593 0.0121703853955
1799 0.0141987829615
1836 0.0162271805274
1891 0.0182555780933
1902 0.0202839756592
1962 0.0223123732252
1984 0.0243407707911
2010 0.026369168357
2057 0.0283975659229
2133 0.0304259634888
2176 0.0324543610548
2357 0.0344827586207
2375 0.0365111561866
2387 0.0385395537525
2398 0.0405679513185
2399 0.0425963488844
2400 0.0446247464503
2421 0.0466531440162
2427 0.0486815415822
2451 0.0507099391481
2527 0.052738336714
2597 0.0547667342799
2606 0.0567951318458
2621 0.0588235294118
2690 0.0608519269777
2705 0.0628803245436
2821 0.0649087221095
2823 0.0669371196755
2838 0.0689655172414
2854 0.0709939148073
2875 0.0730223123732
2886 0.0750507099391
2967 0.0770791075051
2985 0.0811359026369
2985 0.0811359026369
3039 0.0831643002028
3041 0.0851926977688
3046 0.0872210953347
3048 0.0892494929006
3075 0.0912778904665
3130 0.0933062880325
3145 0.0953346855984
3171 0.0973630831643
3209 0.0993914807302
3218 0.101419878296
3235 0.103448275862
3239 0.105476673428
3241 0.107505070994
3267 0.10953346856
3273 0.111561866126
3281 0.113590263692
3296 0.115618661258
3314 0.117647058824
3323 0.119675456389
3335 0.121703853955
3341 0.123732251521
3349 0.125760649087
3362 0.127789046653
3374 0.129817444219
3385 0.131845841785
3387 0.133874239351
3396 0.137931034483
3396 0.137931034483
3400 0.139959432049
3409 0.141987829615
3418 0.144016227181
3419 0.146044624746
3432 0.148073022312
3437 0.150101419878
3458 0.152129817444
3490 0.15415821501
3504 0.156186612576
3505 0.158215010142
3538 0.160243407708
3575 0.162271805274
3593 0.16430020284
3638 0.166328600406
3661 0.168356997972
3687 0.170385395538
3704 0.172413793103
3732 0.174442190669
3733 0.176470588235
3749 0.178498985801
3765 0.180527383367
3793 0.182555780933
3808 0.184584178499
3819 0.186612576065
3845 0.188640973631
3847 0.190669371197
3866 0.192697768763
3877 0.194726166329
3890 0.196754563895
3901 0.19878296146
3914 0.200811359026
3934 0.202839756592
3951 0.204868154158
3955 0.206896551724
3956 0.20892494929
3958 0.210953346856
3968 0.215010141988
3968 0.215010141988
3978 0.217038539554
4000 0.21906693712
4007 0.221095334686
4009 0.225152129817
4009 0.225152129817
4019 0.227180527383
4020 0.229208924949
4033 0.231237322515
4047 0.233265720081
4107 0.235294117647
4119 0.237322515213
4124 0.241379310345
4124 0.241379310345
4127 0.243407707911
4145 0.245436105477
4156 0.247464503043
4157 0.249492900609
4194 0.251521298174
4227 0.25354969574
4243 0.255578093306
4245 0.257606490872
4248 0.259634888438
4251 0.261663286004
4261 0.26369168357
4262 0.265720081136
4268 0.267748478702
4283 0.269776876268
4289 0.271805273834
4297 0.2738336714
4299 0.275862068966
4301 0.277890466531
4303 0.279918864097
4310 0.281947261663
4312 0.283975659229
4314 0.286004056795
4316 0.288032454361
4341 0.290060851927
4342 0.292089249493
4381 0.294117647059
4393 0.296146044625
4433 0.298174442191
4439 0.300202839757
4447 0.302231237323
4472 0.304259634888
4479 0.306288032454
4495 0.30831643002
4507 0.310344827586
4510 0.312373225152
4513 0.314401622718
4515 0.316430020284
4518 0.31845841785
4520 0.320486815416
4525 0.322515212982
4560 0.324543610548
4566 0.326572008114
4613 0.32860040568
4617 0.330628803245
4672 0.332657200811
4678 0.334685598377
4685 0.336713995943
4691 0.338742393509
4714 0.340770791075
4746 0.342799188641
4755 0.344827586207
4802 0.346855983773
4808 0.348884381339
4810 0.350912778905
4844 0.352941176471
4852 0.354969574037
4856 0.356997971602
4866 0.359026369168
4899 0.361054766734
4911 0.3630831643
4918 0.365111561866
4921 0.369168356998
4921 0.369168356998
4931 0.371196754564
4934 0.37322515213
4948 0.375253549696
4959 0.377281947262
4975 0.379310344828
4983 0.381338742394
5010 0.383367139959
5017 0.385395537525
5052 0.389452332657
5052 0.389452332657
5068 0.391480730223
5079 0.393509127789
5092 0.395537525355
5124 0.397565922921
5126 0.399594320487
5137 0.401622718053
5139 0.403651115619
5145 0.405679513185
5146 0.407707910751
5159 0.409736308316
5176 0.411764705882
5185 0.413793103448
5195 0.415821501014
5202 0.41784989858
5204 0.419878296146
5208 0.421906693712
5249 0.423935091278
5264 0.425963488844
5267 0.42799188641
5310 0.430020283976
5317 0.432048681542
5321 0.434077079108
5332 0.436105476673
5351 0.438133874239
5359 0.440162271805
5367 0.442190669371
5369 0.444219066937
5381 0.446247464503
5398 0.448275862069
5410 0.450304259635
5417 0.452332657201
5463 0.454361054767
5487 0.456389452333
5531 0.458417849899
5561 0.460446247465
5567 0.46247464503
5582 0.464503042596
5593 0.466531440162
5594 0.468559837728
5604 0.470588235294
5612 0.47261663286
5625 0.474645030426
5643 0.476673427992
5654 0.478701825558
5664 0.480730223124
5698 0.48275862069
5718 0.484787018256
5725 0.486815415822
5728 0.488843813387
5732 0.490872210953
5744 0.492900608519
5753 0.494929006085
5760 0.496957403651
5806 0.498985801217
5817 0.501014198783
5822 0.503042596349
5842 0.505070993915
5849 0.507099391481
5876 0.509127789047
5877 0.513184584178
5877 0.513184584178
5916 0.515212981744
5933 0.51724137931
5958 0.519269776876
5969 0.521298174442
5987 0.523326572008
5995 0.525354969574
5996 0.52738336714
6003 0.529411764706
6025 0.533468559838
6025 0.533468559838
6058 0.535496957404
6066 0.53752535497
6087 0.539553752535
6091 0.541582150101
6136 0.543610547667
6167 0.545638945233
6181 0.547667342799
6220 0.549695740365
6224 0.551724137931
6230 0.553752535497
6246 0.555780933063
6292 0.557809330629
6304 0.559837728195
6308 0.561866125761
6326 0.563894523327
6331 0.565922920892
6347 0.567951318458
6359 0.57200811359
6359 0.57200811359
6385 0.574036511156
6404 0.576064908722
6407 0.578093306288
6417 0.580121703854
6424 0.58215010142
6437 0.584178498986
6440 0.586206896552
6455 0.588235294118
6478 0.590263691684
6524 0.592292089249
6528 0.594320486815
6557 0.596348884381
6567 0.598377281947
6578 0.600405679513
6591 0.602434077079
6630 0.604462474645
6665 0.606490872211
6682 0.608519269777
6683 0.610547667343
6685 0.612576064909
6702 0.616632860041
6702 0.616632860041
6707 0.618661257606
6732 0.620689655172
6749 0.622718052738
6759 0.624746450304
6822 0.62677484787
6860 0.628803245436
6870 0.630831643002
6872 0.632860040568
6895 0.634888438134
6925 0.6369168357
6935 0.638945233266
6938 0.640973630832
6993 0.643002028398
6999 0.645030425963
7008 0.647058823529
7016 0.649087221095
7033 0.651115618661
7039 0.653144016227
7045 0.655172413793
7074 0.657200811359
7076 0.659229208925
7079 0.661257606491
7192 0.663286004057
7258 0.665314401623
7262 0.667342799189
7281 0.669371196755
7335 0.67139959432
7353 0.673427991886
7376 0.675456389452
7435 0.677484787018
7477 0.679513184584
7493 0.68154158215
7513 0.683569979716
7528 0.685598377282
7572 0.687626774848
7586 0.689655172414
7588 0.69168356998
7600 0.693711967546
7630 0.695740365112
7642 0.697768762677
7658 0.699797160243
7666 0.701825557809
7673 0.703853955375
7678 0.705882352941
7689 0.707910750507
7765 0.709939148073
7786 0.711967545639
7883 0.713995943205
7921 0.716024340771
7931 0.718052738337
7954 0.720081135903
7958 0.722109533469
7979 0.724137931034
7994 0.7261663286
8009 0.728194726166
8064 0.730223123732
8092 0.732251521298
8095 0.734279918864
8139 0.73630831643
8146 0.738336713996
8159 0.740365111562
8160 0.742393509128
8181 0.744421906694
8188 0.74645030426
8206 0.748478701826
8215 0.750507099391
8236 0.752535496957
8256 0.754563894523
8279 0.756592292089
8282 0.758620689655
8292 0.760649087221
8408 0.764705882353
8408 0.764705882353
8429 0.766734279919
8451 0.768762677485
8537 0.770791075051
8551 0.772819472617
8586 0.774847870183
8611 0.776876267748
8705 0.778904665314
8734 0.78093306288
8876 0.782961460446
8909 0.784989858012
8914 0.787018255578
8937 0.789046653144
8959 0.79107505071
8961 0.793103448276
8963 0.795131845842
8989 0.797160243408
9019 0.799188640974
9039 0.80121703854
9059 0.803245436105
9100 0.805273833671
9105 0.807302231237
9183 0.809330628803
9188 0.811359026369
9256 0.813387423935
9300 0.815415821501
9325 0.817444219067
9327 0.819472616633
9330 0.821501014199
9439 0.823529411765
9461 0.825557809331
9468 0.827586206897
9483 0.829614604462
9513 0.831643002028
9534 0.833671399594
9586 0.83569979716
9602 0.837728194726
9613 0.839756592292
9697 0.841784989858
9698 0.843813387424
9703 0.84584178499
9718 0.847870182556
9722 0.849898580122
9780 0.851926977688
9813 0.853955375254
9844 0.855983772819
9855 0.858012170385
10030 0.860040567951
10060 0.862068965517
10079 0.864097363083
10128 0.866125760649
10142 0.868154158215
10207 0.870182555781
10227 0.872210953347
10353 0.874239350913
10364 0.876267748479
10435 0.878296146045
10472 0.880324543611
10584 0.882352941176
10587 0.886409736308
10587 0.886409736308
10597 0.888438133874
10681 0.89046653144
10829 0.892494929006
10858 0.894523326572
10895 0.896551724138
10911 0.898580121704
11034 0.90060851927
11173 0.902636916836
11177 0.904665314402
11202 0.906693711968
11301 0.908722109533
11415 0.910750507099
11456 0.912778904665
11503 0.914807302231
11524 0.916835699797
11576 0.918864097363
11850 0.920892494929
11921 0.922920892495
11942 0.924949290061
11978 0.926977687627
11980 0.929006085193
12248 0.931034482759
12310 0.933062880325
12428 0.93509127789
12442 0.937119675456
12444 0.939148073022
12464 0.941176470588
12501 0.943204868154
12693 0.94523326572
12942 0.947261663286
13121 0.949290060852
13171 0.951318458418
13188 0.953346855984
13297 0.95537525355
13769 0.957403651116
13790 0.959432048682
13888 0.961460446247
13902 0.963488843813
13924 0.965517241379
13993 0.967545638945
14062 0.969574036511
14356 0.971602434077
14846 0.973630831643
15049 0.975659229209
16374 0.977687626775
17412 0.979716024341
17558 0.981744421907
17701 0.983772819473
18177 0.985801217039
18997 0.987829614604
20411 0.98985801217
29525 0.991886409736
81142 0.993914807302
120920 0.995943204868
134511 0.997971602434
445374 1.0
