58 0.00202429149798
1065 0.00404858299595
1200 0.00607287449393
1295 0.0080971659919
1394 0.0101214574899
1462 0.0121457489879
1534 0.0141700404858
1649 0.0161943319838
1732 0.0182186234818
1818 0.0202429149798
2026 0.0222672064777
2055 0.0242914979757
2057 0.0263157894737
2078 0.0283400809717
2100 0.0303643724696
2113 0.0323886639676
2120 0.0344129554656
2125 0.0364372469636
2155 0.0384615384615
2160 0.0404858299595
2168 0.0425101214575
2195 0.0445344129555
2208 0.0465587044534
2228 0.0485829959514
2266 0.0506072874494
2272 0.0526315789474
2301 0.0546558704453
2303 0.0566801619433
2372 0.0587044534413
2405 0.0607287449393
2469 0.0627530364372
2493 0.0647773279352
2506 0.0668016194332
2510 0.0688259109312
2527 0.0708502024291
2563 0.0728744939271
2568 0.0748987854251
2673 0.0769230769231
2682 0.0789473684211
2685 0.080971659919
2710 0.082995951417
2742 0.085020242915
2803 0.087044534413
2863 0.0890688259109
2878 0.0910931174089
2892 0.0931174089069
2920 0.0951417004049
2926 0.0971659919028
2934 0.0991902834008
2948 0.101214574899
2985 0.103238866397
3028 0.105263157895
3064 0.107287449393
3067 0.109311740891
3103 0.111336032389
3106 0.113360323887
3126 0.115384615385
3155 0.117408906883
3187 0.119433198381
3210 0.121457489879
3227 0.123481781377
3299 0.125506072874
3305 0.127530364372
3320 0.12955465587
3323 0.131578947368
3381 0.133603238866
3391 0.135627530364
3426 0.137651821862
3439 0.13967611336
3473 0.141700404858
3483 0.143724696356
3498 0.145748987854
3535 0.147773279352
3569 0.14979757085
3577 0.151821862348
3587 0.153846153846
3596 0.155870445344
3611 0.157894736842
3612 0.15991902834
3613 0.161943319838
3620 0.163967611336
3624 0.165991902834
3661 0.168016194332
3686 0.17004048583
3705 0.174089068826
3705 0.174089068826
3707 0.176113360324
3715 0.178137651822
3717 0.18016194332
3720 0.182186234818
3747 0.184210526316
3751 0.186234817814
3762 0.188259109312
3773 0.19028340081
3778 0.192307692308
3792 0.194331983806
3793 0.196356275304
3870 0.198380566802
3884 0.2004048583
3899 0.202429149798
3904 0.204453441296
3912 0.206477732794
3924 0.208502024291
3931 0.210526315789
3934 0.212550607287
3954 0.214574898785
3964 0.216599190283
4011 0.218623481781
4019 0.220647773279
4022 0.222672064777
4024 0.224696356275
4039 0.226720647773
4073 0.228744939271
4089 0.230769230769
4105 0.232793522267
4121 0.234817813765
4140 0.236842105263
4146 0.238866396761
4158 0.240890688259
4167 0.242914979757
4175 0.244939271255
4195 0.246963562753
4212 0.248987854251
4213 0.251012145749
4216 0.253036437247
4235 0.255060728745
4242 0.257085020243
4257 0.259109311741
4260 0.261133603239
4308 0.263157894737
4348 0.267206477733
4348 0.267206477733
4379 0.269230769231
4427 0.271255060729
4433 0.273279352227
4447 0.275303643725
4465 0.277327935223
4490 0.279352226721
4510 0.281376518219
4537 0.283400809717
4565 0.285425101215
4571 0.287449392713
4572 0.289473684211
4591 0.291497975709
4599 0.293522267206
4604 0.295546558704
4650 0.297570850202
4656 0.2995951417
4686 0.301619433198
4707 0.303643724696
4709 0.305668016194
4718 0.307692307692
4722 0.30971659919
4724 0.311740890688
4726 0.313765182186
4737 0.315789473684
4740 0.317813765182
4752 0.31983805668
4769 0.321862348178
4774 0.323886639676
4777 0.327935222672
4777 0.327935222672
4786 0.32995951417
4792 0.331983805668
4860 0.334008097166
4863 0.336032388664
4927 0.338056680162
4928 0.342105263158
4928 0.342105263158
4937 0.344129554656
4945 0.346153846154
4948 0.348178137652
4959 0.35020242915
4971 0.352226720648
4977 0.354251012146
4994 0.356275303644
5020 0.358299595142
5021 0.36032388664
5054 0.362348178138
5068 0.364372469636
5087 0.366396761134
5088 0.368421052632
5098 0.37044534413
5133 0.372469635628
5144 0.374493927126
5163 0.376518218623
5226 0.378542510121
5239 0.380566801619
5254 0.382591093117
5303 0.384615384615
5340 0.386639676113
5359 0.388663967611
5415 0.390688259109
5451 0.392712550607
5455 0.394736842105
5467 0.396761133603
5494 0.398785425101
5509 0.400809716599
5523 0.402834008097
5534 0.404858299595
5543 0.406882591093
5547 0.408906882591
5554 0.410931174089
5555 0.412955465587
5567 0.414979757085
5577 0.417004048583
5639 0.419028340081
5642 0.421052631579
5647 0.425101214575
5647 0.425101214575
5655 0.427125506073
5678 0.429149797571
5698 0.431174089069
5699 0.433198380567
5725 0.435222672065
5736 0.437246963563
5753 0.439271255061
5786 0.441295546559
5793 0.443319838057
5801 0.445344129555
5812 0.447368421053
5866 0.449392712551
5871 0.451417004049
5890 0.453441295547
5903 0.455465587045
5906 0.457489878543
5938 0.45951417004
5942 0.461538461538
6032 0.463562753036
6061 0.465587044534
6079 0.467611336032
6090 0.46963562753
6091 0.471659919028
6096 0.473684210526
6106 0.475708502024
6126 0.477732793522
6139 0.47975708502
6140 0.481781376518
6164 0.483805668016
6181 0.485829959514
6203 0.487854251012
6227 0.48987854251
6233 0.491902834008
6267 0.493927125506
6270 0.495951417004
6281 0.497975708502
6284 0.5
6303 0.502024291498
6316 0.504048582996
6333 0.506072874494
6365 0.508097165992
6368 0.51012145749
6388 0.512145748988
6411 0.514170040486
6438 0.518218623482
6438 0.518218623482
6472 0.52024291498
6478 0.522267206478
6500 0.524291497976
6515 0.526315789474
6545 0.528340080972
6551 0.53036437247
6552 0.532388663968
6598 0.534412955466
6600 0.536437246964
6639 0.538461538462
6664 0.54048582996
6680 0.542510121457
6684 0.544534412955
6709 0.546558704453
6750 0.548582995951
6751 0.550607287449
6794 0.552631578947
6799 0.554655870445
6818 0.558704453441
6818 0.558704453441
6841 0.560728744939
6860 0.562753036437
6876 0.564777327935
6912 0.566801619433
6927 0.568825910931
6935 0.570850202429
6948 0.572874493927
6953 0.574898785425
7007 0.576923076923
7008 0.578947368421
7047 0.580971659919
7077 0.582995951417
7088 0.585020242915
7103 0.587044534413
7189 0.589068825911
7200 0.591093117409
7224 0.593117408907
7232 0.595141700405
7258 0.597165991903
7284 0.599190283401
7301 0.601214574899
7318 0.603238866397
7337 0.605263157895
7392 0.607287449393
7393 0.609311740891
7402 0.611336032389
7407 0.613360323887
7418 0.615384615385
7427 0.617408906883
7472 0.619433198381
7484 0.621457489879
7507 0.623481781377
7514 0.625506072874
7532 0.627530364372
7570 0.62955465587
7615 0.631578947368
7616 0.635627530364
7616 0.635627530364
7619 0.637651821862
7625 0.63967611336
7665 0.641700404858
7670 0.643724696356
7706 0.645748987854
7726 0.647773279352
7760 0.64979757085
7817 0.651821862348
7827 0.653846153846
7846 0.655870445344
7857 0.657894736842
7860 0.65991902834
7866 0.661943319838
7933 0.663967611336
7934 0.665991902834
7944 0.668016194332
7954 0.67004048583
7995 0.672064777328
8006 0.674089068826
8014 0.676113360324
8051 0.678137651822
8055 0.68016194332
8076 0.682186234818
8130 0.684210526316
8162 0.686234817814
8163 0.688259109312
8199 0.69028340081
8254 0.692307692308
8314 0.694331983806
8335 0.696356275304
8341 0.698380566802
8342 0.702429149798
8342 0.702429149798
8354 0.704453441296
8362 0.706477732794
8374 0.708502024291
8420 0.710526315789
8456 0.712550607287
8457 0.714574898785
8479 0.716599190283
8497 0.718623481781
8519 0.720647773279
8527 0.722672064777
8567 0.724696356275
8577 0.726720647773
8616 0.728744939271
8651 0.730769230769
8653 0.732793522267
8654 0.734817813765
8683 0.736842105263
8698 0.738866396761
8699 0.740890688259
8739 0.742914979757
8843 0.744939271255
8856 0.746963562753
8878 0.748987854251
8991 0.751012145749
9053 0.753036437247
9108 0.755060728745
9118 0.757085020243
9143 0.759109311741
9163 0.761133603239
9179 0.763157894737
9221 0.765182186235
9306 0.767206477733
9313 0.769230769231
9322 0.771255060729
9435 0.773279352227
9440 0.775303643725
9514 0.777327935223
9613 0.779352226721
9644 0.781376518219
9645 0.783400809717
9671 0.785425101215
9693 0.787449392713
9730 0.789473684211
9743 0.791497975709
9757 0.793522267206
9787 0.795546558704
9816 0.797570850202
9857 0.7995951417
9989 0.801619433198
10171 0.803643724696
10173 0.805668016194
10184 0.807692307692
10200 0.80971659919
10217 0.811740890688
10219 0.813765182186
10318 0.815789473684
10374 0.817813765182
10381 0.81983805668
10389 0.821862348178
10496 0.823886639676
10501 0.825910931174
10534 0.827935222672
10549 0.82995951417
10550 0.831983805668
10593 0.834008097166
10599 0.836032388664
10623 0.838056680162
10734 0.84008097166
10861 0.842105263158
10878 0.844129554656
11107 0.846153846154
11244 0.848178137652
11304 0.85020242915
11354 0.852226720648
11381 0.854251012146
11382 0.856275303644
11403 0.858299595142
11473 0.86032388664
11490 0.862348178138
11503 0.864372469636
11783 0.866396761134
11813 0.868421052632
12194 0.87044534413
12292 0.872469635628
12319 0.874493927126
12331 0.876518218623
12460 0.878542510121
12582 0.880566801619
12654 0.882591093117
12818 0.884615384615
12973 0.886639676113
12989 0.888663967611
12992 0.890688259109
13023 0.892712550607
13069 0.894736842105
13091 0.896761133603
13210 0.898785425101
13334 0.900809716599
13449 0.902834008097
13580 0.904858299595
13973 0.906882591093
14509 0.908906882591
14528 0.910931174089
14543 0.912955465587
14772 0.914979757085
14884 0.917004048583
14898 0.919028340081
15037 0.921052631579
15038 0.923076923077
15282 0.925101214575
15345 0.927125506073
16049 0.929149797571
16227 0.931174089069
16466 0.933198380567
16595 0.935222672065
16636 0.937246963563
16667 0.939271255061
17264 0.941295546559
17421 0.943319838057
17440 0.945344129555
17577 0.947368421053
17932 0.949392712551
17936 0.951417004049
18404 0.953441295547
18507 0.955465587045
18855 0.957489878543
19009 0.95951417004
19196 0.961538461538
19228 0.963562753036
19389 0.965587044534
20814 0.967611336032
21270 0.96963562753
21342 0.971659919028
21691 0.973684210526
22547 0.975708502024
23120 0.977732793522
24928 0.97975708502
27889 0.981781376518
28292 0.983805668016
28829 0.985829959514
31976 0.987854251012
32810 0.98987854251
33431 0.991902834008
77137 0.993927125506
125473 0.995951417004
129375 0.997975708502
408396 1.0
