57 0.0020325203252
402 0.00406504065041
660 0.00609756097561
858 0.00813008130081
1149 0.010162601626
1159 0.0121951219512
1201 0.0142276422764
1237 0.0162601626016
1319 0.0182926829268
1325 0.020325203252
1397 0.0223577235772
1503 0.0243902439024
1578 0.0264227642276
1617 0.0284552845528
1628 0.030487804878
1925 0.0325203252033
1927 0.0345528455285
1940 0.0365853658537
1966 0.0386178861789
1995 0.0406504065041
2050 0.0426829268293
2116 0.0447154471545
2143 0.0467479674797
2167 0.0487804878049
2192 0.0508130081301
2257 0.0528455284553
2281 0.0548780487805
2288 0.0569105691057
2314 0.0589430894309
2390 0.0609756097561
2401 0.0630081300813
2414 0.0650406504065
2436 0.0670731707317
2441 0.0691056910569
2538 0.0711382113821
2575 0.0731707317073
2582 0.0752032520325
2589 0.0772357723577
2593 0.0792682926829
2651 0.0813008130081
2684 0.0833333333333
2740 0.0853658536585
2759 0.0873983739837
2784 0.0894308943089
2824 0.0914634146341
2827 0.0934959349593
2848 0.0955284552846
2850 0.0975609756098
2855 0.099593495935
2859 0.103658536585
2859 0.103658536585
2876 0.105691056911
2890 0.107723577236
2903 0.109756097561
2932 0.111788617886
2969 0.113821138211
3110 0.115853658537
3121 0.117886178862
3134 0.119918699187
3147 0.121951219512
3181 0.123983739837
3184 0.126016260163
3186 0.128048780488
3205 0.130081300813
3253 0.132113821138
3279 0.134146341463
3288 0.136178861789
3304 0.138211382114
3307 0.140243902439
3334 0.142276422764
3343 0.144308943089
3346 0.146341463415
3358 0.14837398374
3429 0.150406504065
3482 0.15243902439
3492 0.154471544715
3522 0.156504065041
3523 0.158536585366
3538 0.160569105691
3539 0.162601626016
3552 0.164634146341
3553 0.166666666667
3579 0.168699186992
3632 0.170731707317
3634 0.172764227642
3635 0.174796747967
3646 0.176829268293
3692 0.178861788618
3716 0.180894308943
3735 0.182926829268
3837 0.184959349593
3838 0.186991869919
3892 0.189024390244
3903 0.191056910569
3943 0.193089430894
3991 0.19512195122
4012 0.197154471545
4022 0.19918699187
4040 0.201219512195
4082 0.20325203252
4167 0.205284552846
4202 0.207317073171
4246 0.209349593496
4289 0.211382113821
4290 0.213414634146
4302 0.215447154472
4303 0.217479674797
4306 0.219512195122
4309 0.221544715447
4346 0.223577235772
4348 0.225609756098
4355 0.227642276423
4388 0.229674796748
4435 0.231707317073
4454 0.233739837398
4497 0.235772357724
4499 0.237804878049
4524 0.239837398374
4531 0.241869918699
4560 0.243902439024
4565 0.24593495935
4571 0.247967479675
4596 0.25
4607 0.252032520325
4615 0.25406504065
4629 0.256097560976
4664 0.258130081301
4673 0.260162601626
4691 0.262195121951
4697 0.264227642276
4703 0.266260162602
4747 0.268292682927
4751 0.270325203252
4755 0.272357723577
4780 0.274390243902
4829 0.276422764228
4844 0.278455284553
4873 0.280487804878
4919 0.282520325203
4953 0.284552845528
4957 0.286585365854
4963 0.288617886179
4968 0.290650406504
4992 0.292682926829
5000 0.294715447154
5014 0.29674796748
5033 0.298780487805
5041 0.30081300813
5058 0.302845528455
5059 0.30487804878
5177 0.306910569106
5188 0.308943089431
5210 0.310975609756
5232 0.313008130081
5247 0.315040650407
5279 0.317073170732
5311 0.319105691057
5402 0.321138211382
5414 0.323170731707
5447 0.327235772358
5447 0.327235772358
5494 0.329268292683
5515 0.331300813008
5531 0.333333333333
5536 0.335365853659
5554 0.339430894309
5554 0.339430894309
5559 0.341463414634
5597 0.343495934959
5606 0.345528455285
5614 0.34756097561
5651 0.349593495935
5699 0.35162601626
5717 0.353658536585
5750 0.355691056911
5761 0.357723577236
5776 0.359756097561
5778 0.363821138211
5778 0.363821138211
5798 0.365853658537
5847 0.367886178862
5857 0.371951219512
5857 0.371951219512
5896 0.373983739837
5906 0.376016260163
5911 0.378048780488
5913 0.380081300813
5914 0.382113821138
5963 0.384146341463
5969 0.386178861789
5971 0.388211382114
5989 0.390243902439
5990 0.392276422764
6037 0.394308943089
6042 0.396341463415
6060 0.39837398374
6071 0.400406504065
6092 0.40243902439
6111 0.404471544715
6154 0.406504065041
6184 0.408536585366
6202 0.410569105691
6215 0.412601626016
6216 0.414634146341
6263 0.416666666667
6293 0.420731707317
6293 0.420731707317
6295 0.422764227642
6297 0.424796747967
6302 0.426829268293
6322 0.428861788618
6373 0.430894308943
6392 0.432926829268
6394 0.434959349593
6398 0.436991869919
6399 0.439024390244
6458 0.441056910569
6477 0.443089430894
6497 0.44512195122
6549 0.447154471545
6557 0.44918699187
6563 0.451219512195
6573 0.45325203252
6587 0.455284552846
6616 0.457317073171
6639 0.459349593496
6644 0.461382113821
6657 0.465447154472
6657 0.465447154472
6675 0.467479674797
6692 0.469512195122
6737 0.471544715447
6750 0.473577235772
6788 0.475609756098
6805 0.477642276423
6807 0.479674796748
6858 0.481707317073
6874 0.483739837398
6889 0.485772357724
6913 0.487804878049
6914 0.489837398374
6943 0.491869918699
7018 0.493902439024
7060 0.49593495935
7081 0.497967479675
7110 0.5
7111 0.502032520325
7121 0.50406504065
7131 0.506097560976
7136 0.508130081301
7189 0.510162601626
7227 0.512195121951
7239 0.514227642276
7245 0.516260162602
7252 0.518292682927
7284 0.520325203252
7289 0.522357723577
7371 0.524390243902
7403 0.526422764228
7413 0.528455284553
7421 0.530487804878
7432 0.532520325203
7443 0.534552845528
7607 0.536585365854
7626 0.538617886179
7669 0.540650406504
7708 0.542682926829
7755 0.544715447154
7785 0.54674796748
7787 0.548780487805
7804 0.55081300813
7831 0.552845528455
7842 0.55487804878
7845 0.556910569106
7984 0.558943089431
8010 0.560975609756
8034 0.563008130081
8092 0.565040650407
8094 0.567073170732
8110 0.569105691057
8115 0.571138211382
8124 0.573170731707
8165 0.575203252033
8188 0.577235772358
8219 0.579268292683
8227 0.581300813008
8244 0.583333333333
8287 0.585365853659
8291 0.587398373984
8294 0.589430894309
8325 0.591463414634
8345 0.593495934959
8348 0.595528455285
8398 0.59756097561
8399 0.599593495935
8401 0.60162601626
8530 0.603658536585
8531 0.605691056911
8650 0.607723577236
8688 0.609756097561
8724 0.611788617886
8754 0.613821138211
8772 0.615853658537
8796 0.617886178862
8861 0.619918699187
8905 0.621951219512
8961 0.623983739837
8981 0.626016260163
9005 0.628048780488
9029 0.630081300813
9088 0.632113821138
9167 0.634146341463
9179 0.636178861789
9228 0.638211382114
9271 0.640243902439
9336 0.642276422764
9340 0.644308943089
9373 0.646341463415
9391 0.64837398374
9393 0.650406504065
9416 0.65243902439
9470 0.654471544715
9499 0.656504065041
9561 0.658536585366
9572 0.660569105691
9639 0.662601626016
9644 0.664634146341
9654 0.666666666667
9655 0.668699186992
9678 0.670731707317
9696 0.672764227642
9745 0.674796747967
9764 0.676829268293
9808 0.678861788618
9859 0.680894308943
9893 0.682926829268
9920 0.684959349593
9946 0.686991869919
9974 0.689024390244
9982 0.691056910569
9990 0.693089430894
10077 0.69512195122
10141 0.697154471545
10171 0.69918699187
10254 0.701219512195
10339 0.70325203252
10380 0.705284552846
10394 0.707317073171
10439 0.709349593496
10464 0.711382113821
10472 0.713414634146
10478 0.715447154472
10518 0.717479674797
10530 0.719512195122
10536 0.721544715447
10543 0.723577235772
10599 0.725609756098
10611 0.727642276423
10638 0.729674796748
10646 0.731707317073
10750 0.733739837398
10770 0.735772357724
10821 0.737804878049
10822 0.739837398374
10852 0.741869918699
10865 0.743902439024
10946 0.74593495935
10962 0.747967479675
10978 0.75
10998 0.752032520325
11148 0.75406504065
11189 0.756097560976
11207 0.758130081301
11221 0.760162601626
11278 0.762195121951
11329 0.764227642276
11354 0.766260162602
11367 0.768292682927
11409 0.770325203252
11432 0.772357723577
11438 0.774390243902
11462 0.776422764228
11485 0.778455284553
11494 0.780487804878
11543 0.782520325203
11582 0.784552845528
11592 0.786585365854
11618 0.788617886179
11636 0.790650406504
11642 0.792682926829
11647 0.794715447154
11665 0.79674796748
11696 0.798780487805
11890 0.80081300813
11936 0.802845528455
11961 0.80487804878
12027 0.806910569106
12072 0.808943089431
12102 0.810975609756
12110 0.813008130081
12227 0.815040650407
12285 0.817073170732
12306 0.819105691057
12314 0.821138211382
12343 0.823170731707
12424 0.825203252033
12436 0.827235772358
12470 0.829268292683
12491 0.831300813008
12520 0.833333333333
12537 0.835365853659
12577 0.837398373984
12664 0.839430894309
12678 0.841463414634
12703 0.843495934959
12760 0.845528455285
12883 0.84756097561
12943 0.849593495935
12964 0.85162601626
13082 0.853658536585
13140 0.855691056911
13169 0.857723577236
13262 0.859756097561
13394 0.861788617886
13409 0.863821138211
13432 0.865853658537
13500 0.867886178862
13541 0.869918699187
13622 0.871951219512
13661 0.873983739837
13710 0.876016260163
14039 0.878048780488
14207 0.880081300813
14261 0.882113821138
14483 0.884146341463
14622 0.886178861789
15059 0.888211382114
15584 0.890243902439
15646 0.892276422764
15698 0.894308943089
16280 0.896341463415
16529 0.89837398374
17445 0.900406504065
17874 0.90243902439
17998 0.904471544715
18051 0.906504065041
18704 0.908536585366
18839 0.910569105691
19228 0.912601626016
19289 0.914634146341
19498 0.916666666667
19626 0.918699186992
19812 0.920731707317
20211 0.922764227642
21417 0.924796747967
21716 0.926829268293
21883 0.928861788618
22013 0.930894308943
22044 0.932926829268
22479 0.934959349593
22666 0.936991869919
23935 0.939024390244
23962 0.941056910569
24088 0.943089430894
24186 0.94512195122
24267 0.947154471545
24329 0.94918699187
24794 0.951219512195
24998 0.95325203252
25052 0.955284552846
25089 0.957317073171
26066 0.959349593496
26535 0.961382113821
27947 0.963414634146
28021 0.965447154472
33979 0.967479674797
34334 0.969512195122
34509 0.971544715447
35083 0.973577235772
35496 0.975609756098
37340 0.977642276423
38092 0.979674796748
42285 0.981707317073
43558 0.983739837398
50628 0.985772357724
53054 0.987804878049
81128 0.989837398374
112067 0.991869918699
131832 0.993902439024
134656 0.99593495935
178475 0.997967479675
443896 1.0
