59 0.00202429149798
723 0.00404858299595
1498 0.00607287449393
1534 0.0080971659919
1681 0.0101214574899
1731 0.0121457489879
2109 0.0141700404858
2123 0.0161943319838
2137 0.0182186234818
2233 0.0202429149798
2266 0.0222672064777
2456 0.0242914979757
2565 0.0263157894737
2578 0.0283400809717
2584 0.0303643724696
2589 0.0323886639676
2621 0.0344129554656
2706 0.0364372469636
2726 0.0384615384615
2778 0.0404858299595
2824 0.0425101214575
2873 0.0445344129555
2902 0.0465587044534
3072 0.0485829959514
3092 0.0506072874494
3107 0.0526315789474
3108 0.0546558704453
3162 0.0566801619433
3213 0.0587044534413
3214 0.0607287449393
3244 0.0627530364372
3262 0.0647773279352
3309 0.0668016194332
3323 0.0688259109312
3329 0.0708502024291
3340 0.0728744939271
3357 0.0748987854251
3369 0.0769230769231
3412 0.0789473684211
3420 0.080971659919
3468 0.082995951417
3497 0.085020242915
3500 0.087044534413
3503 0.0890688259109
3651 0.0910931174089
3700 0.0931174089069
3702 0.0951417004049
3710 0.0971659919028
3745 0.0991902834008
3761 0.101214574899
3776 0.103238866397
3782 0.105263157895
3823 0.107287449393
3832 0.109311740891
3862 0.111336032389
3894 0.113360323887
3924 0.117408906883
3924 0.117408906883
3945 0.119433198381
3951 0.121457489879
3989 0.123481781377
4019 0.125506072874
4069 0.127530364372
4099 0.12955465587
4109 0.131578947368
4148 0.133603238866
4194 0.135627530364
4226 0.137651821862
4255 0.13967611336
4256 0.141700404858
4286 0.143724696356
4297 0.145748987854
4301 0.147773279352
4305 0.14979757085
4306 0.151821862348
4371 0.153846153846
4374 0.155870445344
4395 0.157894736842
4403 0.15991902834
4412 0.161943319838
4429 0.163967611336
4457 0.165991902834
4463 0.168016194332
4492 0.17004048583
4530 0.172064777328
4545 0.174089068826
4546 0.176113360324
4556 0.178137651822
4558 0.18016194332
4589 0.182186234818
4604 0.184210526316
4624 0.186234817814
4631 0.188259109312
4636 0.19028340081
4650 0.192307692308
4657 0.194331983806
4659 0.196356275304
4678 0.198380566802
4693 0.2004048583
4694 0.202429149798
4697 0.204453441296
4732 0.206477732794
4745 0.208502024291
4754 0.210526315789
4764 0.212550607287
4770 0.214574898785
4788 0.216599190283
4795 0.218623481781
4802 0.222672064777
4802 0.222672064777
4804 0.224696356275
4809 0.226720647773
4832 0.228744939271
4835 0.230769230769
4845 0.232793522267
4847 0.234817813765
4852 0.236842105263
4862 0.238866396761
4880 0.240890688259
4884 0.242914979757
4893 0.244939271255
4915 0.246963562753
4921 0.248987854251
4928 0.251012145749
4940 0.253036437247
4944 0.255060728745
4955 0.257085020243
4958 0.259109311741
4967 0.261133603239
4970 0.263157894737
4972 0.265182186235
4981 0.267206477733
4988 0.269230769231
4989 0.271255060729
4993 0.273279352227
5014 0.275303643725
5039 0.277327935223
5047 0.279352226721
5051 0.281376518219
5061 0.283400809717
5066 0.285425101215
5072 0.287449392713
5108 0.289473684211
5140 0.291497975709
5148 0.293522267206
5195 0.295546558704
5267 0.297570850202
5271 0.2995951417
5301 0.301619433198
5304 0.303643724696
5326 0.305668016194
5342 0.307692307692
5343 0.30971659919
5366 0.311740890688
5397 0.313765182186
5402 0.315789473684
5408 0.317813765182
5475 0.31983805668
5496 0.321862348178
5498 0.323886639676
5517 0.325910931174
5531 0.327935222672
5564 0.32995951417
5567 0.331983805668
5576 0.334008097166
5580 0.336032388664
5583 0.338056680162
5586 0.34008097166
5608 0.342105263158
5651 0.344129554656
5661 0.346153846154
5676 0.348178137652
5679 0.35020242915
5686 0.352226720648
5692 0.354251012146
5706 0.356275303644
5726 0.358299595142
5727 0.36032388664
5734 0.362348178138
5736 0.364372469636
5758 0.366396761134
5775 0.368421052632
5776 0.37044534413
5793 0.372469635628
5875 0.374493927126
5893 0.376518218623
5912 0.378542510121
5920 0.380566801619
5944 0.382591093117
5961 0.384615384615
5964 0.386639676113
5980 0.388663967611
5993 0.390688259109
5994 0.392712550607
6046 0.394736842105
6050 0.396761133603
6070 0.398785425101
6079 0.400809716599
6098 0.402834008097
6124 0.404858299595
6136 0.406882591093
6142 0.408906882591
6147 0.410931174089
6150 0.412955465587
6193 0.414979757085
6195 0.417004048583
6218 0.419028340081
6226 0.423076923077
6226 0.423076923077
6232 0.425101214575
6267 0.427125506073
6272 0.429149797571
6291 0.431174089069
6303 0.433198380567
6319 0.435222672065
6320 0.437246963563
6338 0.439271255061
6343 0.441295546559
6352 0.443319838057
6399 0.445344129555
6403 0.447368421053
6420 0.449392712551
6433 0.451417004049
6439 0.453441295547
6443 0.455465587045
6448 0.457489878543
6453 0.45951417004
6476 0.461538461538
6477 0.463562753036
6480 0.465587044534
6488 0.467611336032
6498 0.46963562753
6545 0.471659919028
6550 0.473684210526
6581 0.477732793522
6581 0.477732793522
6616 0.47975708502
6625 0.481781376518
6631 0.483805668016
6659 0.485829959514
6666 0.487854251012
6673 0.48987854251
6725 0.491902834008
6732 0.493927125506
6746 0.495951417004
6750 0.497975708502
6781 0.5
6783 0.502024291498
6804 0.504048582996
6806 0.506072874494
6807 0.508097165992
6859 0.51012145749
6861 0.512145748988
6872 0.514170040486
6908 0.516194331984
6919 0.518218623482
6931 0.52024291498
7046 0.522267206478
7051 0.524291497976
7052 0.526315789474
7091 0.528340080972
7096 0.53036437247
7103 0.532388663968
7105 0.536437246964
7105 0.536437246964
7117 0.538461538462
7144 0.54048582996
7171 0.542510121457
7197 0.544534412955
7201 0.546558704453
7207 0.548582995951
7218 0.550607287449
7225 0.552631578947
7231 0.554655870445
7267 0.556680161943
7279 0.558704453441
7287 0.560728744939
7311 0.562753036437
7321 0.564777327935
7324 0.566801619433
7327 0.568825910931
7336 0.570850202429
7360 0.572874493927
7363 0.574898785425
7371 0.576923076923
7376 0.578947368421
7384 0.580971659919
7425 0.582995951417
7470 0.585020242915
7504 0.587044534413
7522 0.589068825911
7553 0.591093117409
7586 0.593117408907
7590 0.595141700405
7591 0.597165991903
7598 0.599190283401
7624 0.601214574899
7639 0.603238866397
7648 0.605263157895
7662 0.607287449393
7669 0.609311740891
7671 0.611336032389
7682 0.613360323887
7701 0.615384615385
7704 0.617408906883
7726 0.619433198381
7738 0.621457489879
7780 0.623481781377
7781 0.625506072874
7788 0.627530364372
7890 0.62955465587
7901 0.631578947368
7903 0.633603238866
7905 0.635627530364
7918 0.637651821862
7924 0.63967611336
7929 0.641700404858
7934 0.643724696356
7961 0.645748987854
8099 0.647773279352
8119 0.64979757085
8127 0.651821862348
8154 0.653846153846
8180 0.655870445344
8188 0.657894736842
8213 0.65991902834
8258 0.661943319838
8265 0.663967611336
8305 0.665991902834
8311 0.668016194332
8368 0.67004048583
8414 0.672064777328
8466 0.674089068826
8482 0.676113360324
8523 0.678137651822
8530 0.68016194332
8536 0.682186234818
8608 0.684210526316
8618 0.686234817814
8652 0.688259109312
8684 0.69028340081
8708 0.692307692308
8754 0.694331983806
8811 0.696356275304
8857 0.698380566802
8860 0.7004048583
8902 0.702429149798
8905 0.704453441296
8956 0.706477732794
8966 0.708502024291
8980 0.710526315789
9000 0.712550607287
9013 0.714574898785
9059 0.716599190283
9060 0.718623481781
9069 0.720647773279
9075 0.722672064777
9079 0.724696356275
9103 0.726720647773
9107 0.728744939271
9132 0.730769230769
9183 0.732793522267
9213 0.734817813765
9254 0.736842105263
9258 0.738866396761
9375 0.740890688259
9390 0.742914979757
9403 0.744939271255
9419 0.746963562753
9425 0.748987854251
9618 0.751012145749
9641 0.753036437247
9685 0.755060728745
9740 0.757085020243
9778 0.759109311741
9857 0.761133603239
9859 0.763157894737
9976 0.765182186235
10005 0.767206477733
10085 0.769230769231
10236 0.771255060729
10256 0.773279352227
10259 0.775303643725
10364 0.777327935223
10375 0.779352226721
10376 0.781376518219
10428 0.783400809717
10443 0.785425101215
10457 0.787449392713
10489 0.789473684211
10512 0.791497975709
10563 0.793522267206
10645 0.795546558704
10648 0.797570850202
10650 0.7995951417
10681 0.801619433198
10699 0.803643724696
10862 0.805668016194
10885 0.807692307692
10973 0.811740890688
10973 0.811740890688
11001 0.813765182186
11002 0.815789473684
11033 0.817813765182
11070 0.81983805668
11083 0.821862348178
11142 0.823886639676
11151 0.825910931174
11192 0.827935222672
11255 0.82995951417
11285 0.831983805668
11323 0.834008097166
11410 0.836032388664
11420 0.838056680162
11424 0.84008097166
11463 0.842105263158
11464 0.844129554656
11517 0.846153846154
11637 0.848178137652
11838 0.85020242915
11848 0.852226720648
11916 0.854251012146
11924 0.856275303644
12003 0.858299595142
12005 0.86032388664
12081 0.862348178138
12120 0.864372469636
12164 0.866396761134
12306 0.868421052632
12307 0.87044534413
12328 0.872469635628
12438 0.874493927126
12493 0.876518218623
12523 0.878542510121
12597 0.880566801619
12861 0.882591093117
12870 0.886639676113
12870 0.886639676113
12871 0.888663967611
12876 0.890688259109
12878 0.892712550607
12915 0.894736842105
12940 0.896761133603
13149 0.898785425101
13184 0.900809716599
13317 0.902834008097
13352 0.904858299595
13413 0.906882591093
13452 0.908906882591
13613 0.910931174089
13629 0.912955465587
13716 0.914979757085
13845 0.917004048583
13932 0.919028340081
14094 0.921052631579
14235 0.923076923077
14299 0.925101214575
14386 0.927125506073
14578 0.929149797571
14579 0.931174089069
14598 0.933198380567
14657 0.935222672065
14679 0.937246963563
14921 0.939271255061
14991 0.941295546559
15057 0.943319838057
15450 0.945344129555
15730 0.947368421053
15741 0.949392712551
15965 0.951417004049
16202 0.953441295547
16437 0.955465587045
16669 0.957489878543
16733 0.95951417004
16893 0.961538461538
16955 0.963562753036
17379 0.965587044534
17690 0.967611336032
17930 0.96963562753
18215 0.971659919028
18528 0.973684210526
18709 0.975708502024
19417 0.977732793522
19686 0.97975708502
20158 0.981781376518
22074 0.983805668016
24075 0.985829959514
24530 0.987854251012
25723 0.98987854251
72707 0.991902834008
75283 0.993927125506
90088 0.995951417004
122869 0.997975708502
382469 1.0
