62 0.00202429149798
634 0.00404858299595
1356 0.00607287449393
1453 0.0080971659919
1473 0.0101214574899
1588 0.0121457489879
1805 0.0141700404858
1822 0.0161943319838
1958 0.0182186234818
2064 0.0202429149798
2120 0.0222672064777
2146 0.0242914979757
2243 0.0263157894737
2275 0.0283400809717
2314 0.0303643724696
2443 0.0323886639676
2476 0.0344129554656
2485 0.0364372469636
2529 0.0384615384615
2630 0.0404858299595
2678 0.0425101214575
2680 0.0445344129555
2682 0.0465587044534
2687 0.0485829959514
2743 0.0506072874494
2748 0.0526315789474
2751 0.0546558704453
2767 0.0566801619433
2863 0.0587044534413
2881 0.0607287449393
2894 0.0627530364372
2939 0.0647773279352
2942 0.0668016194332
3027 0.0688259109312
3086 0.0728744939271
3086 0.0728744939271
3094 0.0748987854251
3162 0.0769230769231
3171 0.0789473684211
3216 0.080971659919
3219 0.082995951417
3221 0.085020242915
3228 0.087044534413
3288 0.0890688259109
3298 0.0910931174089
3308 0.0931174089069
3326 0.0971659919028
3326 0.0971659919028
3353 0.0991902834008
3362 0.101214574899
3363 0.105263157895
3363 0.105263157895
3376 0.107287449393
3379 0.109311740891
3381 0.111336032389
3403 0.113360323887
3427 0.115384615385
3442 0.117408906883
3463 0.119433198381
3465 0.121457489879
3485 0.123481781377
3492 0.125506072874
3585 0.127530364372
3655 0.12955465587
3711 0.131578947368
3729 0.133603238866
3736 0.135627530364
3772 0.137651821862
3774 0.13967611336
3825 0.141700404858
3867 0.143724696356
3871 0.145748987854
3872 0.147773279352
3887 0.14979757085
3889 0.151821862348
3907 0.153846153846
3908 0.155870445344
3912 0.157894736842
3918 0.15991902834
3924 0.161943319838
3933 0.163967611336
3957 0.165991902834
3966 0.168016194332
3967 0.17004048583
4003 0.172064777328
4014 0.174089068826
4030 0.176113360324
4048 0.178137651822
4053 0.18016194332
4064 0.182186234818
4128 0.184210526316
4133 0.186234817814
4136 0.19028340081
4136 0.19028340081
4148 0.192307692308
4170 0.194331983806
4187 0.196356275304
4194 0.198380566802
4205 0.2004048583
4206 0.202429149798
4215 0.204453441296
4240 0.206477732794
4246 0.208502024291
4252 0.210526315789
4256 0.212550607287
4299 0.214574898785
4300 0.216599190283
4307 0.218623481781
4309 0.220647773279
4321 0.222672064777
4322 0.224696356275
4324 0.226720647773
4326 0.230769230769
4326 0.230769230769
4349 0.232793522267
4350 0.234817813765
4351 0.236842105263
4360 0.238866396761
4362 0.240890688259
4382 0.242914979757
4391 0.244939271255
4401 0.246963562753
4415 0.248987854251
4416 0.251012145749
4417 0.253036437247
4423 0.255060728745
4430 0.259109311741
4430 0.259109311741
4439 0.261133603239
4443 0.263157894737
4456 0.265182186235
4463 0.269230769231
4463 0.269230769231
4475 0.271255060729
4494 0.273279352227
4497 0.275303643725
4531 0.277327935223
4540 0.279352226721
4567 0.281376518219
4569 0.283400809717
4575 0.285425101215
4577 0.287449392713
4579 0.289473684211
4584 0.291497975709
4617 0.293522267206
4647 0.295546558704
4686 0.297570850202
4688 0.2995951417
4740 0.301619433198
4743 0.303643724696
4759 0.305668016194
4799 0.307692307692
4812 0.30971659919
4819 0.311740890688
4828 0.313765182186
4875 0.315789473684
4884 0.317813765182
4934 0.31983805668
4941 0.321862348178
4966 0.323886639676
4971 0.325910931174
4988 0.327935222672
5000 0.32995951417
5006 0.331983805668
5026 0.334008097166
5047 0.336032388664
5071 0.338056680162
5076 0.34008097166
5121 0.342105263158
5124 0.344129554656
5147 0.346153846154
5175 0.348178137652
5180 0.35020242915
5181 0.352226720648
5254 0.356275303644
5254 0.356275303644
5271 0.358299595142
5292 0.36032388664
5303 0.362348178138
5312 0.364372469636
5318 0.366396761134
5344 0.368421052632
5349 0.37044534413
5351 0.372469635628
5382 0.374493927126
5387 0.376518218623
5402 0.378542510121
5448 0.382591093117
5448 0.382591093117
5458 0.384615384615
5490 0.386639676113
5519 0.388663967611
5535 0.390688259109
5537 0.392712550607
5539 0.394736842105
5546 0.396761133603
5550 0.398785425101
5625 0.400809716599
5626 0.402834008097
5628 0.404858299595
5630 0.406882591093
5636 0.408906882591
5640 0.410931174089
5650 0.412955465587
5668 0.414979757085
5671 0.417004048583
5673 0.419028340081
5681 0.421052631579
5719 0.423076923077
5727 0.425101214575
5729 0.427125506073
5736 0.429149797571
5743 0.431174089069
5745 0.433198380567
5775 0.435222672065
5805 0.437246963563
5827 0.439271255061
5845 0.441295546559
5846 0.443319838057
5849 0.445344129555
5870 0.447368421053
5889 0.449392712551
5918 0.451417004049
5933 0.453441295547
5940 0.455465587045
5964 0.457489878543
5973 0.45951417004
5979 0.461538461538
6016 0.463562753036
6039 0.465587044534
6071 0.467611336032
6074 0.46963562753
6088 0.471659919028
6131 0.473684210526
6138 0.475708502024
6139 0.477732793522
6148 0.47975708502
6149 0.481781376518
6172 0.483805668016
6189 0.485829959514
6190 0.487854251012
6191 0.48987854251
6197 0.491902834008
6218 0.493927125506
6223 0.495951417004
6226 0.497975708502
6241 0.5
6246 0.502024291498
6250 0.504048582996
6259 0.506072874494
6261 0.508097165992
6266 0.51012145749
6279 0.512145748988
6286 0.514170040486
6288 0.516194331984
6318 0.518218623482
6392 0.52024291498
6398 0.522267206478
6411 0.526315789474
6411 0.526315789474
6413 0.528340080972
6428 0.53036437247
6434 0.532388663968
6463 0.534412955466
6467 0.536437246964
6545 0.538461538462
6569 0.54048582996
6584 0.542510121457
6594 0.544534412955
6596 0.546558704453
6606 0.548582995951
6640 0.550607287449
6663 0.552631578947
6668 0.556680161943
6668 0.556680161943
6676 0.558704453441
6703 0.560728744939
6735 0.562753036437
6816 0.564777327935
6828 0.566801619433
6832 0.568825910931
6843 0.570850202429
6845 0.572874493927
6847 0.576923076923
6847 0.576923076923
6860 0.578947368421
6871 0.580971659919
6874 0.582995951417
6880 0.585020242915
6891 0.587044534413
6915 0.589068825911
6925 0.591093117409
7019 0.593117408907
7040 0.595141700405
7057 0.597165991903
7058 0.599190283401
7064 0.601214574899
7066 0.603238866397
7152 0.605263157895
7157 0.607287449393
7221 0.609311740891
7229 0.611336032389
7241 0.613360323887
7254 0.615384615385
7292 0.617408906883
7314 0.619433198381
7319 0.621457489879
7330 0.623481781377
7352 0.625506072874
7456 0.627530364372
7465 0.62955465587
7495 0.631578947368
7498 0.633603238866
7504 0.635627530364
7505 0.637651821862
7576 0.641700404858
7576 0.641700404858
7599 0.643724696356
7603 0.645748987854
7604 0.647773279352
7617 0.64979757085
7620 0.651821862348
7633 0.653846153846
7642 0.655870445344
7648 0.657894736842
7673 0.65991902834
7688 0.661943319838
7712 0.663967611336
7721 0.665991902834
7750 0.668016194332
7760 0.67004048583
7776 0.672064777328
7814 0.674089068826
7822 0.676113360324
7826 0.678137651822
7858 0.68016194332
7907 0.682186234818
7929 0.684210526316
7949 0.686234817814
7952 0.688259109312
8023 0.69028340081
8029 0.692307692308
8043 0.694331983806
8066 0.696356275304
8067 0.698380566802
8128 0.7004048583
8132 0.702429149798
8141 0.704453441296
8152 0.706477732794
8236 0.708502024291
8275 0.710526315789
8347 0.712550607287
8354 0.714574898785
8371 0.716599190283
8417 0.718623481781
8426 0.720647773279
8476 0.722672064777
8485 0.724696356275
8539 0.726720647773
8543 0.728744939271
8581 0.730769230769
8592 0.732793522267
8653 0.734817813765
8728 0.736842105263
8766 0.738866396761
8772 0.740890688259
8781 0.742914979757
8810 0.744939271255
8818 0.746963562753
8857 0.748987854251
8863 0.751012145749
8881 0.753036437247
8941 0.755060728745
8966 0.757085020243
8977 0.759109311741
9085 0.761133603239
9101 0.763157894737
9124 0.765182186235
9144 0.767206477733
9151 0.769230769231
9218 0.771255060729
9255 0.773279352227
9382 0.775303643725
9392 0.777327935223
9411 0.779352226721
9474 0.781376518219
9580 0.783400809717
9587 0.785425101215
9652 0.789473684211
9652 0.789473684211
9656 0.791497975709
9657 0.793522267206
9693 0.795546558704
9747 0.797570850202
9754 0.7995951417
9755 0.801619433198
9781 0.803643724696
9785 0.805668016194
9817 0.807692307692
9851 0.80971659919
9864 0.811740890688
9874 0.813765182186
9897 0.815789473684
9974 0.817813765182
10010 0.81983805668
10177 0.821862348178
10262 0.823886639676
10276 0.825910931174
10353 0.827935222672
10389 0.82995951417
10459 0.831983805668
10575 0.834008097166
10592 0.836032388664
10599 0.838056680162
10610 0.84008097166
10621 0.842105263158
10694 0.844129554656
10739 0.846153846154
10854 0.848178137652
10923 0.85020242915
10928 0.852226720648
10957 0.854251012146
11028 0.856275303644
11041 0.858299595142
11078 0.86032388664
11104 0.862348178138
11158 0.864372469636
11195 0.866396761134
11214 0.868421052632
11283 0.87044534413
11308 0.872469635628
11332 0.874493927126
11375 0.876518218623
11644 0.878542510121
11746 0.880566801619
11787 0.882591093117
11911 0.884615384615
11947 0.886639676113
11975 0.888663967611
11976 0.890688259109
12219 0.892712550607
12320 0.894736842105
12414 0.896761133603
12435 0.898785425101
12576 0.900809716599
12589 0.902834008097
12644 0.904858299595
12662 0.906882591093
12718 0.908906882591
12729 0.910931174089
12844 0.912955465587
12863 0.914979757085
13117 0.917004048583
13129 0.919028340081
13212 0.921052631579
13286 0.923076923077
13294 0.925101214575
13440 0.927125506073
13627 0.929149797571
13794 0.931174089069
13796 0.933198380567
13853 0.935222672065
13978 0.937246963563
14039 0.939271255061
14168 0.941295546559
14214 0.943319838057
14238 0.945344129555
14240 0.947368421053
14325 0.949392712551
14736 0.951417004049
14866 0.953441295547
14914 0.955465587045
15065 0.957489878543
15183 0.95951417004
15261 0.961538461538
15443 0.963562753036
16271 0.965587044534
16521 0.967611336032
16975 0.96963562753
17386 0.971659919028
17497 0.973684210526
17739 0.975708502024
18508 0.977732793522
19102 0.97975708502
19996 0.981781376518
20015 0.983805668016
21397 0.985829959514
22569 0.987854251012
24157 0.98987854251
27490 0.991902834008
69363 0.993927125506
90754 0.995951417004
124844 0.997975708502
445310 1.0
