33 0.00202839756592
1197 0.00405679513185
1223 0.00608519269777
1830 0.00811359026369
1935 0.0101419878296
2070 0.0121703853955
2672 0.0141987829615
2705 0.0162271805274
2721 0.0182555780933
2744 0.0202839756592
2806 0.0223123732252
2853 0.0243407707911
2873 0.026369168357
2922 0.0283975659229
2948 0.0304259634888
2996 0.0324543610548
3043 0.0344827586207
3195 0.0365111561866
3334 0.0385395537525
3348 0.0405679513185
3357 0.0425963488844
3411 0.0446247464503
3425 0.0466531440162
3527 0.0486815415822
3593 0.0507099391481
3658 0.052738336714
3739 0.0547667342799
3755 0.0567951318458
3810 0.0588235294118
3840 0.0608519269777
3891 0.0628803245436
3902 0.0649087221095
3955 0.0669371196755
4087 0.0689655172414
4089 0.0709939148073
4136 0.0730223123732
4215 0.0750507099391
4223 0.0770791075051
4254 0.079107505071
4297 0.0811359026369
4364 0.0831643002028
4389 0.0851926977688
4394 0.0872210953347
4398 0.0892494929006
4403 0.0912778904665
4410 0.0933062880325
4451 0.0953346855984
4482 0.0973630831643
4501 0.0993914807302
4537 0.101419878296
4544 0.103448275862
4570 0.105476673428
4573 0.107505070994
4593 0.10953346856
4595 0.111561866126
4695 0.113590263692
4734 0.115618661258
4754 0.117647058824
4773 0.121703853955
4773 0.121703853955
4790 0.123732251521
4840 0.125760649087
4842 0.129817444219
4842 0.129817444219
4846 0.131845841785
4891 0.133874239351
4911 0.135902636917
4913 0.137931034483
4918 0.139959432049
4929 0.141987829615
4936 0.144016227181
4942 0.146044624746
4957 0.148073022312
4993 0.150101419878
5011 0.152129817444
5021 0.15415821501
5035 0.156186612576
5041 0.158215010142
5043 0.160243407708
5055 0.162271805274
5056 0.16430020284
5093 0.166328600406
5125 0.168356997972
5145 0.170385395538
5158 0.172413793103
5168 0.174442190669
5200 0.176470588235
5205 0.178498985801
5230 0.180527383367
5255 0.182555780933
5259 0.184584178499
5268 0.186612576065
5280 0.188640973631
5335 0.190669371197
5337 0.192697768763
5339 0.194726166329
5350 0.196754563895
5351 0.19878296146
5376 0.200811359026
5429 0.202839756592
5456 0.204868154158
5482 0.206896551724
5495 0.20892494929
5541 0.210953346856
5548 0.212981744422
5553 0.215010141988
5554 0.217038539554
5563 0.21906693712
5577 0.221095334686
5584 0.223123732252
5593 0.225152129817
5594 0.227180527383
5602 0.229208924949
5615 0.231237322515
5623 0.233265720081
5642 0.235294117647
5658 0.237322515213
5671 0.239350912779
5716 0.241379310345
5724 0.243407707911
5760 0.245436105477
5763 0.247464503043
5790 0.249492900609
5791 0.251521298174
5801 0.25354969574
5808 0.255578093306
5810 0.257606490872
5835 0.259634888438
5839 0.261663286004
5854 0.26369168357
5876 0.265720081136
5883 0.267748478702
5908 0.269776876268
5919 0.271805273834
5924 0.2738336714
5926 0.275862068966
5951 0.277890466531
5953 0.279918864097
5968 0.281947261663
5972 0.283975659229
5982 0.286004056795
5989 0.288032454361
5992 0.290060851927
6021 0.292089249493
6034 0.294117647059
6064 0.296146044625
6067 0.298174442191
6084 0.300202839757
6085 0.302231237323
6091 0.304259634888
6194 0.306288032454
6211 0.30831643002
6229 0.310344827586
6245 0.312373225152
6248 0.314401622718
6254 0.316430020284
6273 0.31845841785
6286 0.320486815416
6313 0.322515212982
6316 0.324543610548
6330 0.326572008114
6350 0.32860040568
6360 0.330628803245
6370 0.332657200811
6372 0.334685598377
6373 0.336713995943
6380 0.338742393509
6409 0.340770791075
6423 0.342799188641
6424 0.346855983773
6424 0.346855983773
6427 0.348884381339
6440 0.350912778905
6455 0.352941176471
6469 0.354969574037
6489 0.356997971602
6493 0.359026369168
6522 0.361054766734
6526 0.3630831643
6543 0.365111561866
6581 0.367139959432
6609 0.369168356998
6614 0.371196754564
6622 0.37322515213
6625 0.377281947262
6625 0.377281947262
6629 0.379310344828
6630 0.381338742394
6637 0.383367139959
6659 0.385395537525
6667 0.387423935091
6672 0.389452332657
6676 0.391480730223
6678 0.393509127789
6687 0.395537525355
6703 0.397565922921
6708 0.399594320487
6760 0.401622718053
6770 0.403651115619
6792 0.405679513185
6807 0.407707910751
6825 0.409736308316
6879 0.411764705882
6901 0.413793103448
6904 0.415821501014
6913 0.41784989858
6917 0.419878296146
6920 0.421906693712
6928 0.423935091278
6933 0.425963488844
6977 0.42799188641
7031 0.430020283976
7070 0.432048681542
7072 0.434077079108
7102 0.436105476673
7109 0.438133874239
7161 0.440162271805
7166 0.442190669371
7190 0.444219066937
7201 0.446247464503
7209 0.448275862069
7216 0.450304259635
7217 0.452332657201
7251 0.454361054767
7255 0.456389452333
7292 0.458417849899
7307 0.460446247465
7317 0.46247464503
7331 0.464503042596
7332 0.466531440162
7338 0.468559837728
7361 0.470588235294
7365 0.47261663286
7369 0.474645030426
7371 0.476673427992
7393 0.478701825558
7452 0.480730223124
7462 0.48275862069
7473 0.484787018256
7480 0.486815415822
7490 0.488843813387
7549 0.490872210953
7552 0.494929006085
7552 0.494929006085
7590 0.496957403651
7603 0.498985801217
7625 0.501014198783
7631 0.503042596349
7660 0.505070993915
7665 0.507099391481
7713 0.509127789047
7722 0.511156186613
7748 0.513184584178
7767 0.515212981744
7782 0.51724137931
7783 0.519269776876
7821 0.521298174442
7828 0.523326572008
7918 0.52738336714
7918 0.52738336714
7923 0.529411764706
7934 0.531440162272
7946 0.533468559838
7954 0.535496957404
7962 0.539553752535
7962 0.539553752535
7988 0.541582150101
7991 0.543610547667
7993 0.545638945233
8027 0.547667342799
8053 0.549695740365
8059 0.551724137931
8076 0.553752535497
8130 0.555780933063
8155 0.557809330629
8169 0.559837728195
8207 0.561866125761
8229 0.563894523327
8232 0.565922920892
8233 0.567951318458
8274 0.569979716024
8297 0.57200811359
8330 0.574036511156
8341 0.576064908722
8345 0.578093306288
8346 0.580121703854
8371 0.58215010142
8383 0.584178498986
8399 0.586206896552
8433 0.588235294118
8450 0.590263691684
8483 0.592292089249
8545 0.594320486815
8575 0.596348884381
8599 0.598377281947
8632 0.600405679513
8651 0.602434077079
8655 0.604462474645
8663 0.606490872211
8675 0.608519269777
8683 0.610547667343
8713 0.612576064909
8769 0.614604462475
8796 0.616632860041
8817 0.618661257606
8868 0.620689655172
8929 0.622718052738
8936 0.624746450304
8947 0.62677484787
8988 0.628803245436
9008 0.630831643002
9025 0.632860040568
9049 0.634888438134
9089 0.6369168357
9138 0.638945233266
9145 0.640973630832
9164 0.643002028398
9166 0.645030425963
9177 0.647058823529
9229 0.649087221095
9238 0.651115618661
9269 0.653144016227
9318 0.655172413793
9374 0.659229208925
9374 0.659229208925
9384 0.661257606491
9390 0.663286004057
9417 0.667342799189
9417 0.667342799189
9424 0.669371196755
9439 0.67139959432
9479 0.673427991886
9566 0.677484787018
9566 0.677484787018
9568 0.679513184584
9583 0.68154158215
9600 0.683569979716
9684 0.685598377282
9737 0.687626774848
9783 0.689655172414
9795 0.69168356998
9803 0.693711967546
9817 0.695740365112
9836 0.697768762677
9938 0.699797160243
9956 0.701825557809
9973 0.703853955375
10022 0.705882352941
10089 0.709939148073
10089 0.709939148073
10100 0.711967545639
10116 0.713995943205
10150 0.716024340771
10177 0.718052738337
10191 0.720081135903
10207 0.722109533469
10212 0.724137931034
10297 0.7261663286
10346 0.728194726166
10386 0.730223123732
10444 0.732251521298
10453 0.734279918864
10477 0.73630831643
10497 0.738336713996
10501 0.740365111562
10600 0.742393509128
10681 0.744421906694
10690 0.74645030426
10704 0.748478701826
10736 0.750507099391
10797 0.752535496957
10799 0.754563894523
10834 0.756592292089
10884 0.758620689655
10901 0.760649087221
10968 0.762677484787
11036 0.764705882353
11077 0.766734279919
11115 0.768762677485
11173 0.770791075051
11206 0.772819472617
11219 0.774847870183
11273 0.776876267748
11278 0.778904665314
11280 0.78093306288
11304 0.782961460446
11307 0.784989858012
11320 0.787018255578
11471 0.789046653144
11490 0.79107505071
11501 0.793103448276
11618 0.795131845842
11779 0.797160243408
11790 0.799188640974
11837 0.80121703854
11880 0.803245436105
11903 0.805273833671
11993 0.807302231237
12035 0.809330628803
12074 0.811359026369
12103 0.813387423935
12148 0.815415821501
12211 0.817444219067
12320 0.819472616633
12388 0.821501014199
12406 0.823529411765
12418 0.825557809331
12507 0.827586206897
12515 0.829614604462
12548 0.831643002028
12626 0.833671399594
12715 0.83569979716
12730 0.837728194726
12814 0.839756592292
12852 0.841784989858
12902 0.843813387424
12990 0.84584178499
13119 0.847870182556
13130 0.849898580122
13373 0.851926977688
13386 0.853955375254
13434 0.855983772819
13477 0.858012170385
13483 0.860040567951
13538 0.862068965517
13649 0.864097363083
13652 0.866125760649
13681 0.868154158215
13683 0.870182555781
13696 0.872210953347
13771 0.874239350913
13796 0.876267748479
13799 0.878296146045
13840 0.880324543611
13849 0.882352941176
14000 0.884381338742
14131 0.886409736308
14147 0.888438133874
14623 0.89046653144
14666 0.892494929006
14682 0.894523326572
14736 0.896551724138
14773 0.898580121704
14818 0.90060851927
14855 0.902636916836
15023 0.904665314402
15116 0.906693711968
15345 0.908722109533
15355 0.910750507099
15415 0.912778904665
15683 0.914807302231
15731 0.916835699797
15734 0.918864097363
15846 0.920892494929
15893 0.922920892495
15949 0.924949290061
15992 0.926977687627
16142 0.929006085193
16300 0.931034482759
16423 0.933062880325
16467 0.93509127789
16623 0.937119675456
16678 0.939148073022
16694 0.941176470588
16848 0.943204868154
16868 0.94523326572
17006 0.947261663286
17082 0.949290060852
17154 0.951318458418
17321 0.953346855984
17565 0.95537525355
18145 0.957403651116
18362 0.959432048682
18600 0.961460446247
18997 0.963488843813
19002 0.965517241379
19957 0.967545638945
20117 0.969574036511
20175 0.971602434077
20306 0.973630831643
20437 0.975659229209
20477 0.977687626775
20529 0.979716024341
21241 0.981744421907
22840 0.983772819473
52069 0.985801217039
63009 0.987829614604
84017 0.98985801217
124460 0.991886409736
127456 0.993914807302
170172 0.995943204868
432033 0.997971602434
1719098 1.0
