30 0.0020325203252
971 0.00406504065041
1443 0.00609756097561
2036 0.00813008130081
2142 0.010162601626
2577 0.0121951219512
2807 0.0142276422764
2826 0.0162601626016
2876 0.0182926829268
3059 0.020325203252
3239 0.0223577235772
3392 0.0243902439024
3418 0.0264227642276
3809 0.0284552845528
4090 0.030487804878
4102 0.0325203252033
4117 0.0345528455285
4237 0.0365853658537
4342 0.0386178861789
4507 0.0406504065041
4537 0.0426829268293
4603 0.0447154471545
4711 0.0467479674797
4714 0.0487804878049
4832 0.0508130081301
4850 0.0528455284553
4917 0.0548780487805
4979 0.0569105691057
4989 0.0589430894309
5059 0.0609756097561
5068 0.0630081300813
5132 0.0650406504065
5489 0.0670731707317
5501 0.0691056910569
5618 0.0711382113821
5738 0.0731707317073
5769 0.0752032520325
5851 0.0772357723577
6041 0.0792682926829
6176 0.0813008130081
6182 0.0833333333333
6204 0.0853658536585
6223 0.0873983739837
6645 0.0894308943089
6682 0.0914634146341
6860 0.0934959349593
6947 0.0955284552846
6990 0.0975609756098
6997 0.099593495935
7006 0.10162601626
7021 0.103658536585
7149 0.105691056911
7173 0.107723577236
7231 0.109756097561
7251 0.111788617886
7272 0.113821138211
7320 0.115853658537
7545 0.117886178862
7713 0.119918699187
7789 0.121951219512
7812 0.123983739837
7818 0.126016260163
7866 0.128048780488
7978 0.130081300813
8008 0.132113821138
8041 0.134146341463
8063 0.136178861789
8164 0.138211382114
8176 0.140243902439
8282 0.142276422764
8303 0.144308943089
8324 0.14837398374
8324 0.14837398374
8445 0.150406504065
8455 0.15243902439
8539 0.154471544715
8567 0.156504065041
8589 0.158536585366
8617 0.160569105691
8629 0.162601626016
8753 0.164634146341
8791 0.166666666667
8793 0.168699186992
8839 0.170731707317
8931 0.172764227642
8955 0.174796747967
8966 0.176829268293
8988 0.178861788618
9023 0.180894308943
9037 0.182926829268
9076 0.184959349593
9098 0.186991869919
9147 0.189024390244
9151 0.191056910569
9180 0.193089430894
9198 0.19512195122
9253 0.197154471545
9258 0.19918699187
9288 0.201219512195
9298 0.20325203252
9335 0.205284552846
9345 0.207317073171
9362 0.209349593496
9415 0.211382113821
9480 0.213414634146
9531 0.215447154472
9581 0.217479674797
9618 0.219512195122
9840 0.221544715447
9909 0.223577235772
9937 0.225609756098
10017 0.227642276423
10068 0.229674796748
10085 0.231707317073
10088 0.233739837398
10154 0.235772357724
10178 0.237804878049
10368 0.239837398374
10384 0.241869918699
10389 0.243902439024
10403 0.24593495935
10473 0.247967479675
10479 0.25
10530 0.252032520325
10555 0.25406504065
10634 0.256097560976
10688 0.258130081301
10734 0.260162601626
10739 0.262195121951
10784 0.264227642276
10837 0.266260162602
10900 0.268292682927
10958 0.270325203252
10992 0.272357723577
11210 0.274390243902
11237 0.276422764228
11269 0.278455284553
11275 0.280487804878
11327 0.282520325203
11381 0.284552845528
11401 0.286585365854
11417 0.288617886179
11419 0.290650406504
11508 0.292682926829
11672 0.294715447154
11738 0.29674796748
11739 0.298780487805
11753 0.30081300813
11865 0.302845528455
11879 0.30487804878
11885 0.306910569106
11950 0.308943089431
12004 0.310975609756
12149 0.313008130081
12155 0.315040650407
12166 0.317073170732
12169 0.319105691057
12235 0.321138211382
12255 0.325203252033
12255 0.325203252033
12330 0.327235772358
12369 0.329268292683
12424 0.331300813008
12533 0.333333333333
12591 0.335365853659
12668 0.337398373984
12802 0.339430894309
12849 0.341463414634
13004 0.343495934959
13009 0.345528455285
13018 0.34756097561
13022 0.349593495935
13110 0.35162601626
13188 0.353658536585
13199 0.355691056911
13311 0.357723577236
13384 0.359756097561
13471 0.361788617886
13488 0.363821138211
13597 0.365853658537
13611 0.367886178862
13655 0.369918699187
13665 0.371951219512
13795 0.373983739837
13843 0.376016260163
13866 0.378048780488
13881 0.380081300813
13899 0.382113821138
13947 0.384146341463
14000 0.386178861789
14030 0.388211382114
14044 0.390243902439
14243 0.392276422764
14269 0.394308943089
14284 0.396341463415
14375 0.39837398374
14385 0.400406504065
14387 0.40243902439
14498 0.404471544715
14532 0.406504065041
14557 0.408536585366
14617 0.410569105691
14645 0.412601626016
14687 0.414634146341
14693 0.416666666667
14772 0.418699186992
14800 0.420731707317
14926 0.422764227642
14939 0.424796747967
14984 0.426829268293
14993 0.428861788618
15002 0.430894308943
15029 0.432926829268
15076 0.434959349593
15172 0.436991869919
15176 0.439024390244
15266 0.441056910569
15283 0.443089430894
15431 0.44512195122
15604 0.447154471545
15746 0.44918699187
15890 0.451219512195
15899 0.45325203252
15999 0.455284552846
16007 0.457317073171
16015 0.459349593496
16070 0.461382113821
16107 0.463414634146
16116 0.465447154472
16249 0.467479674797
16314 0.469512195122
16315 0.471544715447
16375 0.473577235772
16405 0.475609756098
16442 0.477642276423
16522 0.479674796748
16549 0.481707317073
16600 0.483739837398
16642 0.485772357724
16754 0.487804878049
16803 0.489837398374
16857 0.491869918699
16942 0.493902439024
16969 0.49593495935
17013 0.497967479675
17249 0.5
17289 0.502032520325
17326 0.50406504065
17393 0.506097560976
17510 0.508130081301
17609 0.510162601626
17627 0.512195121951
17698 0.514227642276
17738 0.516260162602
17748 0.518292682927
17801 0.520325203252
17836 0.522357723577
17923 0.524390243902
17973 0.526422764228
17999 0.528455284553
18010 0.530487804878
18013 0.532520325203
18015 0.534552845528
18035 0.536585365854
18039 0.538617886179
18064 0.540650406504
18097 0.542682926829
18145 0.544715447154
18287 0.54674796748
18363 0.548780487805
18436 0.55081300813
18598 0.552845528455
18620 0.55487804878
18647 0.556910569106
18727 0.558943089431
18733 0.560975609756
18884 0.563008130081
18895 0.565040650407
18902 0.567073170732
19068 0.569105691057
19078 0.571138211382
19114 0.573170731707
19119 0.575203252033
19155 0.577235772358
19335 0.579268292683
19390 0.581300813008
19459 0.583333333333
19508 0.585365853659
19605 0.587398373984
19608 0.589430894309
19759 0.591463414634
19996 0.593495934959
20085 0.595528455285
20510 0.59756097561
20528 0.599593495935
20560 0.60162601626
20656 0.603658536585
20665 0.605691056911
20685 0.607723577236
20785 0.609756097561
20925 0.611788617886
20963 0.613821138211
21064 0.615853658537
21103 0.617886178862
21135 0.619918699187
21167 0.621951219512
21253 0.623983739837
21308 0.626016260163
21324 0.628048780488
21343 0.630081300813
21370 0.632113821138
21411 0.634146341463
21576 0.636178861789
21581 0.638211382114
21647 0.640243902439
21651 0.642276422764
21678 0.644308943089
21884 0.646341463415
21998 0.64837398374
22000 0.650406504065
22115 0.65243902439
22177 0.654471544715
22363 0.656504065041
22468 0.658536585366
22486 0.660569105691
22512 0.662601626016
22526 0.664634146341
22584 0.666666666667
22623 0.668699186992
22626 0.670731707317
22651 0.672764227642
22775 0.674796747967
22897 0.676829268293
22926 0.678861788618
23122 0.680894308943
23135 0.682926829268
23186 0.684959349593
23259 0.686991869919
23305 0.689024390244
23330 0.691056910569
23403 0.693089430894
23436 0.69512195122
23449 0.697154471545
23523 0.69918699187
23616 0.701219512195
23666 0.70325203252
23854 0.705284552846
23890 0.707317073171
23953 0.709349593496
24045 0.711382113821
24058 0.713414634146
24078 0.715447154472
24200 0.717479674797
24220 0.719512195122
24289 0.721544715447
24344 0.723577235772
24402 0.725609756098
24528 0.727642276423
24662 0.729674796748
24731 0.731707317073
24983 0.733739837398
25195 0.735772357724
25291 0.737804878049
25325 0.739837398374
25484 0.741869918699
25713 0.743902439024
25740 0.74593495935
25790 0.747967479675
25799 0.75
25858 0.752032520325
26102 0.75406504065
26158 0.756097560976
26251 0.758130081301
26274 0.760162601626
26314 0.762195121951
26334 0.764227642276
26336 0.766260162602
26357 0.768292682927
26396 0.770325203252
26466 0.772357723577
26497 0.774390243902
26581 0.776422764228
26592 0.778455284553
26618 0.780487804878
26741 0.782520325203
26749 0.784552845528
26974 0.786585365854
27334 0.788617886179
27549 0.790650406504
27600 0.792682926829
27663 0.794715447154
27765 0.79674796748
27978 0.798780487805
28077 0.80081300813
28248 0.802845528455
28686 0.80487804878
28821 0.806910569106
28844 0.808943089431
29008 0.810975609756
29018 0.813008130081
29110 0.815040650407
29142 0.817073170732
29246 0.819105691057
29379 0.821138211382
29409 0.823170731707
29412 0.825203252033
29877 0.827235772358
30180 0.829268292683
30210 0.831300813008
30491 0.833333333333
30494 0.835365853659
30580 0.837398373984
30638 0.839430894309
30781 0.841463414634
31246 0.843495934959
31268 0.845528455285
31467 0.84756097561
31584 0.849593495935
31660 0.85162601626
31780 0.853658536585
32015 0.855691056911
32128 0.857723577236
32954 0.859756097561
33046 0.861788617886
33056 0.863821138211
33427 0.865853658537
34274 0.867886178862
34381 0.869918699187
34686 0.871951219512
34972 0.873983739837
35286 0.876016260163
35293 0.878048780488
35656 0.880081300813
35877 0.882113821138
36314 0.884146341463
36800 0.886178861789
36945 0.888211382114
37036 0.890243902439
37365 0.892276422764
37713 0.894308943089
38274 0.896341463415
38603 0.89837398374
38701 0.900406504065
38841 0.90243902439
39684 0.904471544715
39736 0.906504065041
40810 0.908536585366
40873 0.910569105691
44189 0.912601626016
44213 0.914634146341
45916 0.916666666667
46650 0.918699186992
48095 0.920731707317
49245 0.922764227642
49646 0.924796747967
50285 0.926829268293
53000 0.928861788618
57815 0.930894308943
58834 0.932926829268
59093 0.934959349593
59570 0.936991869919
60888 0.939024390244
63354 0.941056910569
63681 0.943089430894
65225 0.94512195122
65563 0.947154471545
65816 0.94918699187
66517 0.951219512195
66749 0.95325203252
66927 0.955284552846
68840 0.957317073171
68866 0.959349593496
69045 0.961382113821
69884 0.963414634146
72079 0.965447154472
74096 0.967479674797
75159 0.969512195122
78133 0.971544715447
79601 0.973577235772
90762 0.975609756098
90975 0.977642276423
94695 0.979674796748
95773 0.981707317073
97217 0.983739837398
101115 0.985772357724
102249 0.987804878049
126288 0.989837398374
135803 0.991869918699
136811 0.993902439024
138028 0.99593495935
144649 0.997967479675
1400598 1.0
