55 0.00202429149798
913 0.00404858299595
1039 0.00607287449393
1093 0.0080971659919
1178 0.0101214574899
1225 0.0121457489879
1252 0.0141700404858
1328 0.0161943319838
1438 0.0182186234818
1615 0.0202429149798
1666 0.0222672064777
1670 0.0242914979757
1680 0.0263157894737
1751 0.0283400809717
1755 0.0303643724696
1797 0.0323886639676
1830 0.0344129554656
1894 0.0364372469636
1946 0.0384615384615
1955 0.0404858299595
1975 0.0425101214575
1978 0.0445344129555
1986 0.0465587044534
1998 0.0485829959514
2014 0.0506072874494
2017 0.0526315789474
2029 0.0546558704453
2060 0.0566801619433
2087 0.0587044534413
2105 0.0607287449393
2111 0.0627530364372
2178 0.0647773279352
2237 0.0668016194332
2256 0.0688259109312
2280 0.0708502024291
2316 0.0728744939271
2368 0.0748987854251
2369 0.0769230769231
2393 0.0789473684211
2410 0.080971659919
2416 0.082995951417
2437 0.085020242915
2576 0.087044534413
2577 0.0890688259109
2582 0.0910931174089
2616 0.0931174089069
2630 0.0951417004049
2642 0.0971659919028
2651 0.0991902834008
2658 0.101214574899
2671 0.103238866397
2680 0.105263157895
2714 0.107287449393
2721 0.109311740891
2722 0.111336032389
2723 0.113360323887
2764 0.115384615385
2789 0.117408906883
2800 0.119433198381
2820 0.121457489879
2846 0.123481781377
2861 0.125506072874
2877 0.127530364372
2923 0.12955465587
2945 0.131578947368
2948 0.133603238866
2960 0.135627530364
2989 0.13967611336
2989 0.13967611336
3005 0.141700404858
3019 0.143724696356
3048 0.145748987854
3059 0.147773279352
3094 0.14979757085
3096 0.151821862348
3108 0.153846153846
3141 0.155870445344
3152 0.157894736842
3174 0.15991902834
3243 0.161943319838
3259 0.163967611336
3273 0.165991902834
3276 0.168016194332
3290 0.17004048583
3320 0.172064777328
3328 0.174089068826
3341 0.176113360324
3376 0.178137651822
3388 0.18016194332
3393 0.182186234818
3428 0.184210526316
3451 0.186234817814
3456 0.188259109312
3460 0.19028340081
3473 0.192307692308
3477 0.194331983806
3502 0.198380566802
3502 0.198380566802
3521 0.2004048583
3536 0.202429149798
3538 0.204453441296
3548 0.206477732794
3557 0.208502024291
3561 0.210526315789
3567 0.212550607287
3604 0.214574898785
3609 0.216599190283
3613 0.218623481781
3619 0.220647773279
3633 0.222672064777
3639 0.224696356275
3648 0.226720647773
3654 0.228744939271
3661 0.230769230769
3666 0.232793522267
3669 0.234817813765
3701 0.236842105263
3704 0.238866396761
3733 0.240890688259
3737 0.242914979757
3744 0.244939271255
3746 0.246963562753
3762 0.248987854251
3767 0.251012145749
3794 0.253036437247
3801 0.255060728745
3810 0.257085020243
3811 0.259109311741
3816 0.261133603239
3835 0.263157894737
3847 0.265182186235
3871 0.267206477733
3886 0.269230769231
3903 0.271255060729
3922 0.273279352227
3928 0.275303643725
3940 0.277327935223
3982 0.279352226721
3999 0.281376518219
4020 0.285425101215
4020 0.285425101215
4038 0.287449392713
4041 0.289473684211
4067 0.291497975709
4106 0.293522267206
4128 0.295546558704
4147 0.297570850202
4189 0.2995951417
4212 0.301619433198
4213 0.303643724696
4222 0.305668016194
4223 0.307692307692
4234 0.30971659919
4251 0.311740890688
4256 0.313765182186
4267 0.315789473684
4278 0.317813765182
4288 0.31983805668
4300 0.321862348178
4314 0.323886639676
4315 0.325910931174
4324 0.327935222672
4340 0.32995951417
4381 0.331983805668
4397 0.334008097166
4411 0.336032388664
4422 0.338056680162
4436 0.34008097166
4441 0.342105263158
4448 0.344129554656
4451 0.346153846154
4463 0.348178137652
4484 0.35020242915
4496 0.352226720648
4499 0.354251012146
4520 0.356275303644
4524 0.358299595142
4536 0.36032388664
4555 0.362348178138
4556 0.364372469636
4572 0.366396761134
4578 0.368421052632
4579 0.37044534413
4593 0.374493927126
4593 0.374493927126
4641 0.376518218623
4649 0.378542510121
4655 0.380566801619
4683 0.382591093117
4734 0.384615384615
4764 0.386639676113
4779 0.388663967611
4838 0.390688259109
4853 0.392712550607
4906 0.394736842105
4970 0.396761133603
4998 0.398785425101
4999 0.400809716599
5009 0.402834008097
5014 0.404858299595
5022 0.406882591093
5023 0.408906882591
5053 0.410931174089
5064 0.412955465587
5082 0.414979757085
5098 0.417004048583
5100 0.419028340081
5131 0.421052631579
5135 0.423076923077
5158 0.425101214575
5166 0.427125506073
5167 0.429149797571
5193 0.431174089069
5194 0.433198380567
5208 0.435222672065
5224 0.437246963563
5256 0.439271255061
5286 0.441295546559
5316 0.443319838057
5328 0.445344129555
5338 0.447368421053
5355 0.449392712551
5370 0.451417004049
5373 0.453441295547
5380 0.455465587045
5415 0.457489878543
5466 0.45951417004
5494 0.461538461538
5538 0.463562753036
5551 0.465587044534
5555 0.467611336032
5564 0.46963562753
5567 0.471659919028
5579 0.473684210526
5582 0.475708502024
5599 0.477732793522
5631 0.47975708502
5676 0.481781376518
5683 0.483805668016
5714 0.485829959514
5729 0.487854251012
5738 0.48987854251
5741 0.491902834008
5771 0.493927125506
5775 0.495951417004
5785 0.497975708502
5832 0.5
5843 0.502024291498
5851 0.504048582996
5863 0.506072874494
5872 0.508097165992
5874 0.51012145749
5885 0.512145748988
5906 0.514170040486
5911 0.516194331984
5918 0.518218623482
5924 0.52024291498
5944 0.522267206478
5954 0.524291497976
5985 0.526315789474
6006 0.528340080972
6023 0.53036437247
6052 0.532388663968
6104 0.534412955466
6216 0.536437246964
6220 0.538461538462
6275 0.54048582996
6287 0.542510121457
6303 0.544534412955
6305 0.546558704453
6307 0.548582995951
6391 0.550607287449
6398 0.552631578947
6411 0.554655870445
6431 0.556680161943
6437 0.558704453441
6440 0.560728744939
6441 0.562753036437
6454 0.564777327935
6466 0.566801619433
6489 0.568825910931
6492 0.570850202429
6497 0.572874493927
6542 0.574898785425
6585 0.576923076923
6631 0.578947368421
6637 0.580971659919
6668 0.582995951417
6669 0.585020242915
6672 0.587044534413
6733 0.589068825911
6766 0.591093117409
6771 0.593117408907
6790 0.595141700405
6805 0.597165991903
6809 0.599190283401
6827 0.601214574899
6844 0.603238866397
6874 0.605263157895
6886 0.607287449393
6899 0.609311740891
6939 0.611336032389
6977 0.613360323887
7008 0.615384615385
7018 0.617408906883
7027 0.619433198381
7040 0.621457489879
7062 0.623481781377
7147 0.625506072874
7163 0.627530364372
7179 0.62955465587
7187 0.631578947368
7206 0.633603238866
7237 0.635627530364
7247 0.637651821862
7294 0.63967611336
7295 0.641700404858
7300 0.643724696356
7317 0.645748987854
7321 0.647773279352
7330 0.64979757085
7374 0.651821862348
7378 0.653846153846
7410 0.655870445344
7423 0.657894736842
7450 0.65991902834
7460 0.661943319838
7472 0.663967611336
7477 0.665991902834
7479 0.668016194332
7549 0.67004048583
7554 0.672064777328
7560 0.674089068826
7576 0.676113360324
7588 0.678137651822
7596 0.68016194332
7599 0.682186234818
7601 0.684210526316
7631 0.686234817814
7664 0.688259109312
7700 0.69028340081
7764 0.692307692308
7798 0.694331983806
7812 0.696356275304
7816 0.698380566802
7825 0.7004048583
7830 0.702429149798
7832 0.704453441296
7844 0.706477732794
7883 0.708502024291
7889 0.710526315789
7919 0.712550607287
8000 0.714574898785
8024 0.716599190283
8047 0.718623481781
8079 0.720647773279
8090 0.722672064777
8129 0.726720647773
8129 0.726720647773
8134 0.728744939271
8142 0.730769230769
8175 0.732793522267
8207 0.734817813765
8223 0.736842105263
8230 0.738866396761
8236 0.740890688259
8238 0.742914979757
8332 0.744939271255
8465 0.746963562753
8504 0.748987854251
8531 0.751012145749
8624 0.753036437247
8628 0.755060728745
8641 0.757085020243
8721 0.759109311741
8781 0.761133603239
8782 0.763157894737
8794 0.765182186235
8827 0.767206477733
8848 0.769230769231
8881 0.771255060729
8885 0.773279352227
8968 0.775303643725
9000 0.777327935223
9013 0.779352226721
9030 0.781376518219
9033 0.783400809717
9143 0.785425101215
9151 0.787449392713
9189 0.789473684211
9206 0.791497975709
9220 0.793522267206
9241 0.795546558704
9288 0.7995951417
9288 0.7995951417
9293 0.801619433198
9304 0.803643724696
9313 0.805668016194
9329 0.807692307692
9387 0.80971659919
9462 0.811740890688
9469 0.813765182186
9531 0.815789473684
9627 0.817813765182
9642 0.81983805668
9654 0.821862348178
9689 0.823886639676
9836 0.825910931174
9862 0.827935222672
9899 0.82995951417
9928 0.831983805668
9990 0.834008097166
10078 0.836032388664
10127 0.838056680162
10179 0.84008097166
10231 0.842105263158
10241 0.844129554656
10253 0.846153846154
10307 0.848178137652
10353 0.85020242915
10394 0.852226720648
10420 0.854251012146
10453 0.856275303644
10496 0.858299595142
10517 0.86032388664
10677 0.862348178138
10698 0.864372469636
10734 0.866396761134
11101 0.868421052632
11257 0.87044534413
11300 0.872469635628
11677 0.874493927126
11832 0.876518218623
11835 0.878542510121
11836 0.880566801619
11907 0.882591093117
11979 0.884615384615
12078 0.886639676113
12109 0.888663967611
12115 0.890688259109
12286 0.892712550607
12497 0.894736842105
12809 0.896761133603
12882 0.898785425101
12937 0.900809716599
13129 0.902834008097
13635 0.904858299595
13673 0.906882591093
13682 0.908906882591
13828 0.910931174089
14265 0.912955465587
14465 0.914979757085
14495 0.917004048583
14593 0.919028340081
14683 0.921052631579
14693 0.923076923077
15349 0.925101214575
15501 0.927125506073
15996 0.929149797571
16085 0.931174089069
16241 0.933198380567
16416 0.935222672065
16503 0.937246963563
16558 0.939271255061
16582 0.941295546559
16734 0.943319838057
17318 0.945344129555
17716 0.947368421053
17718 0.949392712551
17747 0.951417004049
17893 0.953441295547
18088 0.955465587045
18162 0.957489878543
18399 0.95951417004
18747 0.961538461538
19094 0.963562753036
19294 0.965587044534
19469 0.967611336032
20530 0.96963562753
20921 0.971659919028
21948 0.973684210526
22210 0.975708502024
24100 0.977732793522
24631 0.97975708502
25478 0.981781376518
28356 0.983805668016
28751 0.985829959514
32187 0.987854251012
32768 0.98987854251
33669 0.991902834008
75205 0.993927125506
81637 0.995951417004
134613 0.997975708502
401927 1.0
