33 0.00202429149798
1132 0.00404858299595
1206 0.00607287449393
1306 0.0080971659919
1332 0.0101214574899
1651 0.0121457489879
1746 0.0141700404858
1862 0.0161943319838
2070 0.0182186234818
2211 0.0202429149798
2249 0.0222672064777
2345 0.0242914979757
2360 0.0263157894737
2518 0.0283400809717
2538 0.0303643724696
2543 0.0323886639676
2566 0.0344129554656
2574 0.0364372469636
2608 0.0384615384615
2621 0.0404858299595
2723 0.0425101214575
2913 0.0445344129555
2932 0.0465587044534
2947 0.0485829959514
2960 0.0506072874494
2989 0.0526315789474
3003 0.0546558704453
3015 0.0566801619433
3077 0.0587044534413
3227 0.0607287449393
3312 0.0627530364372
3377 0.0647773279352
3388 0.0668016194332
3421 0.0688259109312
3429 0.0708502024291
3434 0.0728744939271
3524 0.0748987854251
3601 0.0769230769231
3696 0.0789473684211
3768 0.080971659919
3862 0.082995951417
4002 0.085020242915
4096 0.087044534413
4134 0.0890688259109
4147 0.0910931174089
4165 0.0931174089069
4186 0.0951417004049
4207 0.0971659919028
4225 0.0991902834008
4226 0.101214574899
4234 0.103238866397
4261 0.105263157895
4264 0.107287449393
4349 0.109311740891
4416 0.111336032389
4424 0.113360323887
4450 0.115384615385
4533 0.117408906883
4576 0.119433198381
4650 0.121457489879
4718 0.123481781377
4743 0.125506072874
4778 0.127530364372
4787 0.12955465587
4829 0.131578947368
4899 0.133603238866
4916 0.135627530364
4991 0.137651821862
4998 0.13967611336
5038 0.141700404858
5068 0.143724696356
5096 0.147773279352
5096 0.147773279352
5150 0.14979757085
5168 0.151821862348
5170 0.153846153846
5192 0.155870445344
5219 0.157894736842
5251 0.15991902834
5271 0.161943319838
5293 0.163967611336
5344 0.165991902834
5347 0.168016194332
5356 0.17004048583
5358 0.172064777328
5363 0.174089068826
5381 0.176113360324
5382 0.178137651822
5384 0.18016194332
5424 0.182186234818
5438 0.184210526316
5495 0.186234817814
5504 0.188259109312
5517 0.19028340081
5537 0.194331983806
5537 0.194331983806
5579 0.196356275304
5603 0.198380566802
5696 0.2004048583
5731 0.202429149798
5737 0.204453441296
5755 0.206477732794
5766 0.208502024291
5808 0.210526315789
5812 0.212550607287
5848 0.214574898785
5889 0.216599190283
5908 0.218623481781
5956 0.220647773279
6000 0.222672064777
6068 0.224696356275
6071 0.226720647773
6078 0.228744939271
6108 0.230769230769
6136 0.232793522267
6182 0.234817813765
6194 0.236842105263
6205 0.238866396761
6256 0.240890688259
6263 0.242914979757
6273 0.244939271255
6304 0.246963562753
6415 0.248987854251
6440 0.251012145749
6455 0.253036437247
6471 0.255060728745
6490 0.257085020243
6517 0.259109311741
6524 0.261133603239
6539 0.263157894737
6625 0.265182186235
6634 0.267206477733
6640 0.269230769231
6655 0.271255060729
6681 0.273279352227
6684 0.275303643725
6700 0.277327935223
6746 0.279352226721
6759 0.281376518219
6803 0.283400809717
6857 0.285425101215
6937 0.287449392713
7027 0.289473684211
7060 0.291497975709
7068 0.293522267206
7157 0.295546558704
7209 0.297570850202
7234 0.2995951417
7235 0.301619433198
7237 0.303643724696
7243 0.305668016194
7245 0.307692307692
7256 0.30971659919
7303 0.311740890688
7320 0.313765182186
7321 0.315789473684
7326 0.317813765182
7328 0.31983805668
7453 0.321862348178
7467 0.323886639676
7502 0.325910931174
7506 0.327935222672
7532 0.32995951417
7543 0.331983805668
7596 0.334008097166
7633 0.336032388664
7734 0.338056680162
7747 0.34008097166
7834 0.342105263158
7885 0.344129554656
7931 0.346153846154
7970 0.348178137652
8027 0.35020242915
8058 0.352226720648
8092 0.354251012146
8125 0.356275303644
8172 0.358299595142
8206 0.36032388664
8232 0.362348178138
8250 0.364372469636
8260 0.366396761134
8265 0.368421052632
8296 0.37044534413
8446 0.372469635628
8517 0.374493927126
8520 0.376518218623
8565 0.378542510121
8601 0.380566801619
8603 0.382591093117
8657 0.384615384615
8728 0.386639676113
8746 0.388663967611
8752 0.390688259109
8818 0.392712550607
8860 0.394736842105
8876 0.396761133603
8955 0.398785425101
8965 0.400809716599
8979 0.402834008097
8994 0.404858299595
9007 0.406882591093
9056 0.408906882591
9063 0.410931174089
9096 0.412955465587
9120 0.414979757085
9129 0.417004048583
9132 0.419028340081
9150 0.421052631579
9165 0.423076923077
9178 0.425101214575
9180 0.427125506073
9270 0.429149797571
9321 0.431174089069
9327 0.433198380567
9339 0.435222672065
9349 0.437246963563
9382 0.439271255061
9436 0.441295546559
9488 0.443319838057
9507 0.445344129555
9515 0.447368421053
9574 0.449392712551
9649 0.451417004049
9663 0.453441295547
9676 0.455465587045
9694 0.457489878543
9714 0.45951417004
9729 0.461538461538
9772 0.465587044534
9772 0.465587044534
9783 0.467611336032
9790 0.46963562753
9885 0.471659919028
9923 0.473684210526
9967 0.475708502024
9978 0.477732793522
10077 0.47975708502
10096 0.481781376518
10111 0.483805668016
10139 0.485829959514
10167 0.487854251012
10184 0.48987854251
10225 0.491902834008
10226 0.493927125506
10261 0.495951417004
10327 0.497975708502
10333 0.5
10372 0.502024291498
10389 0.504048582996
10395 0.506072874494
10408 0.508097165992
10465 0.51012145749
10475 0.514170040486
10475 0.514170040486
10529 0.516194331984
10543 0.518218623482
10544 0.52024291498
10607 0.522267206478
10645 0.526315789474
10645 0.526315789474
10705 0.528340080972
10738 0.53036437247
10772 0.532388663968
10814 0.536437246964
10814 0.536437246964
10971 0.538461538462
10982 0.54048582996
10991 0.542510121457
11014 0.544534412955
11362 0.546558704453
11430 0.548582995951
11480 0.550607287449
11523 0.552631578947
11535 0.554655870445
11618 0.556680161943
11622 0.560728744939
11622 0.560728744939
11642 0.562753036437
11657 0.564777327935
11731 0.566801619433
11742 0.568825910931
11766 0.570850202429
11772 0.572874493927
11868 0.574898785425
11908 0.576923076923
11939 0.578947368421
12000 0.580971659919
12043 0.582995951417
12099 0.585020242915
12109 0.587044534413
12141 0.589068825911
12185 0.591093117409
12256 0.593117408907
12263 0.595141700405
12317 0.597165991903
12337 0.599190283401
12362 0.601214574899
12397 0.603238866397
12435 0.605263157895
12469 0.607287449393
12492 0.609311740891
12511 0.611336032389
12623 0.613360323887
12633 0.615384615385
12662 0.617408906883
12699 0.619433198381
12719 0.621457489879
12734 0.623481781377
12867 0.625506072874
12931 0.627530364372
12984 0.62955465587
13112 0.633603238866
13112 0.633603238866
13181 0.635627530364
13208 0.637651821862
13230 0.63967611336
13240 0.641700404858
13263 0.643724696356
13286 0.645748987854
13359 0.647773279352
13399 0.64979757085
13411 0.651821862348
13426 0.653846153846
13443 0.655870445344
13448 0.657894736842
13474 0.65991902834
13537 0.661943319838
13683 0.663967611336
13733 0.665991902834
13780 0.668016194332
13783 0.67004048583
13795 0.672064777328
13834 0.674089068826
14028 0.676113360324
14106 0.678137651822
14186 0.68016194332
14263 0.682186234818
14282 0.684210526316
14306 0.686234817814
14308 0.688259109312
14345 0.69028340081
14350 0.692307692308
14421 0.694331983806
14452 0.696356275304
14483 0.698380566802
14496 0.7004048583
14534 0.702429149798
14573 0.704453441296
14585 0.706477732794
14609 0.708502024291
14658 0.710526315789
14787 0.712550607287
14857 0.714574898785
14870 0.716599190283
14964 0.718623481781
14974 0.720647773279
14982 0.722672064777
15018 0.724696356275
15102 0.726720647773
15160 0.728744939271
15191 0.730769230769
15238 0.732793522267
15242 0.734817813765
15327 0.736842105263
15351 0.738866396761
15480 0.740890688259
15604 0.742914979757
15647 0.744939271255
15667 0.746963562753
15813 0.748987854251
15885 0.751012145749
16059 0.753036437247
16081 0.755060728745
16093 0.757085020243
16124 0.759109311741
16157 0.761133603239
16179 0.763157894737
16280 0.765182186235
16325 0.767206477733
16367 0.769230769231
16421 0.771255060729
16434 0.773279352227
16445 0.775303643725
16538 0.777327935223
16553 0.779352226721
16583 0.781376518219
16691 0.783400809717
16739 0.785425101215
16800 0.787449392713
16916 0.789473684211
16937 0.791497975709
17065 0.793522267206
17097 0.795546558704
17188 0.797570850202
17380 0.7995951417
17422 0.801619433198
17466 0.803643724696
17524 0.805668016194
17542 0.807692307692
18091 0.80971659919
18114 0.811740890688
18116 0.813765182186
18137 0.815789473684
18330 0.817813765182
18364 0.81983805668
18375 0.821862348178
18527 0.823886639676
18569 0.825910931174
18620 0.827935222672
18985 0.82995951417
19144 0.831983805668
19190 0.834008097166
19203 0.836032388664
19365 0.838056680162
19499 0.84008097166
19597 0.842105263158
19808 0.844129554656
19832 0.846153846154
19836 0.848178137652
19860 0.85020242915
19948 0.852226720648
20025 0.854251012146
20033 0.856275303644
20112 0.858299595142
20126 0.86032388664
20156 0.862348178138
20397 0.864372469636
20595 0.866396761134
21071 0.868421052632
21154 0.87044534413
21513 0.872469635628
21516 0.874493927126
21577 0.876518218623
21671 0.878542510121
21866 0.880566801619
21983 0.882591093117
22232 0.884615384615
22449 0.886639676113
22721 0.888663967611
22752 0.890688259109
22916 0.892712550607
23047 0.894736842105
23266 0.896761133603
23413 0.898785425101
23644 0.900809716599
23759 0.902834008097
24802 0.904858299595
24976 0.906882591093
25306 0.908906882591
25852 0.910931174089
26080 0.912955465587
27297 0.914979757085
28298 0.917004048583
28326 0.919028340081
30505 0.921052631579
30537 0.923076923077
31406 0.925101214575
31681 0.927125506073
32977 0.929149797571
35127 0.931174089069
35267 0.933198380567
35648 0.935222672065
35756 0.937246963563
37787 0.939271255061
38092 0.941295546559
38570 0.943319838057
38846 0.945344129555
38963 0.947368421053
39777 0.949392712551
39921 0.951417004049
39946 0.953441295547
40765 0.955465587045
41608 0.957489878543
41669 0.95951417004
42879 0.961538461538
43707 0.963562753036
43710 0.965587044534
46360 0.967611336032
46401 0.96963562753
52608 0.971659919028
53835 0.973684210526
54846 0.975708502024
58669 0.977732793522
58934 0.97975708502
59602 0.981781376518
60377 0.983805668016
64901 0.985829959514
73312 0.987854251012
82306 0.98987854251
85240 0.991902834008
90687 0.993927125506
100828 0.995951417004
132968 0.997975708502
427907 1.0
