52 0.00202429149798
591 0.00404858299595
612 0.00607287449393
630 0.0080971659919
777 0.0101214574899
838 0.0121457489879
841 0.0141700404858
856 0.0161943319838
901 0.0182186234818
914 0.0202429149798
949 0.0222672064777
973 0.0242914979757
995 0.0263157894737
997 0.0283400809717
1013 0.0303643724696
1024 0.0323886639676
1049 0.0344129554656
1063 0.0364372469636
1093 0.0384615384615
1098 0.0404858299595
1112 0.0425101214575
1151 0.0445344129555
1196 0.0465587044534
1225 0.0485829959514
1245 0.0506072874494
1253 0.0526315789474
1259 0.0546558704453
1273 0.0566801619433
1282 0.0587044534413
1295 0.0607287449393
1299 0.0627530364372
1321 0.0647773279352
1374 0.0668016194332
1378 0.0688259109312
1391 0.0708502024291
1413 0.0728744939271
1426 0.0748987854251
1430 0.0769230769231
1432 0.0789473684211
1439 0.080971659919
1444 0.082995951417
1487 0.085020242915
1488 0.087044534413
1535 0.0890688259109
1559 0.0910931174089
1577 0.0931174089069
1589 0.0951417004049
1594 0.0971659919028
1601 0.0991902834008
1605 0.101214574899
1633 0.103238866397
1648 0.105263157895
1658 0.107287449393
1672 0.109311740891
1682 0.111336032389
1698 0.113360323887
1702 0.115384615385
1717 0.117408906883
1732 0.119433198381
1755 0.121457489879
1771 0.123481781377
1775 0.125506072874
1786 0.127530364372
1795 0.12955465587
1825 0.131578947368
1846 0.133603238866
1861 0.135627530364
1864 0.137651821862
1873 0.13967611336
1888 0.141700404858
1890 0.143724696356
1905 0.145748987854
1919 0.147773279352
1934 0.14979757085
1950 0.151821862348
1965 0.153846153846
1970 0.155870445344
2005 0.157894736842
2031 0.15991902834
2056 0.161943319838
2062 0.163967611336
2078 0.165991902834
2087 0.168016194332
2089 0.17004048583
2091 0.172064777328
2094 0.174089068826
2100 0.176113360324
2116 0.178137651822
2117 0.18016194332
2127 0.182186234818
2138 0.184210526316
2179 0.186234817814
2180 0.188259109312
2191 0.19028340081
2193 0.192307692308
2211 0.194331983806
2214 0.196356275304
2223 0.198380566802
2226 0.2004048583
2239 0.202429149798
2241 0.204453441296
2242 0.206477732794
2249 0.208502024291
2250 0.210526315789
2306 0.212550607287
2309 0.214574898785
2311 0.216599190283
2315 0.218623481781
2318 0.220647773279
2336 0.222672064777
2340 0.224696356275
2341 0.226720647773
2343 0.228744939271
2359 0.230769230769
2367 0.232793522267
2380 0.234817813765
2381 0.236842105263
2382 0.238866396761
2387 0.240890688259
2403 0.242914979757
2412 0.244939271255
2414 0.246963562753
2415 0.248987854251
2416 0.253036437247
2416 0.253036437247
2470 0.255060728745
2471 0.257085020243
2497 0.259109311741
2545 0.261133603239
2548 0.263157894737
2552 0.265182186235
2556 0.267206477733
2559 0.269230769231
2565 0.271255060729
2588 0.273279352227
2598 0.275303643725
2604 0.277327935223
2611 0.279352226721
2616 0.281376518219
2630 0.283400809717
2633 0.285425101215
2645 0.287449392713
2651 0.289473684211
2652 0.291497975709
2660 0.293522267206
2687 0.295546558704
2697 0.297570850202
2700 0.2995951417
2702 0.301619433198
2709 0.303643724696
2712 0.305668016194
2738 0.307692307692
2739 0.311740890688
2739 0.311740890688
2747 0.313765182186
2787 0.315789473684
2803 0.317813765182
2811 0.31983805668
2845 0.321862348178
2847 0.323886639676
2852 0.325910931174
2856 0.327935222672
2874 0.32995951417
2877 0.331983805668
2905 0.334008097166
2932 0.336032388664
2937 0.338056680162
2945 0.34008097166
2952 0.342105263158
2959 0.344129554656
2962 0.348178137652
2962 0.348178137652
2964 0.35020242915
2980 0.352226720648
2982 0.354251012146
2988 0.356275303644
2991 0.36032388664
2991 0.36032388664
3023 0.362348178138
3027 0.364372469636
3032 0.366396761134
3034 0.368421052632
3043 0.372469635628
3043 0.372469635628
3055 0.374493927126
3066 0.376518218623
3075 0.378542510121
3078 0.380566801619
3097 0.382591093117
3116 0.384615384615
3134 0.386639676113
3145 0.388663967611
3156 0.390688259109
3172 0.394736842105
3172 0.394736842105
3180 0.396761133603
3181 0.400809716599
3181 0.400809716599
3183 0.402834008097
3187 0.404858299595
3221 0.406882591093
3222 0.408906882591
3241 0.410931174089
3248 0.414979757085
3248 0.414979757085
3271 0.417004048583
3279 0.419028340081
3293 0.421052631579
3305 0.423076923077
3307 0.425101214575
3333 0.427125506073
3352 0.429149797571
3392 0.431174089069
3393 0.433198380567
3410 0.435222672065
3419 0.437246963563
3421 0.439271255061
3430 0.441295546559
3442 0.443319838057
3455 0.445344129555
3463 0.447368421053
3466 0.449392712551
3467 0.451417004049
3482 0.453441295547
3496 0.455465587045
3510 0.457489878543
3516 0.45951417004
3519 0.461538461538
3560 0.463562753036
3571 0.465587044534
3582 0.467611336032
3584 0.46963562753
3585 0.471659919028
3609 0.473684210526
3610 0.475708502024
3613 0.477732793522
3619 0.47975708502
3628 0.481781376518
3629 0.483805668016
3641 0.485829959514
3643 0.487854251012
3645 0.491902834008
3645 0.491902834008
3670 0.493927125506
3682 0.495951417004
3683 0.497975708502
3688 0.5
3722 0.502024291498
3732 0.504048582996
3748 0.506072874494
3773 0.508097165992
3776 0.51012145749
3781 0.512145748988
3798 0.514170040486
3810 0.516194331984
3813 0.518218623482
3823 0.52024291498
3850 0.522267206478
3868 0.524291497976
3899 0.526315789474
3903 0.528340080972
3912 0.53036437247
3937 0.532388663968
3941 0.534412955466
3942 0.536437246964
3946 0.538461538462
3963 0.54048582996
3973 0.542510121457
3996 0.544534412955
4000 0.546558704453
4051 0.548582995951
4062 0.550607287449
4069 0.552631578947
4090 0.554655870445
4098 0.556680161943
4100 0.558704453441
4136 0.560728744939
4149 0.562753036437
4155 0.564777327935
4186 0.566801619433
4210 0.568825910931
4216 0.570850202429
4235 0.572874493927
4253 0.574898785425
4260 0.576923076923
4285 0.578947368421
4304 0.580971659919
4357 0.582995951417
4365 0.585020242915
4402 0.587044534413
4409 0.589068825911
4442 0.591093117409
4467 0.595141700405
4467 0.595141700405
4479 0.597165991903
4482 0.599190283401
4483 0.601214574899
4487 0.603238866397
4533 0.605263157895
4534 0.607287449393
4538 0.609311740891
4559 0.611336032389
4565 0.613360323887
4570 0.615384615385
4589 0.617408906883
4599 0.619433198381
4621 0.621457489879
4626 0.623481781377
4628 0.625506072874
4653 0.627530364372
4656 0.62955465587
4658 0.631578947368
4684 0.633603238866
4718 0.635627530364
4739 0.637651821862
4755 0.63967611336
4757 0.641700404858
4786 0.643724696356
4813 0.645748987854
4835 0.647773279352
4892 0.64979757085
4902 0.651821862348
4928 0.653846153846
4956 0.655870445344
4957 0.657894736842
4989 0.65991902834
5004 0.661943319838
5052 0.663967611336
5085 0.665991902834
5102 0.668016194332
5110 0.67004048583
5145 0.672064777328
5161 0.674089068826
5188 0.676113360324
5189 0.678137651822
5222 0.68016194332
5278 0.682186234818
5289 0.684210526316
5322 0.686234817814
5327 0.688259109312
5332 0.69028340081
5368 0.692307692308
5371 0.694331983806
5444 0.696356275304
5446 0.698380566802
5447 0.7004048583
5491 0.702429149798
5505 0.706477732794
5505 0.706477732794
5572 0.708502024291
5582 0.710526315789
5588 0.712550607287
5613 0.714574898785
5667 0.716599190283
5678 0.718623481781
5681 0.720647773279
5692 0.722672064777
5729 0.724696356275
5744 0.726720647773
5748 0.728744939271
5766 0.730769230769
5779 0.732793522267
5786 0.734817813765
5795 0.736842105263
5802 0.738866396761
5808 0.740890688259
5829 0.742914979757
5840 0.744939271255
5870 0.746963562753
5932 0.748987854251
5954 0.751012145749
5969 0.753036437247
5973 0.755060728745
5987 0.757085020243
6019 0.759109311741
6051 0.761133603239
6053 0.763157894737
6056 0.765182186235
6058 0.767206477733
6090 0.769230769231
6113 0.771255060729
6114 0.773279352227
6115 0.775303643725
6125 0.777327935223
6127 0.779352226721
6195 0.781376518219
6197 0.785425101215
6197 0.785425101215
6202 0.787449392713
6232 0.789473684211
6266 0.791497975709
6277 0.793522267206
6311 0.795546558704
6353 0.797570850202
6400 0.7995951417
6437 0.801619433198
6465 0.803643724696
6473 0.805668016194
6538 0.807692307692
6597 0.80971659919
6617 0.811740890688
6639 0.813765182186
6670 0.815789473684
6696 0.817813765182
6705 0.81983805668
6781 0.821862348178
6787 0.823886639676
6805 0.825910931174
6941 0.827935222672
6952 0.82995951417
6981 0.831983805668
7001 0.834008097166
7033 0.836032388664
7066 0.838056680162
7069 0.84008097166
7088 0.842105263158
7122 0.844129554656
7129 0.846153846154
7158 0.848178137652
7195 0.85020242915
7274 0.852226720648
7297 0.854251012146
7369 0.856275303644
7395 0.858299595142
7613 0.86032388664
7690 0.862348178138
7739 0.864372469636
7836 0.866396761134
7890 0.868421052632
7956 0.87044534413
7965 0.872469635628
7970 0.874493927126
7976 0.876518218623
7981 0.878542510121
8063 0.880566801619
8080 0.882591093117
8151 0.884615384615
8166 0.886639676113
8209 0.888663967611
8237 0.890688259109
8242 0.892712550607
8284 0.894736842105
8295 0.896761133603
8379 0.898785425101
8413 0.900809716599
8417 0.902834008097
8539 0.904858299595
8574 0.906882591093
8635 0.908906882591
8646 0.910931174089
8672 0.912955465587
8755 0.914979757085
8954 0.917004048583
9015 0.919028340081
9023 0.921052631579
9266 0.923076923077
9328 0.925101214575
9334 0.927125506073
9454 0.929149797571
9630 0.931174089069
9746 0.933198380567
9871 0.935222672065
9897 0.937246963563
10035 0.939271255061
10135 0.941295546559
10139 0.943319838057
10396 0.945344129555
10559 0.947368421053
10622 0.949392712551
10699 0.951417004049
10783 0.953441295547
11020 0.955465587045
11245 0.957489878543
11335 0.95951417004
11380 0.961538461538
11410 0.963562753036
11991 0.965587044534
12024 0.967611336032
12785 0.96963562753
13031 0.971659919028
13460 0.973684210526
13708 0.975708502024
14016 0.977732793522
14136 0.97975708502
14538 0.981781376518
15047 0.983805668016
15537 0.985829959514
15741 0.987854251012
16101 0.98987854251
26206 0.991902834008
88830 0.993927125506
112966 0.995951417004
124429 0.997975708502
440501 1.0
