55 0.00202839756592
733 0.00405679513185
1590 0.00608519269777
1715 0.00811359026369
1820 0.0101419878296
1890 0.0121703853955
2253 0.0141987829615
2267 0.0162271805274
2357 0.0182555780933
2439 0.0202839756592
2682 0.0223123732252
2885 0.0243407707911
3180 0.026369168357
3256 0.0283975659229
3261 0.0304259634888
3366 0.0324543610548
3382 0.0344827586207
3391 0.0365111561866
3424 0.0385395537525
3443 0.0405679513185
3461 0.0425963488844
3489 0.0446247464503
3495 0.0466531440162
3623 0.0486815415822
3751 0.0507099391481
3846 0.052738336714
3852 0.0547667342799
4043 0.0567951318458
4079 0.0608519269777
4079 0.0608519269777
4123 0.0628803245436
4162 0.0649087221095
4182 0.0669371196755
4194 0.0689655172414
4266 0.0709939148073
4283 0.0730223123732
4380 0.0750507099391
4451 0.0770791075051
4463 0.079107505071
4630 0.0811359026369
4671 0.0831643002028
4713 0.0851926977688
4785 0.0872210953347
4805 0.0892494929006
4848 0.0912778904665
4855 0.0933062880325
4875 0.0953346855984
5142 0.0973630831643
5256 0.0993914807302
5302 0.101419878296
5303 0.103448275862
5315 0.105476673428
5373 0.107505070994
5393 0.10953346856
5408 0.111561866126
5410 0.113590263692
5597 0.115618661258
5605 0.117647058824
5613 0.121703853955
5613 0.121703853955
5636 0.123732251521
5644 0.125760649087
5668 0.127789046653
5698 0.129817444219
5903 0.131845841785
5906 0.133874239351
5922 0.135902636917
5923 0.137931034483
5954 0.139959432049
5983 0.141987829615
5984 0.144016227181
6033 0.146044624746
6040 0.148073022312
6049 0.150101419878
6168 0.152129817444
6177 0.15415821501
6295 0.156186612576
6307 0.158215010142
6318 0.160243407708
6347 0.162271805274
6402 0.16430020284
6445 0.166328600406
6458 0.168356997972
6469 0.170385395538
6475 0.172413793103
6506 0.174442190669
6593 0.176470588235
6619 0.178498985801
6655 0.180527383367
6723 0.182555780933
6793 0.184584178499
6798 0.186612576065
6822 0.188640973631
6849 0.190669371197
6857 0.192697768763
6869 0.194726166329
6870 0.196754563895
6892 0.19878296146
6893 0.200811359026
6912 0.202839756592
6916 0.204868154158
6946 0.206896551724
6986 0.20892494929
7017 0.210953346856
7037 0.212981744422
7047 0.215010141988
7073 0.217038539554
7075 0.21906693712
7109 0.221095334686
7141 0.223123732252
7162 0.225152129817
7193 0.227180527383
7203 0.229208924949
7210 0.231237322515
7242 0.235294117647
7242 0.235294117647
7251 0.237322515213
7281 0.239350912779
7287 0.241379310345
7356 0.243407707911
7427 0.245436105477
7444 0.247464503043
7496 0.251521298174
7496 0.251521298174
7515 0.25354969574
7536 0.255578093306
7547 0.257606490872
7642 0.259634888438
7673 0.261663286004
7682 0.26369168357
7737 0.265720081136
7775 0.267748478702
7794 0.269776876268
7817 0.271805273834
7831 0.2738336714
7847 0.275862068966
7851 0.277890466531
7876 0.279918864097
7919 0.281947261663
7983 0.283975659229
8066 0.286004056795
8098 0.288032454361
8131 0.290060851927
8154 0.292089249493
8176 0.294117647059
8181 0.296146044625
8219 0.298174442191
8264 0.300202839757
8287 0.302231237323
8294 0.304259634888
8339 0.306288032454
8356 0.30831643002
8386 0.310344827586
8470 0.314401622718
8470 0.314401622718
8472 0.316430020284
8474 0.31845841785
8497 0.320486815416
8543 0.322515212982
8604 0.324543610548
8649 0.326572008114
8670 0.32860040568
8682 0.330628803245
8868 0.332657200811
8883 0.334685598377
8907 0.336713995943
8925 0.338742393509
8931 0.340770791075
8935 0.342799188641
8998 0.344827586207
9023 0.346855983773
9102 0.348884381339
9131 0.350912778905
9150 0.352941176471
9154 0.354969574037
9155 0.356997971602
9175 0.359026369168
9238 0.361054766734
9359 0.3630831643
9361 0.365111561866
9379 0.367139959432
9422 0.369168356998
9429 0.371196754564
9449 0.37322515213
9475 0.375253549696
9534 0.377281947262
9588 0.379310344828
9593 0.381338742394
9632 0.383367139959
9647 0.385395537525
9648 0.387423935091
9654 0.389452332657
9698 0.393509127789
9698 0.393509127789
9731 0.395537525355
9756 0.397565922921
9850 0.399594320487
9873 0.401622718053
9942 0.403651115619
9948 0.405679513185
10023 0.407707910751
10025 0.409736308316
10132 0.411764705882
10362 0.413793103448
10427 0.415821501014
10440 0.41784989858
10453 0.419878296146
10488 0.421906693712
10489 0.423935091278
10497 0.425963488844
10508 0.42799188641
10534 0.430020283976
10535 0.432048681542
10547 0.434077079108
10613 0.436105476673
10643 0.438133874239
10688 0.440162271805
10768 0.442190669371
10776 0.444219066937
10777 0.446247464503
10849 0.448275862069
10851 0.450304259635
10867 0.452332657201
10939 0.454361054767
10942 0.456389452333
10947 0.458417849899
10968 0.460446247465
11003 0.46247464503
11024 0.464503042596
11048 0.466531440162
11050 0.468559837728
11153 0.470588235294
11159 0.47261663286
11187 0.474645030426
11208 0.476673427992
11236 0.478701825558
11252 0.480730223124
11282 0.48275862069
11294 0.484787018256
11336 0.486815415822
11361 0.488843813387
11402 0.490872210953
11430 0.492900608519
11549 0.494929006085
11585 0.496957403651
11689 0.498985801217
11702 0.501014198783
11809 0.503042596349
11810 0.505070993915
11862 0.507099391481
11869 0.509127789047
11886 0.511156186613
11905 0.513184584178
11924 0.515212981744
11932 0.51724137931
11990 0.519269776876
11999 0.521298174442
12085 0.523326572008
12142 0.525354969574
12203 0.52738336714
12243 0.529411764706
12271 0.531440162272
12273 0.533468559838
12406 0.535496957404
12413 0.53752535497
12427 0.539553752535
12457 0.541582150101
12483 0.543610547667
12542 0.545638945233
12590 0.547667342799
12614 0.549695740365
12622 0.551724137931
12648 0.553752535497
12652 0.555780933063
12810 0.557809330629
12830 0.559837728195
12910 0.561866125761
12921 0.563894523327
12982 0.565922920892
12995 0.567951318458
13039 0.569979716024
13088 0.57200811359
13127 0.574036511156
13201 0.576064908722
13209 0.578093306288
13217 0.580121703854
13262 0.58215010142
13272 0.584178498986
13296 0.586206896552
13304 0.588235294118
13323 0.590263691684
13347 0.592292089249
13376 0.594320486815
13385 0.596348884381
13446 0.598377281947
13497 0.600405679513
13512 0.602434077079
13691 0.604462474645
13732 0.606490872211
13740 0.608519269777
13759 0.610547667343
13760 0.612576064909
13764 0.614604462475
13770 0.616632860041
13817 0.618661257606
13842 0.620689655172
13908 0.622718052738
14013 0.624746450304
14058 0.62677484787
14092 0.628803245436
14122 0.630831643002
14153 0.632860040568
14154 0.634888438134
14165 0.6369168357
14187 0.638945233266
14246 0.640973630832
14455 0.643002028398
14510 0.645030425963
14536 0.647058823529
14545 0.649087221095
14569 0.651115618661
14600 0.653144016227
14628 0.655172413793
14800 0.657200811359
14810 0.659229208925
14872 0.661257606491
14876 0.663286004057
14878 0.665314401623
14910 0.667342799189
14923 0.669371196755
15006 0.67139959432
15013 0.673427991886
15079 0.675456389452
15195 0.677484787018
15293 0.679513184584
15302 0.68154158215
15315 0.683569979716
15371 0.685598377282
15453 0.687626774848
15518 0.689655172414
15599 0.69168356998
15632 0.693711967546
15651 0.695740365112
15690 0.697768762677
15729 0.699797160243
15742 0.701825557809
15902 0.703853955375
15939 0.705882352941
15984 0.707910750507
16007 0.709939148073
16053 0.711967545639
16071 0.713995943205
16137 0.716024340771
16155 0.718052738337
16374 0.720081135903
16452 0.722109533469
16457 0.724137931034
16464 0.7261663286
16504 0.728194726166
16518 0.730223123732
16524 0.732251521298
16527 0.734279918864
16536 0.73630831643
16554 0.738336713996
16637 0.740365111562
16687 0.742393509128
16715 0.744421906694
16755 0.74645030426
16811 0.748478701826
16844 0.750507099391
16978 0.752535496957
17047 0.754563894523
17073 0.756592292089
17087 0.758620689655
17144 0.760649087221
17416 0.762677484787
17475 0.764705882353
17488 0.766734279919
17502 0.768762677485
17522 0.770791075051
17559 0.772819472617
17593 0.774847870183
17606 0.776876267748
17627 0.778904665314
17734 0.78093306288
17775 0.782961460446
17954 0.784989858012
18000 0.787018255578
18259 0.789046653144
18276 0.79107505071
18284 0.793103448276
18291 0.795131845842
18355 0.797160243408
18386 0.799188640974
18464 0.80121703854
18630 0.803245436105
18642 0.805273833671
18649 0.807302231237
18771 0.809330628803
18842 0.811359026369
18850 0.813387423935
18888 0.815415821501
19070 0.817444219067
19115 0.819472616633
19135 0.821501014199
19221 0.823529411765
19267 0.825557809331
19335 0.827586206897
19441 0.829614604462
19576 0.831643002028
19667 0.833671399594
19863 0.83569979716
19888 0.837728194726
20030 0.839756592292
20586 0.841784989858
20634 0.843813387424
20978 0.84584178499
20984 0.847870182556
21117 0.849898580122
21121 0.851926977688
21242 0.853955375254
21340 0.855983772819
21401 0.858012170385
21631 0.860040567951
21766 0.862068965517
21816 0.864097363083
22036 0.866125760649
22541 0.868154158215
22579 0.870182555781
22837 0.872210953347
23138 0.874239350913
23233 0.876267748479
23268 0.878296146045
23346 0.880324543611
23453 0.882352941176
23534 0.884381338742
23664 0.886409736308
23743 0.888438133874
23749 0.89046653144
23810 0.892494929006
23863 0.894523326572
24376 0.896551724138
24806 0.898580121704
24840 0.90060851927
24989 0.902636916836
25588 0.904665314402
25590 0.906693711968
26082 0.908722109533
26552 0.910750507099
27340 0.912778904665
27838 0.914807302231
28343 0.916835699797
30042 0.918864097363
30081 0.920892494929
30512 0.922920892495
30632 0.924949290061
31487 0.926977687627
32336 0.929006085193
35483 0.931034482759
35867 0.933062880325
36031 0.93509127789
36466 0.937119675456
36482 0.939148073022
36845 0.941176470588
38036 0.943204868154
39046 0.94523326572
39753 0.947261663286
39782 0.949290060852
39910 0.951318458418
39988 0.953346855984
40294 0.95537525355
40325 0.957403651116
40668 0.959432048682
44053 0.961460446247
44347 0.963488843813
44379 0.965517241379
45619 0.967545638945
47357 0.969574036511
51607 0.971602434077
53486 0.973630831643
55266 0.975659229209
58048 0.977687626775
59404 0.979716024341
59940 0.981744421907
61901 0.983772819473
62314 0.985801217039
73205 0.987829614604
81651 0.98985801217
85668 0.991886409736
94994 0.993914807302
95540 0.995943204868
129663 0.997971602434
425489 1.0
