34 0.0020325203252
936 0.00406504065041
1247 0.00609756097561
1490 0.00813008130081
1788 0.010162601626
1811 0.0121951219512
2048 0.0142276422764
2360 0.0162601626016
2394 0.0182926829268
2709 0.020325203252
2724 0.0223577235772
2789 0.0243902439024
2862 0.0264227642276
2884 0.0284552845528
2888 0.030487804878
2896 0.0325203252033
2937 0.0345528455285
2944 0.0365853658537
2968 0.0386178861789
2995 0.0406504065041
3003 0.0426829268293
3070 0.0447154471545
3077 0.0467479674797
3484 0.0487804878049
3521 0.0508130081301
3538 0.0528455284553
3551 0.0548780487805
3570 0.0569105691057
3880 0.0589430894309
3902 0.0609756097561
3913 0.0630081300813
3949 0.0650406504065
4080 0.0670731707317
4092 0.0691056910569
4151 0.0711382113821
4248 0.0731707317073
4503 0.0752032520325
4547 0.0772357723577
4599 0.0792682926829
4653 0.0813008130081
4698 0.0833333333333
4730 0.0853658536585
4754 0.0873983739837
4771 0.0894308943089
4838 0.0914634146341
4854 0.0934959349593
4911 0.0955284552846
4918 0.0975609756098
4925 0.099593495935
4996 0.10162601626
5008 0.103658536585
5018 0.105691056911
5019 0.107723577236
5042 0.109756097561
5058 0.111788617886
5086 0.113821138211
5091 0.115853658537
5102 0.117886178862
5123 0.119918699187
5193 0.121951219512
5208 0.123983739837
5250 0.126016260163
5303 0.128048780488
5312 0.130081300813
5313 0.132113821138
5330 0.134146341463
5365 0.136178861789
5392 0.138211382114
5405 0.140243902439
5411 0.142276422764
5458 0.144308943089
5467 0.146341463415
5520 0.14837398374
5549 0.150406504065
5561 0.15243902439
5562 0.154471544715
5564 0.156504065041
5612 0.158536585366
5674 0.160569105691
5685 0.162601626016
5706 0.164634146341
5710 0.166666666667
5711 0.168699186992
5732 0.170731707317
5734 0.172764227642
5750 0.174796747967
5810 0.176829268293
5854 0.178861788618
5887 0.180894308943
5892 0.182926829268
5899 0.184959349593
5908 0.186991869919
5911 0.189024390244
5932 0.191056910569
5944 0.193089430894
5963 0.19512195122
6012 0.197154471545
6037 0.19918699187
6042 0.201219512195
6045 0.20325203252
6076 0.205284552846
6097 0.207317073171
6149 0.209349593496
6163 0.211382113821
6186 0.213414634146
6193 0.215447154472
6205 0.217479674797
6220 0.219512195122
6225 0.221544715447
6291 0.223577235772
6302 0.225609756098
6343 0.227642276423
6385 0.229674796748
6392 0.233739837398
6392 0.233739837398
6395 0.235772357724
6423 0.237804878049
6524 0.239837398374
6534 0.241869918699
6627 0.243902439024
6639 0.24593495935
6651 0.247967479675
6667 0.25
6697 0.252032520325
6723 0.25406504065
6729 0.256097560976
6738 0.258130081301
6828 0.260162601626
6843 0.262195121951
6857 0.264227642276
6866 0.268292682927
6866 0.268292682927
6874 0.270325203252
6897 0.272357723577
6976 0.274390243902
7030 0.276422764228
7058 0.278455284553
7073 0.280487804878
7081 0.282520325203
7118 0.284552845528
7150 0.286585365854
7182 0.288617886179
7239 0.290650406504
7242 0.292682926829
7298 0.294715447154
7334 0.29674796748
7348 0.298780487805
7361 0.30081300813
7368 0.302845528455
7445 0.30487804878
7525 0.306910569106
7539 0.308943089431
7553 0.310975609756
7572 0.313008130081
7584 0.315040650407
7619 0.317073170732
7634 0.319105691057
7706 0.321138211382
7734 0.323170731707
7742 0.325203252033
7747 0.327235772358
7752 0.329268292683
7768 0.331300813008
7774 0.333333333333
7809 0.335365853659
7812 0.337398373984
7815 0.339430894309
7841 0.341463414634
7848 0.343495934959
7863 0.345528455285
7899 0.34756097561
7924 0.349593495935
7936 0.35162601626
7974 0.353658536585
7998 0.355691056911
8020 0.357723577236
8023 0.359756097561
8081 0.361788617886
8133 0.363821138211
8142 0.367886178862
8142 0.367886178862
8148 0.369918699187
8159 0.371951219512
8201 0.373983739837
8218 0.376016260163
8231 0.378048780488
8236 0.380081300813
8260 0.382113821138
8350 0.384146341463
8355 0.386178861789
8376 0.388211382114
8396 0.390243902439
8408 0.392276422764
8424 0.394308943089
8451 0.396341463415
8479 0.39837398374
8488 0.40243902439
8488 0.40243902439
8502 0.404471544715
8511 0.406504065041
8517 0.408536585366
8518 0.410569105691
8524 0.412601626016
8553 0.414634146341
8623 0.416666666667
8632 0.418699186992
8679 0.420731707317
8735 0.422764227642
8744 0.424796747967
8763 0.426829268293
8787 0.428861788618
8841 0.430894308943
8855 0.432926829268
8886 0.434959349593
8887 0.436991869919
8935 0.439024390244
8948 0.441056910569
8961 0.443089430894
8964 0.44512195122
8968 0.447154471545
8976 0.44918699187
9035 0.451219512195
9037 0.45325203252
9060 0.455284552846
9066 0.457317073171
9072 0.459349593496
9080 0.461382113821
9087 0.463414634146
9093 0.465447154472
9095 0.467479674797
9122 0.469512195122
9178 0.471544715447
9189 0.473577235772
9231 0.475609756098
9252 0.479674796748
9252 0.479674796748
9263 0.481707317073
9295 0.483739837398
9305 0.485772357724
9323 0.487804878049
9345 0.489837398374
9391 0.491869918699
9428 0.493902439024
9445 0.49593495935
9468 0.497967479675
9490 0.5
9496 0.502032520325
9537 0.50406504065
9538 0.506097560976
9543 0.508130081301
9581 0.510162601626
9587 0.512195121951
9594 0.514227642276
9632 0.516260162602
9645 0.518292682927
9650 0.520325203252
9680 0.522357723577
9686 0.524390243902
9716 0.526422764228
9779 0.528455284553
9782 0.530487804878
9789 0.532520325203
9805 0.534552845528
9806 0.536585365854
9813 0.538617886179
9823 0.540650406504
9857 0.542682926829
9874 0.544715447154
9918 0.54674796748
9959 0.55081300813
9959 0.55081300813
9980 0.552845528455
10001 0.55487804878
10028 0.556910569106
10106 0.558943089431
10214 0.560975609756
10242 0.563008130081
10247 0.565040650407
10249 0.567073170732
10252 0.569105691057
10334 0.571138211382
10352 0.573170731707
10358 0.575203252033
10366 0.577235772358
10376 0.579268292683
10439 0.581300813008
10446 0.583333333333
10452 0.585365853659
10662 0.587398373984
10669 0.589430894309
10712 0.591463414634
10730 0.593495934959
10755 0.595528455285
10823 0.59756097561
10856 0.599593495935
10859 0.60162601626
10874 0.603658536585
10899 0.605691056911
10965 0.607723577236
11010 0.609756097561
11013 0.611788617886
11044 0.613821138211
11072 0.615853658537
11109 0.617886178862
11113 0.619918699187
11157 0.621951219512
11222 0.623983739837
11223 0.626016260163
11234 0.628048780488
11235 0.630081300813
11273 0.632113821138
11282 0.634146341463
11382 0.636178861789
11396 0.638211382114
11406 0.640243902439
11410 0.642276422764
11488 0.644308943089
11499 0.646341463415
11525 0.64837398374
11597 0.650406504065
11637 0.65243902439
11726 0.654471544715
11745 0.656504065041
11800 0.658536585366
11801 0.660569105691
11823 0.662601626016
11851 0.664634146341
11862 0.666666666667
11898 0.668699186992
11937 0.670731707317
11942 0.672764227642
12118 0.674796747967
12125 0.676829268293
12150 0.678861788618
12154 0.680894308943
12182 0.684959349593
12182 0.684959349593
12201 0.686991869919
12215 0.689024390244
12232 0.691056910569
12241 0.693089430894
12268 0.69512195122
12287 0.697154471545
12312 0.69918699187
12341 0.70325203252
12341 0.70325203252
12407 0.705284552846
12413 0.707317073171
12467 0.709349593496
12478 0.711382113821
12650 0.713414634146
12671 0.715447154472
12705 0.717479674797
12732 0.719512195122
12741 0.721544715447
12803 0.723577235772
12921 0.725609756098
12926 0.727642276423
12984 0.729674796748
12988 0.731707317073
12997 0.733739837398
13013 0.735772357724
13030 0.737804878049
13035 0.739837398374
13137 0.741869918699
13142 0.743902439024
13185 0.74593495935
13189 0.747967479675
13228 0.752032520325
13228 0.752032520325
13262 0.75406504065
13267 0.756097560976
13277 0.758130081301
13305 0.760162601626
13389 0.762195121951
13459 0.764227642276
13687 0.766260162602
13769 0.768292682927
13839 0.770325203252
14163 0.772357723577
14183 0.774390243902
14393 0.776422764228
14500 0.778455284553
14532 0.780487804878
14569 0.782520325203
14603 0.784552845528
14623 0.786585365854
14645 0.788617886179
14770 0.790650406504
14791 0.792682926829
14806 0.794715447154
14830 0.79674796748
14933 0.798780487805
14978 0.80081300813
15253 0.802845528455
15352 0.80487804878
15362 0.806910569106
15391 0.808943089431
15427 0.810975609756
15698 0.813008130081
15729 0.815040650407
15873 0.817073170732
15879 0.819105691057
15888 0.821138211382
15983 0.823170731707
15991 0.825203252033
16064 0.827235772358
16071 0.829268292683
16178 0.831300813008
16268 0.833333333333
16292 0.835365853659
16513 0.837398373984
16583 0.839430894309
16608 0.841463414634
16623 0.843495934959
16732 0.845528455285
16740 0.84756097561
16749 0.849593495935
16806 0.85162601626
16851 0.853658536585
17018 0.855691056911
17174 0.857723577236
17195 0.859756097561
17300 0.861788617886
17358 0.863821138211
17510 0.865853658537
17551 0.867886178862
17577 0.869918699187
17644 0.871951219512
17685 0.873983739837
17735 0.876016260163
17828 0.878048780488
17853 0.880081300813
17905 0.882113821138
17951 0.884146341463
18097 0.886178861789
18101 0.888211382114
18175 0.890243902439
18375 0.892276422764
18496 0.894308943089
18584 0.89837398374
18584 0.89837398374
18625 0.900406504065
18664 0.90243902439
18700 0.904471544715
18780 0.906504065041
19280 0.908536585366
19461 0.910569105691
19763 0.912601626016
19894 0.914634146341
20057 0.916666666667
20216 0.918699186992
20409 0.920731707317
20687 0.922764227642
20741 0.924796747967
21096 0.926829268293
21149 0.928861788618
21497 0.930894308943
21527 0.932926829268
21628 0.934959349593
22459 0.936991869919
22831 0.939024390244
22848 0.941056910569
23027 0.943089430894
23455 0.94512195122
23519 0.947154471545
23710 0.94918699187
23743 0.951219512195
23811 0.95325203252
24138 0.955284552846
24607 0.957317073171
24669 0.959349593496
24984 0.961382113821
25036 0.963414634146
25188 0.965447154472
25438 0.967479674797
25532 0.969512195122
27207 0.971544715447
27477 0.973577235772
27921 0.975609756098
28189 0.977642276423
28299 0.979674796748
30079 0.981707317073
30584 0.983739837398
31769 0.985772357724
33123 0.987804878049
40240 0.989837398374
43900 0.991869918699
57586 0.993902439024
68815 0.99593495935
147167 0.997967479675
4789149 1.0
