29 0.00202429149798
638 0.00404858299595
825 0.00607287449393
993 0.0080971659919
1177 0.0101214574899
1194 0.0121457489879
1345 0.0141700404858
1567 0.0161943319838
1721 0.0182186234818
1805 0.0202429149798
1824 0.0222672064777
1873 0.0242914979757
1915 0.0263157894737
1926 0.0283400809717
1934 0.0303643724696
1936 0.0323886639676
1943 0.0344129554656
1956 0.0364372469636
1957 0.0384615384615
1958 0.0404858299595
2006 0.0425101214575
2052 0.0445344129555
2165 0.0465587044534
2226 0.0485829959514
2311 0.0506072874494
2318 0.0526315789474
2335 0.0546558704453
2374 0.0566801619433
2461 0.0587044534413
2555 0.0607287449393
2588 0.0627530364372
2607 0.0647773279352
2714 0.0668016194332
2731 0.0688259109312
2744 0.0708502024291
2788 0.0728744939271
2822 0.0748987854251
2837 0.0769230769231
2952 0.0789473684211
2981 0.080971659919
2991 0.082995951417
3024 0.085020242915
3026 0.087044534413
3042 0.0890688259109
3107 0.0910931174089
3116 0.0951417004049
3116 0.0951417004049
3123 0.0971659919028
3163 0.0991902834008
3172 0.101214574899
3176 0.103238866397
3190 0.105263157895
3201 0.107287449393
3210 0.109311740891
3264 0.111336032389
3267 0.113360323887
3289 0.115384615385
3309 0.117408906883
3315 0.119433198381
3326 0.121457489879
3331 0.123481781377
3332 0.125506072874
3341 0.127530364372
3353 0.12955465587
3375 0.131578947368
3379 0.133603238866
3411 0.135627530364
3421 0.137651821862
3433 0.13967611336
3438 0.141700404858
3440 0.143724696356
3452 0.145748987854
3459 0.147773279352
3460 0.14979757085
3462 0.151821862348
3479 0.153846153846
3497 0.155870445344
3507 0.157894736842
3523 0.15991902834
3524 0.161943319838
3531 0.163967611336
3559 0.165991902834
3563 0.168016194332
3564 0.17004048583
3575 0.172064777328
3593 0.174089068826
3621 0.176113360324
3648 0.178137651822
3676 0.18016194332
3680 0.182186234818
3701 0.184210526316
3711 0.186234817814
3719 0.188259109312
3720 0.19028340081
3764 0.192307692308
3794 0.194331983806
3795 0.196356275304
3807 0.2004048583
3807 0.2004048583
3861 0.202429149798
3887 0.204453441296
3891 0.206477732794
3931 0.208502024291
3950 0.210526315789
3953 0.212550607287
3966 0.214574898785
3980 0.216599190283
3990 0.218623481781
3993 0.220647773279
4016 0.222672064777
4041 0.224696356275
4055 0.226720647773
4057 0.228744939271
4066 0.230769230769
4093 0.232793522267
4104 0.234817813765
4107 0.236842105263
4114 0.238866396761
4117 0.240890688259
4122 0.242914979757
4136 0.244939271255
4147 0.246963562753
4169 0.248987854251
4201 0.251012145749
4208 0.253036437247
4212 0.255060728745
4238 0.257085020243
4288 0.259109311741
4320 0.261133603239
4322 0.263157894737
4326 0.265182186235
4343 0.267206477733
4348 0.269230769231
4352 0.271255060729
4372 0.273279352227
4384 0.275303643725
4387 0.277327935223
4467 0.279352226721
4469 0.281376518219
4485 0.283400809717
4508 0.285425101215
4510 0.287449392713
4544 0.289473684211
4562 0.291497975709
4564 0.293522267206
4574 0.295546558704
4588 0.297570850202
4590 0.2995951417
4596 0.301619433198
4605 0.303643724696
4607 0.305668016194
4608 0.307692307692
4621 0.30971659919
4629 0.311740890688
4666 0.313765182186
4667 0.315789473684
4669 0.317813765182
4689 0.31983805668
4706 0.321862348178
4707 0.323886639676
4725 0.325910931174
4745 0.327935222672
4780 0.32995951417
4799 0.331983805668
4801 0.334008097166
4839 0.336032388664
4841 0.338056680162
4847 0.34008097166
4857 0.342105263158
4878 0.346153846154
4878 0.346153846154
4879 0.348178137652
4880 0.35020242915
4887 0.352226720648
4913 0.354251012146
4917 0.356275303644
4922 0.358299595142
4923 0.36032388664
4938 0.362348178138
4955 0.364372469636
4961 0.366396761134
4970 0.368421052632
4972 0.37044534413
4990 0.372469635628
5003 0.374493927126
5043 0.376518218623
5059 0.378542510121
5120 0.380566801619
5138 0.382591093117
5150 0.384615384615
5153 0.386639676113
5179 0.388663967611
5189 0.390688259109
5197 0.392712550607
5205 0.394736842105
5219 0.396761133603
5223 0.398785425101
5241 0.400809716599
5271 0.402834008097
5273 0.404858299595
5308 0.406882591093
5314 0.408906882591
5317 0.410931174089
5335 0.412955465587
5337 0.414979757085
5345 0.417004048583
5363 0.419028340081
5374 0.421052631579
5410 0.423076923077
5417 0.427125506073
5417 0.427125506073
5424 0.429149797571
5454 0.431174089069
5472 0.433198380567
5474 0.435222672065
5477 0.437246963563
5490 0.439271255061
5520 0.441295546559
5551 0.443319838057
5574 0.445344129555
5623 0.447368421053
5636 0.449392712551
5641 0.451417004049
5642 0.453441295547
5646 0.455465587045
5653 0.457489878543
5667 0.45951417004
5687 0.461538461538
5691 0.463562753036
5693 0.467611336032
5693 0.467611336032
5695 0.46963562753
5714 0.471659919028
5737 0.473684210526
5746 0.475708502024
5771 0.477732793522
5799 0.47975708502
5800 0.481781376518
5838 0.483805668016
5841 0.485829959514
5858 0.487854251012
5859 0.48987854251
5874 0.491902834008
5886 0.493927125506
5887 0.495951417004
5896 0.497975708502
5897 0.5
5904 0.502024291498
5908 0.504048582996
5922 0.506072874494
5929 0.508097165992
5933 0.51012145749
5956 0.512145748988
5959 0.514170040486
5966 0.516194331984
5971 0.518218623482
5975 0.52024291498
5982 0.522267206478
5987 0.524291497976
6021 0.526315789474
6041 0.528340080972
6043 0.534412955466
6043 0.534412955466
6043 0.534412955466
6068 0.536437246964
6081 0.538461538462
6095 0.54048582996
6096 0.542510121457
6113 0.544534412955
6152 0.546558704453
6197 0.548582995951
6238 0.550607287449
6246 0.552631578947
6251 0.554655870445
6265 0.556680161943
6270 0.558704453441
6274 0.560728744939
6278 0.562753036437
6285 0.564777327935
6328 0.566801619433
6337 0.568825910931
6373 0.570850202429
6392 0.574898785425
6392 0.574898785425
6393 0.576923076923
6397 0.578947368421
6405 0.580971659919
6435 0.582995951417
6445 0.585020242915
6454 0.587044534413
6518 0.589068825911
6519 0.591093117409
6525 0.593117408907
6570 0.595141700405
6587 0.597165991903
6600 0.599190283401
6617 0.601214574899
6640 0.603238866397
6645 0.605263157895
6745 0.607287449393
6753 0.609311740891
6764 0.611336032389
6767 0.613360323887
6781 0.615384615385
6800 0.617408906883
6805 0.619433198381
6821 0.621457489879
6825 0.623481781377
6842 0.625506072874
6861 0.627530364372
6871 0.62955465587
6897 0.631578947368
6900 0.633603238866
6930 0.635627530364
6978 0.637651821862
6995 0.63967611336
7003 0.641700404858
7018 0.643724696356
7019 0.645748987854
7031 0.647773279352
7068 0.64979757085
7116 0.651821862348
7127 0.653846153846
7129 0.655870445344
7130 0.657894736842
7143 0.65991902834
7159 0.661943319838
7174 0.663967611336
7205 0.665991902834
7207 0.668016194332
7263 0.67004048583
7264 0.672064777328
7265 0.674089068826
7307 0.676113360324
7314 0.678137651822
7373 0.68016194332
7387 0.682186234818
7439 0.684210526316
7453 0.686234817814
7485 0.688259109312
7504 0.69028340081
7539 0.692307692308
7555 0.694331983806
7566 0.696356275304
7575 0.698380566802
7589 0.7004048583
7602 0.702429149798
7621 0.704453441296
7623 0.706477732794
7642 0.708502024291
7648 0.710526315789
7649 0.712550607287
7652 0.714574898785
7668 0.716599190283
7670 0.718623481781
7679 0.720647773279
7682 0.722672064777
7711 0.724696356275
7712 0.726720647773
7722 0.728744939271
7737 0.730769230769
7753 0.732793522267
7826 0.734817813765
7831 0.736842105263
7838 0.738866396761
7843 0.740890688259
7862 0.742914979757
7913 0.744939271255
7933 0.746963562753
7939 0.748987854251
8044 0.751012145749
8052 0.753036437247
8083 0.755060728745
8117 0.757085020243
8120 0.759109311741
8135 0.761133603239
8149 0.763157894737
8187 0.765182186235
8216 0.767206477733
8239 0.769230769231
8248 0.771255060729
8276 0.773279352227
8320 0.775303643725
8358 0.777327935223
8368 0.779352226721
8382 0.781376518219
8386 0.783400809717
8429 0.785425101215
8476 0.787449392713
8487 0.789473684211
8557 0.791497975709
8603 0.793522267206
8609 0.795546558704
8629 0.797570850202
8669 0.7995951417
8688 0.801619433198
8727 0.803643724696
8795 0.805668016194
8831 0.807692307692
8906 0.80971659919
8970 0.811740890688
9046 0.815789473684
9046 0.815789473684
9066 0.817813765182
9089 0.81983805668
9138 0.821862348178
9204 0.823886639676
9244 0.825910931174
9273 0.827935222672
9334 0.82995951417
9415 0.831983805668
9438 0.834008097166
9443 0.836032388664
9469 0.838056680162
9472 0.84008097166
9525 0.842105263158
9545 0.844129554656
9567 0.846153846154
9615 0.848178137652
9630 0.85020242915
9691 0.852226720648
9698 0.854251012146
9735 0.856275303644
9750 0.858299595142
9848 0.86032388664
9882 0.862348178138
9899 0.864372469636
9964 0.866396761134
9989 0.868421052632
9992 0.87044534413
10029 0.872469635628
10070 0.874493927126
10124 0.876518218623
10133 0.878542510121
10151 0.880566801619
10235 0.882591093117
10245 0.884615384615
10333 0.886639676113
10369 0.888663967611
10372 0.890688259109
10420 0.892712550607
10445 0.894736842105
10475 0.896761133603
10484 0.898785425101
10565 0.900809716599
10597 0.902834008097
10684 0.904858299595
10711 0.906882591093
10888 0.908906882591
10904 0.910931174089
10959 0.912955465587
11090 0.914979757085
11123 0.917004048583
11236 0.919028340081
11270 0.921052631579
11403 0.923076923077
11562 0.925101214575
11569 0.927125506073
11705 0.929149797571
11760 0.931174089069
12007 0.933198380567
12012 0.935222672065
12215 0.937246963563
12361 0.939271255061
12551 0.941295546559
12630 0.943319838057
12648 0.945344129555
12885 0.947368421053
12915 0.949392712551
13018 0.951417004049
13040 0.953441295547
13080 0.955465587045
13220 0.957489878543
13277 0.95951417004
13470 0.961538461538
13678 0.963562753036
13857 0.965587044534
13961 0.967611336032
14189 0.96963562753
14198 0.971659919028
14522 0.973684210526
14682 0.975708502024
14865 0.977732793522
15025 0.97975708502
15115 0.981781376518
15730 0.983805668016
15918 0.985829959514
16170 0.987854251012
16364 0.98987854251
16728 0.991902834008
17382 0.993927125506
20585 0.995951417004
26082 0.997975708502
40612 1.0
