32 0.00202839756592
326 0.00405679513185
484 0.00608519269777
519 0.00811359026369
542 0.0101419878296
568 0.0121703853955
601 0.0141987829615
676 0.0162271805274
790 0.0182555780933
797 0.0202839756592
802 0.0223123732252
820 0.026369168357
820 0.026369168357
862 0.0283975659229
873 0.0304259634888
905 0.0324543610548
923 0.0344827586207
926 0.0365111561866
949 0.0385395537525
982 0.0405679513185
984 0.0425963488844
1009 0.0446247464503
1019 0.0466531440162
1111 0.0486815415822
1141 0.0507099391481
1173 0.052738336714
1199 0.0547667342799
1204 0.0567951318458
1219 0.0588235294118
1244 0.0608519269777
1257 0.0628803245436
1266 0.0649087221095
1268 0.0669371196755
1307 0.0689655172414
1320 0.0709939148073
1332 0.0730223123732
1352 0.0750507099391
1415 0.0770791075051
1458 0.079107505071
1473 0.0811359026369
1479 0.0831643002028
1528 0.0851926977688
1563 0.0872210953347
1565 0.0892494929006
1566 0.0912778904665
1572 0.0933062880325
1585 0.0953346855984
1594 0.0973630831643
1606 0.0993914807302
1608 0.101419878296
1632 0.103448275862
1637 0.105476673428
1658 0.107505070994
1702 0.111561866126
1702 0.111561866126
1735 0.113590263692
1753 0.115618661258
1754 0.117647058824
1756 0.119675456389
1762 0.121703853955
1764 0.123732251521
1773 0.125760649087
1775 0.127789046653
1792 0.129817444219
1804 0.131845841785
1809 0.133874239351
1827 0.135902636917
1828 0.137931034483
1836 0.139959432049
1839 0.141987829615
1845 0.144016227181
1850 0.146044624746
1861 0.148073022312
1867 0.150101419878
1898 0.152129817444
1900 0.15415821501
1908 0.156186612576
1911 0.158215010142
1912 0.160243407708
1919 0.162271805274
1928 0.16430020284
1936 0.166328600406
1943 0.168356997972
1948 0.170385395538
1976 0.172413793103
1980 0.174442190669
1997 0.176470588235
2017 0.178498985801
2018 0.180527383367
2058 0.182555780933
2067 0.184584178499
2073 0.186612576065
2075 0.188640973631
2112 0.190669371197
2137 0.192697768763
2138 0.194726166329
2154 0.19878296146
2154 0.19878296146
2159 0.200811359026
2162 0.202839756592
2173 0.204868154158
2174 0.206896551724
2180 0.210953346856
2180 0.210953346856
2200 0.212981744422
2204 0.215010141988
2217 0.217038539554
2228 0.21906693712
2243 0.223123732252
2243 0.223123732252
2252 0.225152129817
2253 0.227180527383
2258 0.229208924949
2274 0.231237322515
2286 0.233265720081
2287 0.235294117647
2290 0.237322515213
2292 0.239350912779
2313 0.241379310345
2327 0.243407707911
2337 0.245436105477
2351 0.247464503043
2363 0.249492900609
2367 0.251521298174
2375 0.25354969574
2393 0.255578093306
2436 0.257606490872
2448 0.259634888438
2460 0.261663286004
2480 0.26369168357
2488 0.265720081136
2490 0.267748478702
2498 0.269776876268
2528 0.271805273834
2548 0.2738336714
2552 0.275862068966
2561 0.277890466531
2571 0.281947261663
2571 0.281947261663
2572 0.283975659229
2576 0.286004056795
2577 0.288032454361
2578 0.290060851927
2580 0.292089249493
2581 0.294117647059
2588 0.296146044625
2591 0.298174442191
2595 0.300202839757
2600 0.302231237323
2604 0.304259634888
2605 0.306288032454
2612 0.30831643002
2638 0.310344827586
2645 0.312373225152
2652 0.314401622718
2654 0.316430020284
2661 0.31845841785
2662 0.320486815416
2670 0.322515212982
2682 0.324543610548
2702 0.326572008114
2706 0.32860040568
2717 0.330628803245
2718 0.332657200811
2721 0.334685598377
2731 0.336713995943
2735 0.340770791075
2735 0.340770791075
2746 0.342799188641
2750 0.344827586207
2773 0.346855983773
2783 0.348884381339
2789 0.350912778905
2800 0.352941176471
2813 0.354969574037
2837 0.356997971602
2838 0.361054766734
2838 0.361054766734
2846 0.3630831643
2855 0.365111561866
2862 0.367139959432
2865 0.369168356998
2869 0.371196754564
2901 0.37322515213
2919 0.375253549696
2930 0.377281947262
2942 0.381338742394
2942 0.381338742394
2948 0.383367139959
2967 0.385395537525
2970 0.387423935091
2974 0.389452332657
2977 0.391480730223
2981 0.393509127789
3024 0.397565922921
3024 0.397565922921
3049 0.399594320487
3064 0.401622718053
3115 0.403651115619
3119 0.405679513185
3133 0.407707910751
3144 0.409736308316
3160 0.411764705882
3184 0.413793103448
3194 0.415821501014
3199 0.41784989858
3201 0.419878296146
3212 0.421906693712
3216 0.423935091278
3238 0.425963488844
3248 0.430020283976
3248 0.430020283976
3260 0.432048681542
3271 0.434077079108
3272 0.436105476673
3285 0.438133874239
3288 0.440162271805
3298 0.444219066937
3298 0.444219066937
3314 0.446247464503
3316 0.448275862069
3323 0.450304259635
3338 0.452332657201
3349 0.454361054767
3350 0.456389452333
3351 0.458417849899
3354 0.460446247465
3368 0.46247464503
3371 0.464503042596
3383 0.466531440162
3384 0.468559837728
3388 0.470588235294
3394 0.47261663286
3428 0.474645030426
3435 0.476673427992
3440 0.48275862069
3440 0.48275862069
3440 0.48275862069
3459 0.484787018256
3466 0.486815415822
3480 0.488843813387
3481 0.490872210953
3487 0.492900608519
3497 0.494929006085
3511 0.496957403651
3515 0.498985801217
3520 0.501014198783
3523 0.503042596349
3540 0.505070993915
3541 0.507099391481
3543 0.511156186613
3543 0.511156186613
3593 0.513184584178
3612 0.515212981744
3620 0.51724137931
3639 0.519269776876
3640 0.521298174442
3657 0.523326572008
3672 0.525354969574
3675 0.52738336714
3680 0.529411764706
3698 0.531440162272
3699 0.533468559838
3703 0.535496957404
3706 0.53752535497
3709 0.539553752535
3722 0.543610547667
3722 0.543610547667
3751 0.545638945233
3763 0.547667342799
3776 0.549695740365
3814 0.553752535497
3814 0.553752535497
3819 0.555780933063
3826 0.557809330629
3838 0.559837728195
3852 0.561866125761
3863 0.563894523327
3864 0.565922920892
3899 0.567951318458
3906 0.569979716024
3911 0.57200811359
3912 0.576064908722
3912 0.576064908722
3924 0.578093306288
3936 0.580121703854
3940 0.58215010142
3946 0.584178498986
3955 0.586206896552
3956 0.588235294118
3973 0.590263691684
4013 0.592292089249
4022 0.594320486815
4052 0.596348884381
4087 0.598377281947
4095 0.600405679513
4127 0.602434077079
4158 0.604462474645
4174 0.606490872211
4197 0.608519269777
4208 0.610547667343
4211 0.612576064909
4217 0.614604462475
4225 0.616632860041
4229 0.618661257606
4230 0.620689655172
4242 0.622718052738
4268 0.624746450304
4273 0.62677484787
4277 0.630831643002
4277 0.630831643002
4293 0.632860040568
4326 0.634888438134
4353 0.6369168357
4359 0.638945233266
4363 0.640973630832
4374 0.643002028398
4376 0.645030425963
4419 0.647058823529
4427 0.649087221095
4429 0.651115618661
4435 0.653144016227
4438 0.655172413793
4447 0.657200811359
4471 0.659229208925
4486 0.661257606491
4506 0.665314401623
4506 0.665314401623
4524 0.667342799189
4526 0.669371196755
4532 0.67139959432
4545 0.673427991886
4548 0.675456389452
4572 0.679513184584
4572 0.679513184584
4583 0.68154158215
4588 0.683569979716
4594 0.685598377282
4611 0.687626774848
4616 0.689655172414
4621 0.69168356998
4626 0.693711967546
4631 0.695740365112
4673 0.697768762677
4674 0.699797160243
4687 0.701825557809
4693 0.703853955375
4705 0.705882352941
4716 0.707910750507
4743 0.709939148073
4773 0.711967545639
4830 0.713995943205
4849 0.716024340771
4890 0.718052738337
4894 0.722109533469
4894 0.722109533469
4901 0.724137931034
4903 0.7261663286
4908 0.728194726166
4925 0.730223123732
4932 0.732251521298
4963 0.734279918864
4981 0.73630831643
5000 0.738336713996
5001 0.740365111562
5036 0.742393509128
5044 0.744421906694
5047 0.74645030426
5073 0.748478701826
5091 0.750507099391
5118 0.752535496957
5128 0.754563894523
5144 0.756592292089
5170 0.758620689655
5171 0.760649087221
5174 0.762677484787
5204 0.764705882353
5255 0.766734279919
5281 0.768762677485
5284 0.770791075051
5304 0.772819472617
5312 0.774847870183
5388 0.776876267748
5407 0.778904665314
5428 0.78093306288
5459 0.782961460446
5463 0.784989858012
5486 0.787018255578
5497 0.789046653144
5515 0.79107505071
5525 0.793103448276
5552 0.795131845842
5629 0.797160243408
5672 0.799188640974
5679 0.80121703854
5701 0.803245436105
5733 0.805273833671
5776 0.807302231237
5787 0.809330628803
5876 0.811359026369
5882 0.813387423935
5883 0.815415821501
5914 0.817444219067
5931 0.819472616633
5936 0.821501014199
5938 0.823529411765
5961 0.825557809331
5965 0.827586206897
5985 0.829614604462
6003 0.831643002028
6020 0.833671399594
6051 0.83569979716
6092 0.837728194726
6129 0.839756592292
6161 0.841784989858
6213 0.843813387424
6227 0.84584178499
6240 0.847870182556
6272 0.849898580122
6304 0.851926977688
6340 0.853955375254
6342 0.855983772819
6359 0.858012170385
6382 0.860040567951
6552 0.862068965517
6564 0.864097363083
6618 0.866125760649
6661 0.868154158215
6714 0.870182555781
6734 0.872210953347
6779 0.874239350913
6830 0.876267748479
6839 0.878296146045
6887 0.880324543611
6910 0.882352941176
6911 0.884381338742
7153 0.886409736308
7155 0.888438133874
7165 0.89046653144
7196 0.892494929006
7273 0.894523326572
7322 0.896551724138
7396 0.898580121704
7453 0.90060851927
7463 0.902636916836
7468 0.904665314402
7528 0.906693711968
7653 0.908722109533
7826 0.910750507099
7832 0.912778904665
7840 0.914807302231
8099 0.916835699797
8190 0.918864097363
8210 0.920892494929
8270 0.922920892495
8647 0.924949290061
9036 0.926977687627
9052 0.929006085193
9086 0.931034482759
9108 0.933062880325
9162 0.93509127789
9296 0.937119675456
9317 0.939148073022
9340 0.941176470588
9449 0.943204868154
9498 0.94523326572
9590 0.947261663286
9638 0.949290060852
9670 0.951318458418
9893 0.953346855984
9963 0.95537525355
10208 0.957403651116
10226 0.959432048682
10510 0.961460446247
10762 0.963488843813
10982 0.965517241379
11145 0.967545638945
11858 0.969574036511
12161 0.971602434077
12510 0.973630831643
12609 0.975659229209
13497 0.977687626775
13760 0.979716024341
13937 0.981744421907
14069 0.983772819473
14999 0.985801217039
15183 0.987829614604
16365 0.98985801217
16637 0.991886409736
19013 0.993914807302
19030 0.995943204868
20073 0.997971602434
35478 1.0
