33 0.00202429149798
313 0.00404858299595
482 0.00607287449393
496 0.0080971659919
517 0.0101214574899
550 0.0121457489879
569 0.0141700404858
656 0.0161943319838
732 0.0182186234818
750 0.0202429149798
785 0.0222672064777
787 0.0242914979757
798 0.0263157894737
814 0.0283400809717
822 0.0303643724696
828 0.0323886639676
838 0.0344129554656
850 0.0364372469636
895 0.0384615384615
904 0.0404858299595
905 0.0425101214575
930 0.0445344129555
947 0.0465587044534
965 0.0485829959514
974 0.0506072874494
1020 0.0526315789474
1040 0.0546558704453
1041 0.0566801619433
1059 0.0587044534413
1085 0.0607287449393
1123 0.0627530364372
1143 0.0647773279352
1181 0.0668016194332
1182 0.0688259109312
1205 0.0708502024291
1209 0.0728744939271
1210 0.0748987854251
1237 0.0769230769231
1256 0.0789473684211
1259 0.080971659919
1275 0.082995951417
1284 0.085020242915
1295 0.087044534413
1318 0.0890688259109
1322 0.0910931174089
1329 0.0931174089069
1341 0.0951417004049
1357 0.0971659919028
1365 0.0991902834008
1373 0.101214574899
1391 0.103238866397
1395 0.105263157895
1401 0.107287449393
1403 0.109311740891
1407 0.111336032389
1421 0.113360323887
1431 0.115384615385
1440 0.117408906883
1442 0.119433198381
1445 0.121457489879
1447 0.123481781377
1454 0.125506072874
1461 0.127530364372
1481 0.12955465587
1484 0.131578947368
1491 0.133603238866
1493 0.135627530364
1495 0.137651821862
1525 0.13967611336
1542 0.141700404858
1551 0.143724696356
1557 0.145748987854
1564 0.147773279352
1576 0.14979757085
1583 0.151821862348
1596 0.157894736842
1596 0.157894736842
1596 0.157894736842
1597 0.15991902834
1607 0.161943319838
1611 0.163967611336
1624 0.165991902834
1637 0.168016194332
1641 0.17004048583
1653 0.172064777328
1654 0.174089068826
1659 0.176113360324
1664 0.178137651822
1667 0.18016194332
1672 0.182186234818
1688 0.186234817814
1688 0.186234817814
1690 0.188259109312
1691 0.19028340081
1695 0.192307692308
1707 0.194331983806
1719 0.196356275304
1720 0.198380566802
1738 0.2004048583
1747 0.202429149798
1761 0.204453441296
1762 0.206477732794
1764 0.208502024291
1778 0.210526315789
1784 0.212550607287
1785 0.214574898785
1788 0.216599190283
1789 0.218623481781
1790 0.220647773279
1791 0.222672064777
1795 0.224696356275
1796 0.226720647773
1814 0.228744939271
1818 0.230769230769
1821 0.232793522267
1822 0.234817813765
1829 0.236842105263
1834 0.238866396761
1842 0.240890688259
1850 0.242914979757
1882 0.244939271255
1886 0.246963562753
1914 0.248987854251
1917 0.251012145749
1926 0.255060728745
1926 0.255060728745
1931 0.257085020243
1965 0.259109311741
1967 0.261133603239
1968 0.263157894737
1981 0.265182186235
1984 0.267206477733
1985 0.269230769231
1991 0.273279352227
1991 0.273279352227
2004 0.275303643725
2005 0.277327935223
2010 0.279352226721
2020 0.281376518219
2029 0.283400809717
2031 0.285425101215
2035 0.287449392713
2037 0.289473684211
2041 0.291497975709
2057 0.293522267206
2059 0.295546558704
2079 0.297570850202
2080 0.2995951417
2089 0.301619433198
2101 0.305668016194
2101 0.305668016194
2106 0.307692307692
2109 0.30971659919
2110 0.311740890688
2111 0.313765182186
2113 0.315789473684
2117 0.317813765182
2148 0.31983805668
2149 0.321862348178
2164 0.323886639676
2167 0.325910931174
2174 0.327935222672
2179 0.32995951417
2181 0.331983805668
2187 0.334008097166
2188 0.336032388664
2189 0.338056680162
2195 0.34008097166
2201 0.342105263158
2202 0.344129554656
2203 0.346153846154
2204 0.348178137652
2208 0.35020242915
2223 0.354251012146
2223 0.354251012146
2229 0.356275303644
2236 0.358299595142
2245 0.36032388664
2252 0.362348178138
2261 0.364372469636
2266 0.366396761134
2267 0.368421052632
2280 0.37044534413
2287 0.372469635628
2288 0.374493927126
2290 0.376518218623
2293 0.378542510121
2296 0.380566801619
2301 0.382591093117
2302 0.386639676113
2302 0.386639676113
2303 0.388663967611
2308 0.390688259109
2318 0.392712550607
2324 0.394736842105
2332 0.396761133603
2336 0.398785425101
2337 0.400809716599
2351 0.402834008097
2357 0.404858299595
2360 0.408906882591
2360 0.408906882591
2366 0.410931174089
2375 0.412955465587
2376 0.417004048583
2376 0.417004048583
2387 0.419028340081
2392 0.421052631579
2393 0.423076923077
2398 0.425101214575
2409 0.427125506073
2418 0.429149797571
2420 0.431174089069
2425 0.433198380567
2427 0.437246963563
2427 0.437246963563
2439 0.439271255061
2449 0.443319838057
2449 0.443319838057
2451 0.445344129555
2468 0.447368421053
2471 0.449392712551
2492 0.451417004049
2495 0.453441295547
2500 0.455465587045
2501 0.457489878543
2502 0.45951417004
2512 0.461538461538
2516 0.463562753036
2528 0.465587044534
2536 0.467611336032
2566 0.46963562753
2571 0.471659919028
2580 0.473684210526
2586 0.475708502024
2600 0.477732793522
2605 0.47975708502
2607 0.481781376518
2610 0.483805668016
2619 0.485829959514
2620 0.48987854251
2620 0.48987854251
2625 0.491902834008
2635 0.493927125506
2636 0.495951417004
2672 0.497975708502
2673 0.5
2685 0.502024291498
2694 0.504048582996
2697 0.506072874494
2700 0.508097165992
2720 0.51012145749
2723 0.512145748988
2732 0.514170040486
2743 0.516194331984
2744 0.518218623482
2747 0.52024291498
2748 0.522267206478
2752 0.524291497976
2758 0.526315789474
2761 0.528340080972
2776 0.532388663968
2776 0.532388663968
2777 0.534412955466
2787 0.536437246964
2822 0.538461538462
2823 0.54048582996
2826 0.542510121457
2829 0.544534412955
2854 0.546558704453
2861 0.548582995951
2870 0.552631578947
2870 0.552631578947
2900 0.554655870445
2906 0.556680161943
2914 0.558704453441
2922 0.560728744939
2945 0.562753036437
2948 0.564777327935
2967 0.566801619433
2980 0.568825910931
2981 0.570850202429
2996 0.572874493927
3006 0.574898785425
3021 0.576923076923
3032 0.578947368421
3050 0.580971659919
3061 0.582995951417
3080 0.585020242915
3098 0.587044534413
3100 0.589068825911
3120 0.591093117409
3123 0.593117408907
3134 0.595141700405
3140 0.599190283401
3140 0.599190283401
3154 0.601214574899
3156 0.603238866397
3161 0.605263157895
3162 0.607287449393
3164 0.609311740891
3166 0.611336032389
3198 0.613360323887
3200 0.615384615385
3202 0.617408906883
3206 0.619433198381
3212 0.621457489879
3221 0.623481781377
3235 0.625506072874
3239 0.627530364372
3241 0.631578947368
3241 0.631578947368
3242 0.633603238866
3247 0.635627530364
3249 0.637651821862
3290 0.63967611336
3291 0.641700404858
3307 0.643724696356
3337 0.645748987854
3358 0.647773279352
3361 0.64979757085
3367 0.651821862348
3381 0.653846153846
3416 0.655870445344
3420 0.657894736842
3423 0.65991902834
3436 0.661943319838
3438 0.663967611336
3456 0.665991902834
3490 0.668016194332
3500 0.67004048583
3508 0.672064777328
3520 0.674089068826
3522 0.676113360324
3538 0.678137651822
3543 0.68016194332
3545 0.682186234818
3563 0.684210526316
3569 0.686234817814
3597 0.688259109312
3622 0.69028340081
3634 0.692307692308
3656 0.694331983806
3658 0.696356275304
3664 0.698380566802
3672 0.7004048583
3676 0.702429149798
3692 0.704453441296
3697 0.706477732794
3699 0.708502024291
3700 0.710526315789
3707 0.712550607287
3708 0.714574898785
3728 0.716599190283
3732 0.718623481781
3745 0.720647773279
3750 0.722672064777
3796 0.724696356275
3805 0.726720647773
3819 0.728744939271
3821 0.730769230769
3837 0.732793522267
3855 0.734817813765
3910 0.736842105263
3929 0.738866396761
3931 0.740890688259
3933 0.742914979757
3950 0.746963562753
3950 0.746963562753
3971 0.748987854251
4001 0.751012145749
4006 0.753036437247
4026 0.755060728745
4033 0.757085020243
4038 0.759109311741
4060 0.761133603239
4068 0.763157894737
4070 0.765182186235
4090 0.767206477733
4096 0.769230769231
4118 0.771255060729
4135 0.773279352227
4151 0.777327935223
4151 0.777327935223
4187 0.779352226721
4190 0.781376518219
4213 0.783400809717
4257 0.785425101215
4267 0.787449392713
4273 0.789473684211
4284 0.791497975709
4294 0.793522267206
4309 0.795546558704
4325 0.797570850202
4337 0.7995951417
4344 0.801619433198
4355 0.803643724696
4370 0.805668016194
4506 0.807692307692
4522 0.80971659919
4542 0.811740890688
4545 0.813765182186
4546 0.815789473684
4568 0.817813765182
4630 0.81983805668
4634 0.821862348178
4650 0.823886639676
4663 0.825910931174
4672 0.827935222672
4689 0.82995951417
4707 0.831983805668
4716 0.834008097166
4717 0.836032388664
4744 0.838056680162
4756 0.84008097166
4762 0.842105263158
4782 0.844129554656
4806 0.846153846154
4821 0.848178137652
4826 0.85020242915
4833 0.852226720648
4842 0.854251012146
4858 0.856275303644
4886 0.858299595142
4913 0.86032388664
4932 0.862348178138
4971 0.864372469636
4979 0.866396761134
5029 0.868421052632
5033 0.87044534413
5046 0.872469635628
5063 0.874493927126
5082 0.876518218623
5091 0.878542510121
5115 0.880566801619
5116 0.882591093117
5176 0.884615384615
5215 0.886639676113
5220 0.888663967611
5252 0.890688259109
5269 0.892712550607
5301 0.894736842105
5374 0.896761133603
5381 0.898785425101
5451 0.900809716599
5454 0.902834008097
5535 0.904858299595
5601 0.906882591093
5621 0.908906882591
5640 0.910931174089
5649 0.912955465587
5671 0.914979757085
5680 0.917004048583
5707 0.919028340081
5718 0.923076923077
5718 0.923076923077
5757 0.925101214575
5768 0.927125506073
5862 0.929149797571
5875 0.931174089069
5945 0.933198380567
6038 0.935222672065
6070 0.937246963563
6202 0.939271255061
6210 0.941295546559
6234 0.943319838057
6275 0.945344129555
6337 0.947368421053
6349 0.949392712551
6364 0.951417004049
6373 0.953441295547
6390 0.955465587045
6441 0.957489878543
6458 0.95951417004
6467 0.961538461538
6503 0.963562753036
6662 0.965587044534
6695 0.967611336032
6724 0.96963562753
6813 0.971659919028
6830 0.973684210526
6871 0.975708502024
7045 0.977732793522
7130 0.97975708502
7244 0.981781376518
7311 0.983805668016
7558 0.985829959514
7850 0.987854251012
7853 0.98987854251
8164 0.991902834008
8334 0.993927125506
10138 0.995951417004
11486 0.997975708502
37282 1.0
