27 0.00202429149798
628 0.00404858299595
828 0.00607287449393
1019 0.0080971659919
1181 0.0101214574899
1196 0.0121457489879
1358 0.0141700404858
1566 0.0161943319838
1792 0.0182186234818
1827 0.0202429149798
1829 0.0222672064777
1878 0.0242914979757
1883 0.0263157894737
1925 0.0283400809717
1951 0.0303643724696
1967 0.0323886639676
1969 0.0344129554656
1977 0.0364372469636
2006 0.0384615384615
2017 0.0404858299595
2027 0.0425101214575
2121 0.0445344129555
2138 0.0465587044534
2324 0.0485829959514
2333 0.0506072874494
2349 0.0526315789474
2362 0.0546558704453
2481 0.0566801619433
2582 0.0587044534413
2596 0.0627530364372
2596 0.0627530364372
2597 0.0647773279352
2706 0.0668016194332
2741 0.0688259109312
2781 0.0708502024291
2798 0.0728744939271
2832 0.0748987854251
2894 0.0769230769231
2936 0.0789473684211
3021 0.080971659919
3042 0.082995951417
3062 0.085020242915
3063 0.087044534413
3086 0.0890688259109
3119 0.0910931174089
3122 0.0931174089069
3128 0.0951417004049
3129 0.0971659919028
3132 0.0991902834008
3194 0.101214574899
3209 0.103238866397
3260 0.105263157895
3270 0.107287449393
3282 0.109311740891
3300 0.113360323887
3300 0.113360323887
3308 0.115384615385
3346 0.117408906883
3367 0.119433198381
3369 0.121457489879
3377 0.123481781377
3390 0.125506072874
3400 0.127530364372
3416 0.12955465587
3417 0.131578947368
3428 0.133603238866
3441 0.135627530364
3456 0.137651821862
3457 0.13967611336
3462 0.141700404858
3482 0.143724696356
3505 0.145748987854
3512 0.147773279352
3513 0.14979757085
3516 0.151821862348
3520 0.153846153846
3526 0.155870445344
3531 0.157894736842
3589 0.15991902834
3600 0.161943319838
3601 0.163967611336
3627 0.165991902834
3631 0.168016194332
3656 0.17004048583
3675 0.172064777328
3683 0.174089068826
3685 0.176113360324
3688 0.178137651822
3689 0.18016194332
3692 0.182186234818
3730 0.184210526316
3747 0.188259109312
3747 0.188259109312
3749 0.19028340081
3824 0.192307692308
3829 0.194331983806
3834 0.196356275304
3866 0.198380566802
3871 0.2004048583
3947 0.202429149798
3948 0.204453441296
3970 0.206477732794
3977 0.208502024291
3978 0.210526315789
3984 0.212550607287
3986 0.214574898785
4004 0.216599190283
4007 0.218623481781
4020 0.220647773279
4026 0.222672064777
4059 0.224696356275
4070 0.226720647773
4077 0.228744939271
4089 0.230769230769
4092 0.232793522267
4094 0.234817813765
4095 0.236842105263
4099 0.238866396761
4161 0.240890688259
4198 0.242914979757
4217 0.246963562753
4217 0.246963562753
4241 0.248987854251
4246 0.251012145749
4262 0.253036437247
4290 0.255060728745
4296 0.257085020243
4305 0.259109311741
4310 0.261133603239
4340 0.263157894737
4342 0.265182186235
4372 0.267206477733
4386 0.269230769231
4387 0.271255060729
4394 0.273279352227
4398 0.275303643725
4418 0.277327935223
4461 0.279352226721
4469 0.281376518219
4488 0.283400809717
4501 0.285425101215
4511 0.287449392713
4526 0.289473684211
4547 0.291497975709
4581 0.293522267206
4591 0.295546558704
4608 0.297570850202
4637 0.2995951417
4650 0.301619433198
4661 0.303643724696
4665 0.305668016194
4669 0.307692307692
4672 0.30971659919
4677 0.311740890688
4687 0.313765182186
4692 0.315789473684
4693 0.317813765182
4704 0.31983805668
4732 0.321862348178
4743 0.323886639676
4755 0.325910931174
4756 0.327935222672
4763 0.32995951417
4764 0.331983805668
4788 0.334008097166
4801 0.336032388664
4805 0.338056680162
4820 0.34008097166
4831 0.342105263158
4839 0.344129554656
4840 0.346153846154
4846 0.348178137652
4870 0.35020242915
4919 0.352226720648
4939 0.354251012146
4943 0.356275303644
4952 0.36032388664
4952 0.36032388664
4965 0.362348178138
4984 0.364372469636
5003 0.366396761134
5005 0.368421052632
5015 0.37044534413
5016 0.372469635628
5055 0.374493927126
5077 0.376518218623
5115 0.378542510121
5169 0.380566801619
5203 0.382591093117
5233 0.384615384615
5234 0.386639676113
5236 0.388663967611
5242 0.390688259109
5245 0.392712550607
5248 0.394736842105
5251 0.396761133603
5268 0.398785425101
5281 0.400809716599
5314 0.402834008097
5319 0.404858299595
5333 0.406882591093
5334 0.408906882591
5352 0.410931174089
5353 0.412955465587
5366 0.414979757085
5368 0.417004048583
5387 0.421052631579
5387 0.421052631579
5415 0.423076923077
5425 0.425101214575
5426 0.427125506073
5433 0.429149797571
5459 0.431174089069
5499 0.433198380567
5538 0.435222672065
5548 0.437246963563
5580 0.439271255061
5587 0.441295546559
5599 0.443319838057
5611 0.445344129555
5620 0.447368421053
5640 0.449392712551
5642 0.451417004049
5649 0.453441295547
5676 0.457489878543
5676 0.457489878543
5680 0.45951417004
5715 0.461538461538
5738 0.463562753036
5747 0.465587044534
5759 0.467611336032
5795 0.46963562753
5797 0.471659919028
5806 0.473684210526
5807 0.475708502024
5823 0.477732793522
5824 0.481781376518
5824 0.481781376518
5826 0.483805668016
5833 0.485829959514
5855 0.487854251012
5873 0.48987854251
5902 0.493927125506
5902 0.493927125506
5907 0.495951417004
5919 0.497975708502
5930 0.5
5945 0.502024291498
5983 0.504048582996
5991 0.506072874494
5996 0.508097165992
6007 0.512145748988
6007 0.512145748988
6009 0.514170040486
6014 0.516194331984
6017 0.518218623482
6027 0.52024291498
6046 0.522267206478
6063 0.524291497976
6089 0.526315789474
6102 0.528340080972
6133 0.53036437247
6154 0.532388663968
6165 0.534412955466
6178 0.536437246964
6215 0.538461538462
6218 0.54048582996
6231 0.544534412955
6231 0.544534412955
6240 0.546558704453
6257 0.548582995951
6311 0.550607287449
6340 0.552631578947
6344 0.554655870445
6352 0.556680161943
6372 0.558704453441
6440 0.560728744939
6452 0.562753036437
6455 0.564777327935
6460 0.566801619433
6467 0.568825910931
6474 0.570850202429
6511 0.572874493927
6523 0.574898785425
6531 0.576923076923
6537 0.578947368421
6556 0.582995951417
6556 0.582995951417
6622 0.585020242915
6625 0.587044534413
6627 0.589068825911
6637 0.591093117409
6640 0.593117408907
6711 0.595141700405
6737 0.597165991903
6755 0.599190283401
6758 0.601214574899
6764 0.603238866397
6776 0.605263157895
6794 0.607287449393
6799 0.609311740891
6814 0.611336032389
6817 0.613360323887
6873 0.615384615385
6895 0.617408906883
6906 0.619433198381
6910 0.621457489879
6913 0.623481781377
6929 0.625506072874
6935 0.627530364372
6945 0.62955465587
6964 0.631578947368
7051 0.633603238866
7075 0.637651821862
7075 0.637651821862
7097 0.63967611336
7168 0.641700404858
7220 0.643724696356
7232 0.645748987854
7275 0.647773279352
7316 0.64979757085
7327 0.651821862348
7370 0.653846153846
7383 0.655870445344
7391 0.657894736842
7412 0.65991902834
7416 0.661943319838
7441 0.663967611336
7453 0.665991902834
7456 0.668016194332
7459 0.67004048583
7460 0.672064777328
7498 0.674089068826
7500 0.676113360324
7516 0.678137651822
7532 0.68016194332
7545 0.682186234818
7549 0.684210526316
7551 0.686234817814
7558 0.688259109312
7589 0.69028340081
7607 0.692307692308
7631 0.694331983806
7642 0.696356275304
7659 0.7004048583
7659 0.7004048583
7665 0.702429149798
7681 0.704453441296
7690 0.706477732794
7713 0.708502024291
7788 0.710526315789
7802 0.712550607287
7803 0.714574898785
7833 0.716599190283
7837 0.718623481781
7840 0.720647773279
7843 0.722672064777
7848 0.724696356275
7851 0.726720647773
7852 0.728744939271
7905 0.730769230769
8027 0.732793522267
8029 0.734817813765
8045 0.736842105263
8062 0.738866396761
8067 0.740890688259
8087 0.742914979757
8137 0.744939271255
8165 0.746963562753
8195 0.748987854251
8214 0.751012145749
8264 0.753036437247
8272 0.755060728745
8274 0.757085020243
8317 0.759109311741
8324 0.761133603239
8375 0.763157894737
8378 0.765182186235
8379 0.767206477733
8382 0.769230769231
8392 0.771255060729
8393 0.775303643725
8393 0.775303643725
8423 0.777327935223
8472 0.779352226721
8518 0.781376518219
8529 0.783400809717
8539 0.785425101215
8652 0.787449392713
8668 0.789473684211
8692 0.791497975709
8729 0.793522267206
8743 0.795546558704
8772 0.797570850202
8817 0.7995951417
8863 0.801619433198
8896 0.803643724696
8901 0.805668016194
8951 0.807692307692
9101 0.80971659919
9130 0.811740890688
9204 0.813765182186
9215 0.815789473684
9241 0.817813765182
9257 0.81983805668
9280 0.821862348178
9283 0.823886639676
9336 0.825910931174
9382 0.827935222672
9410 0.82995951417
9417 0.831983805668
9463 0.834008097166
9547 0.836032388664
9586 0.838056680162
9589 0.84008097166
9590 0.842105263158
9636 0.844129554656
9642 0.846153846154
9754 0.848178137652
9811 0.85020242915
9844 0.852226720648
9863 0.854251012146
9929 0.856275303644
9981 0.858299595142
10007 0.86032388664
10033 0.862348178138
10063 0.864372469636
10094 0.866396761134
10106 0.868421052632
10143 0.87044534413
10148 0.872469635628
10197 0.874493927126
10280 0.876518218623
10407 0.878542510121
10408 0.880566801619
10442 0.882591093117
10595 0.884615384615
10676 0.886639676113
10705 0.888663967611
10794 0.890688259109
10809 0.892712550607
10840 0.894736842105
10864 0.896761133603
10953 0.898785425101
10958 0.900809716599
11004 0.902834008097
11088 0.904858299595
11099 0.906882591093
11209 0.908906882591
11248 0.910931174089
11381 0.912955465587
11443 0.914979757085
11505 0.917004048583
11597 0.919028340081
11615 0.921052631579
11782 0.923076923077
11803 0.925101214575
12109 0.927125506073
12155 0.929149797571
12315 0.931174089069
12430 0.933198380567
12433 0.935222672065
12462 0.937246963563
12472 0.939271255061
12667 0.941295546559
12750 0.943319838057
13029 0.945344129555
13205 0.947368421053
13241 0.949392712551
13477 0.951417004049
13505 0.953441295547
13533 0.955465587045
13639 0.957489878543
13646 0.95951417004
13650 0.961538461538
13835 0.963562753036
14215 0.965587044534
14236 0.967611336032
14240 0.96963562753
14432 0.971659919028
14888 0.973684210526
14892 0.975708502024
14954 0.977732793522
14992 0.97975708502
15334 0.981781376518
15440 0.983805668016
15870 0.985829959514
15978 0.987854251012
16384 0.98987854251
16557 0.991902834008
17575 0.993927125506
20717 0.995951417004
26628 0.997975708502
39906 1.0
