32 0.00202839756592
205 0.00405679513185
290 0.00608519269777
318 0.00811359026369
330 0.0101419878296
352 0.0121703853955
366 0.0141987829615
410 0.0162271805274
527 0.0182555780933
531 0.0202839756592
542 0.0223123732252
558 0.0243407707911
568 0.026369168357
592 0.0283975659229
625 0.0304259634888
635 0.0324543610548
650 0.0344827586207
690 0.0365111561866
700 0.0385395537525
711 0.0405679513185
739 0.0425963488844
766 0.0446247464503
772 0.0466531440162
792 0.0486815415822
857 0.0507099391481
874 0.0547667342799
874 0.0547667342799
899 0.0567951318458
926 0.0588235294118
946 0.0608519269777
997 0.0628803245436
1005 0.0649087221095
1045 0.0669371196755
1094 0.0689655172414
1122 0.0709939148073
1153 0.0730223123732
1154 0.0750507099391
1181 0.0770791075051
1194 0.079107505071
1235 0.0811359026369
1263 0.0831643002028
1340 0.0851926977688
1355 0.0872210953347
1374 0.0892494929006
1383 0.0912778904665
1399 0.0933062880325
1416 0.0953346855984
1444 0.0973630831643
1448 0.0993914807302
1458 0.101419878296
1460 0.103448275862
1463 0.105476673428
1513 0.10953346856
1513 0.10953346856
1553 0.111561866126
1561 0.113590263692
1585 0.115618661258
1590 0.117647058824
1593 0.119675456389
1594 0.121703853955
1634 0.123732251521
1644 0.125760649087
1657 0.127789046653
1668 0.129817444219
1672 0.131845841785
1685 0.133874239351
1689 0.135902636917
1704 0.137931034483
1711 0.139959432049
1716 0.141987829615
1732 0.144016227181
1743 0.146044624746
1749 0.148073022312
1756 0.150101419878
1766 0.152129817444
1814 0.15415821501
1815 0.156186612576
1820 0.158215010142
1829 0.160243407708
1833 0.162271805274
1843 0.16430020284
1859 0.166328600406
1868 0.168356997972
1874 0.170385395538
1885 0.172413793103
1892 0.174442190669
1909 0.176470588235
1936 0.180527383367
1936 0.180527383367
1937 0.182555780933
1940 0.184584178499
1944 0.186612576065
1948 0.188640973631
1951 0.190669371197
1955 0.192697768763
1967 0.194726166329
1981 0.196754563895
1983 0.19878296146
1988 0.200811359026
1994 0.202839756592
2013 0.204868154158
2037 0.206896551724
2041 0.20892494929
2046 0.210953346856
2065 0.212981744422
2070 0.215010141988
2084 0.217038539554
2097 0.21906693712
2131 0.223123732252
2131 0.223123732252
2146 0.225152129817
2158 0.227180527383
2194 0.229208924949
2197 0.231237322515
2247 0.233265720081
2256 0.235294117647
2262 0.237322515213
2263 0.239350912779
2291 0.241379310345
2295 0.243407707911
2314 0.245436105477
2318 0.247464503043
2333 0.249492900609
2341 0.251521298174
2369 0.25354969574
2384 0.255578093306
2398 0.257606490872
2401 0.259634888438
2425 0.261663286004
2427 0.26369168357
2434 0.265720081136
2465 0.267748478702
2467 0.269776876268
2471 0.271805273834
2502 0.2738336714
2518 0.275862068966
2527 0.279918864097
2527 0.279918864097
2539 0.281947261663
2550 0.286004056795
2550 0.286004056795
2562 0.288032454361
2564 0.290060851927
2572 0.292089249493
2585 0.294117647059
2589 0.296146044625
2591 0.298174442191
2593 0.300202839757
2607 0.302231237323
2632 0.304259634888
2638 0.306288032454
2670 0.30831643002
2678 0.310344827586
2679 0.312373225152
2682 0.316430020284
2682 0.316430020284
2684 0.31845841785
2689 0.320486815416
2694 0.322515212982
2698 0.324543610548
2714 0.326572008114
2725 0.32860040568
2760 0.330628803245
2781 0.332657200811
2789 0.334685598377
2803 0.336713995943
2811 0.338742393509
2877 0.340770791075
2884 0.342799188641
2900 0.344827586207
2905 0.346855983773
2907 0.348884381339
2917 0.350912778905
2925 0.352941176471
2939 0.356997971602
2939 0.356997971602
2942 0.359026369168
2945 0.361054766734
2950 0.3630831643
2955 0.365111561866
2957 0.367139959432
2989 0.369168356998
2991 0.371196754564
3006 0.37322515213
3011 0.375253549696
3029 0.377281947262
3032 0.379310344828
3046 0.381338742394
3061 0.383367139959
3115 0.385395537525
3130 0.387423935091
3155 0.389452332657
3184 0.391480730223
3185 0.393509127789
3195 0.395537525355
3208 0.397565922921
3216 0.399594320487
3218 0.401622718053
3226 0.403651115619
3248 0.405679513185
3256 0.407707910751
3268 0.409736308316
3279 0.411764705882
3280 0.413793103448
3283 0.415821501014
3291 0.41784989858
3317 0.419878296146
3333 0.421906693712
3348 0.423935091278
3356 0.425963488844
3358 0.42799188641
3363 0.430020283976
3380 0.432048681542
3387 0.434077079108
3388 0.436105476673
3399 0.438133874239
3408 0.440162271805
3413 0.442190669371
3439 0.444219066937
3440 0.446247464503
3442 0.448275862069
3444 0.450304259635
3454 0.452332657201
3461 0.454361054767
3488 0.456389452333
3492 0.458417849899
3502 0.460446247465
3524 0.46247464503
3525 0.464503042596
3533 0.466531440162
3539 0.468559837728
3540 0.470588235294
3575 0.47261663286
3578 0.474645030426
3633 0.476673427992
3651 0.478701825558
3661 0.480730223124
3671 0.48275862069
3678 0.484787018256
3704 0.486815415822
3708 0.488843813387
3738 0.490872210953
3743 0.492900608519
3783 0.494929006085
3789 0.496957403651
3793 0.498985801217
3802 0.501014198783
3820 0.503042596349
3824 0.505070993915
3843 0.507099391481
3846 0.509127789047
3864 0.511156186613
3887 0.513184584178
3899 0.515212981744
3917 0.51724137931
3926 0.519269776876
3929 0.521298174442
3934 0.523326572008
3940 0.525354969574
3954 0.52738336714
3957 0.529411764706
3968 0.533468559838
3968 0.533468559838
3987 0.535496957404
4016 0.53752535497
4026 0.539553752535
4033 0.541582150101
4048 0.543610547667
4049 0.545638945233
4068 0.547667342799
4089 0.549695740365
4090 0.551724137931
4096 0.553752535497
4111 0.555780933063
4145 0.557809330629
4148 0.561866125761
4148 0.561866125761
4156 0.563894523327
4159 0.565922920892
4171 0.567951318458
4187 0.569979716024
4217 0.57200811359
4227 0.574036511156
4254 0.576064908722
4283 0.578093306288
4289 0.580121703854
4297 0.58215010142
4309 0.584178498986
4371 0.586206896552
4376 0.588235294118
4378 0.590263691684
4393 0.592292089249
4425 0.594320486815
4480 0.596348884381
4486 0.598377281947
4501 0.600405679513
4563 0.602434077079
4570 0.604462474645
4571 0.606490872211
4587 0.608519269777
4588 0.610547667343
4607 0.612576064909
4620 0.614604462475
4663 0.616632860041
4677 0.618661257606
4696 0.620689655172
4698 0.622718052738
4706 0.624746450304
4726 0.62677484787
4727 0.628803245436
4742 0.630831643002
4754 0.632860040568
4755 0.634888438134
4775 0.6369168357
4797 0.638945233266
4801 0.640973630832
4807 0.643002028398
4816 0.645030425963
4834 0.647058823529
4839 0.649087221095
4856 0.651115618661
4863 0.653144016227
4887 0.655172413793
4935 0.657200811359
4942 0.659229208925
4962 0.661257606491
4964 0.663286004057
4989 0.665314401623
4993 0.667342799189
5008 0.669371196755
5011 0.67139959432
5013 0.673427991886
5018 0.675456389452
5035 0.677484787018
5059 0.679513184584
5082 0.68154158215
5108 0.683569979716
5117 0.685598377282
5124 0.687626774848
5138 0.689655172414
5141 0.69168356998
5142 0.693711967546
5151 0.695740365112
5198 0.697768762677
5256 0.699797160243
5305 0.701825557809
5310 0.705882352941
5310 0.705882352941
5340 0.707910750507
5342 0.709939148073
5386 0.711967545639
5387 0.713995943205
5421 0.716024340771
5440 0.718052738337
5441 0.720081135903
5475 0.722109533469
5478 0.724137931034
5480 0.7261663286
5484 0.728194726166
5491 0.730223123732
5494 0.732251521298
5501 0.734279918864
5530 0.73630831643
5569 0.738336713996
5642 0.740365111562
5672 0.742393509128
5678 0.744421906694
5709 0.74645030426
5713 0.748478701826
5718 0.750507099391
5725 0.752535496957
5731 0.754563894523
5739 0.756592292089
5741 0.758620689655
5745 0.760649087221
5751 0.762677484787
5786 0.764705882353
5814 0.766734279919
5824 0.768762677485
5896 0.770791075051
5909 0.772819472617
5911 0.774847870183
6027 0.776876267748
6033 0.778904665314
6042 0.78093306288
6093 0.782961460446
6114 0.784989858012
6119 0.787018255578
6142 0.789046653144
6188 0.79107505071
6203 0.793103448276
6215 0.795131845842
6250 0.797160243408
6295 0.799188640974
6320 0.803245436105
6320 0.803245436105
6372 0.805273833671
6390 0.807302231237
6422 0.809330628803
6449 0.811359026369
6505 0.813387423935
6529 0.815415821501
6534 0.817444219067
6568 0.819472616633
6622 0.821501014199
6709 0.823529411765
6765 0.827586206897
6765 0.827586206897
6960 0.829614604462
6979 0.831643002028
7051 0.833671399594
7065 0.83569979716
7128 0.837728194726
7154 0.839756592292
7180 0.841784989858
7188 0.843813387424
7205 0.84584178499
7270 0.847870182556
7321 0.849898580122
7389 0.851926977688
7539 0.853955375254
7596 0.855983772819
7614 0.858012170385
7644 0.860040567951
7652 0.862068965517
7664 0.864097363083
7712 0.866125760649
7765 0.868154158215
7894 0.870182555781
7914 0.872210953347
7984 0.874239350913
8046 0.876267748479
8069 0.878296146045
8106 0.880324543611
8275 0.882352941176
8387 0.884381338742
8409 0.886409736308
8456 0.888438133874
8556 0.89046653144
8594 0.892494929006
8676 0.894523326572
8714 0.896551724138
8726 0.898580121704
8749 0.90060851927
8805 0.902636916836
8807 0.904665314402
8926 0.906693711968
9871 0.908722109533
10025 0.910750507099
10150 0.912778904665
10231 0.914807302231
10387 0.916835699797
10401 0.918864097363
10559 0.920892494929
10774 0.922920892495
10800 0.924949290061
10818 0.926977687627
10972 0.929006085193
11693 0.931034482759
11916 0.933062880325
12370 0.93509127789
12810 0.937119675456
12947 0.939148073022
13005 0.941176470588
13054 0.943204868154
13085 0.94523326572
13671 0.947261663286
13875 0.949290060852
13999 0.951318458418
14247 0.953346855984
14365 0.95537525355
14604 0.957403651116
14664 0.959432048682
15430 0.961460446247
15449 0.963488843813
15750 0.965517241379
16124 0.967545638945
16256 0.969574036511
16402 0.971602434077
16485 0.973630831643
16880 0.975659229209
18250 0.977687626775
19218 0.979716024341
20301 0.981744421907
21724 0.983772819473
22013 0.985801217039
22790 0.987829614604
29941 0.98985801217
31366 0.991886409736
44893 0.993914807302
49485 0.995943204868
52480 0.997971602434
58571 1.0
