32 0.00202839756592
491 0.00405679513185
754 0.00608519269777
854 0.00811359026369
880 0.0101419878296
947 0.0121703853955
986 0.0141987829615
1145 0.0162271805274
1291 0.0182555780933
1341 0.0202839756592
1367 0.0223123732252
1373 0.0243407707911
1383 0.026369168357
1384 0.0283975659229
1392 0.0304259634888
1409 0.0324543610548
1416 0.0344827586207
1444 0.0365111561866
1502 0.0405679513185
1502 0.0405679513185
1564 0.0425963488844
1575 0.0446247464503
1576 0.0466531440162
1620 0.0486815415822
1654 0.0507099391481
1672 0.052738336714
1686 0.0547667342799
1755 0.0567951318458
1835 0.0588235294118
1836 0.0608519269777
1891 0.0628803245436
1967 0.0649087221095
1975 0.0669371196755
2021 0.0689655172414
2039 0.0709939148073
2075 0.0730223123732
2145 0.0750507099391
2156 0.0770791075051
2205 0.079107505071
2233 0.0811359026369
2235 0.0831643002028
2257 0.0851926977688
2261 0.0872210953347
2267 0.0892494929006
2281 0.0912778904665
2293 0.0933062880325
2313 0.0953346855984
2314 0.0973630831643
2319 0.0993914807302
2342 0.101419878296
2394 0.103448275862
2422 0.105476673428
2423 0.107505070994
2437 0.111561866126
2437 0.111561866126
2462 0.113590263692
2475 0.115618661258
2489 0.117647058824
2497 0.119675456389
2498 0.121703853955
2507 0.123732251521
2512 0.125760649087
2517 0.127789046653
2527 0.129817444219
2531 0.131845841785
2532 0.133874239351
2544 0.135902636917
2573 0.137931034483
2575 0.139959432049
2580 0.141987829615
2610 0.144016227181
2611 0.146044624746
2616 0.148073022312
2629 0.150101419878
2633 0.152129817444
2639 0.15415821501
2645 0.156186612576
2651 0.158215010142
2661 0.160243407708
2662 0.162271805274
2679 0.16430020284
2685 0.166328600406
2688 0.168356997972
2690 0.170385395538
2725 0.172413793103
2729 0.174442190669
2735 0.176470588235
2741 0.178498985801
2748 0.180527383367
2768 0.182555780933
2783 0.184584178499
2796 0.186612576065
2818 0.188640973631
2830 0.190669371197
2833 0.192697768763
2844 0.194726166329
2846 0.196754563895
2849 0.19878296146
2858 0.200811359026
2862 0.202839756592
2868 0.204868154158
2880 0.206896551724
2885 0.20892494929
2893 0.210953346856
2925 0.212981744422
2930 0.215010141988
2936 0.217038539554
2954 0.21906693712
2956 0.221095334686
2962 0.223123732252
2967 0.225152129817
2999 0.227180527383
3005 0.229208924949
3022 0.231237322515
3024 0.233265720081
3035 0.235294117647
3051 0.237322515213
3056 0.239350912779
3071 0.241379310345
3114 0.243407707911
3116 0.245436105477
3148 0.247464503043
3162 0.249492900609
3168 0.251521298174
3210 0.25354969574
3212 0.255578093306
3216 0.257606490872
3229 0.259634888438
3240 0.261663286004
3243 0.26369168357
3247 0.265720081136
3254 0.267748478702
3263 0.269776876268
3294 0.271805273834
3298 0.2738336714
3299 0.275862068966
3320 0.277890466531
3322 0.279918864097
3324 0.281947261663
3327 0.283975659229
3359 0.286004056795
3369 0.288032454361
3376 0.292089249493
3376 0.292089249493
3395 0.294117647059
3406 0.296146044625
3412 0.298174442191
3427 0.300202839757
3428 0.302231237323
3476 0.304259634888
3489 0.306288032454
3508 0.30831643002
3509 0.310344827586
3526 0.312373225152
3527 0.314401622718
3550 0.316430020284
3557 0.31845841785
3558 0.320486815416
3575 0.322515212982
3580 0.324543610548
3598 0.326572008114
3602 0.32860040568
3618 0.330628803245
3619 0.332657200811
3621 0.334685598377
3622 0.336713995943
3623 0.338742393509
3629 0.340770791075
3630 0.342799188641
3633 0.344827586207
3640 0.346855983773
3642 0.348884381339
3650 0.350912778905
3653 0.352941176471
3666 0.354969574037
3689 0.356997971602
3705 0.361054766734
3705 0.361054766734
3709 0.3630831643
3712 0.365111561866
3733 0.367139959432
3750 0.369168356998
3767 0.371196754564
3772 0.375253549696
3772 0.375253549696
3776 0.377281947262
3780 0.379310344828
3784 0.381338742394
3817 0.383367139959
3824 0.385395537525
3832 0.387423935091
3836 0.389452332657
3842 0.391480730223
3862 0.393509127789
3890 0.395537525355
3906 0.399594320487
3906 0.399594320487
3913 0.401622718053
3942 0.403651115619
3962 0.405679513185
3966 0.407707910751
3988 0.409736308316
4006 0.411764705882
4015 0.413793103448
4020 0.415821501014
4023 0.41784989858
4029 0.419878296146
4046 0.421906693712
4052 0.423935091278
4063 0.425963488844
4073 0.42799188641
4082 0.430020283976
4114 0.432048681542
4131 0.434077079108
4135 0.436105476673
4144 0.438133874239
4149 0.440162271805
4161 0.442190669371
4175 0.444219066937
4176 0.446247464503
4183 0.448275862069
4198 0.450304259635
4210 0.452332657201
4211 0.454361054767
4227 0.456389452333
4235 0.458417849899
4239 0.460446247465
4252 0.46247464503
4255 0.464503042596
4260 0.466531440162
4269 0.468559837728
4271 0.470588235294
4280 0.47261663286
4295 0.474645030426
4296 0.476673427992
4304 0.478701825558
4305 0.480730223124
4306 0.48275862069
4327 0.484787018256
4336 0.486815415822
4341 0.488843813387
4362 0.490872210953
4387 0.492900608519
4390 0.494929006085
4397 0.496957403651
4413 0.498985801217
4416 0.501014198783
4419 0.503042596349
4431 0.505070993915
4469 0.507099391481
4472 0.509127789047
4503 0.511156186613
4504 0.513184584178
4507 0.515212981744
4520 0.51724137931
4531 0.519269776876
4534 0.521298174442
4541 0.523326572008
4565 0.525354969574
4566 0.52738336714
4568 0.529411764706
4590 0.531440162272
4599 0.533468559838
4602 0.535496957404
4640 0.53752535497
4651 0.539553752535
4657 0.541582150101
4659 0.543610547667
4660 0.545638945233
4704 0.547667342799
4741 0.551724137931
4741 0.551724137931
4755 0.553752535497
4759 0.555780933063
4765 0.557809330629
4775 0.559837728195
4780 0.561866125761
4781 0.563894523327
4785 0.565922920892
4831 0.567951318458
4833 0.569979716024
4847 0.57200811359
4852 0.574036511156
4864 0.576064908722
4898 0.578093306288
4924 0.580121703854
4957 0.58215010142
4962 0.584178498986
4963 0.586206896552
4979 0.588235294118
5010 0.590263691684
5039 0.592292089249
5040 0.594320486815
5080 0.596348884381
5091 0.598377281947
5100 0.600405679513
5106 0.602434077079
5115 0.604462474645
5120 0.606490872211
5180 0.608519269777
5188 0.610547667343
5189 0.612576064909
5190 0.614604462475
5198 0.616632860041
5252 0.618661257606
5257 0.620689655172
5260 0.622718052738
5270 0.624746450304
5295 0.62677484787
5308 0.628803245436
5333 0.630831643002
5343 0.632860040568
5356 0.634888438134
5357 0.6369168357
5386 0.638945233266
5400 0.640973630832
5429 0.643002028398
5436 0.645030425963
5440 0.647058823529
5441 0.649087221095
5458 0.651115618661
5499 0.653144016227
5530 0.655172413793
5532 0.657200811359
5533 0.659229208925
5537 0.661257606491
5538 0.663286004057
5569 0.665314401623
5575 0.667342799189
5601 0.669371196755
5616 0.67139959432
5633 0.673427991886
5657 0.675456389452
5664 0.677484787018
5672 0.679513184584
5706 0.683569979716
5706 0.683569979716
5736 0.685598377282
5744 0.687626774848
5748 0.689655172414
5770 0.69168356998
5774 0.693711967546
5808 0.695740365112
5819 0.697768762677
5828 0.699797160243
5834 0.701825557809
5842 0.703853955375
5884 0.705882352941
5912 0.707910750507
5914 0.709939148073
5933 0.711967545639
5963 0.713995943205
6009 0.716024340771
6048 0.718052738337
6100 0.720081135903
6133 0.722109533469
6136 0.724137931034
6142 0.7261663286
6158 0.728194726166
6159 0.732251521298
6159 0.732251521298
6172 0.734279918864
6187 0.73630831643
6188 0.738336713996
6227 0.740365111562
6253 0.742393509128
6289 0.744421906694
6292 0.74645030426
6293 0.748478701826
6298 0.750507099391
6334 0.752535496957
6392 0.754563894523
6456 0.756592292089
6457 0.758620689655
6459 0.760649087221
6474 0.762677484787
6488 0.764705882353
6490 0.766734279919
6552 0.768762677485
6591 0.770791075051
6607 0.772819472617
6611 0.774847870183
6621 0.776876267748
6635 0.778904665314
6656 0.78093306288
6671 0.782961460446
6694 0.784989858012
6721 0.787018255578
6749 0.789046653144
6821 0.79107505071
6831 0.793103448276
6842 0.795131845842
6871 0.797160243408
6882 0.799188640974
6884 0.80121703854
6911 0.803245436105
6936 0.805273833671
6937 0.807302231237
6938 0.809330628803
6944 0.811359026369
6972 0.813387423935
6987 0.815415821501
6993 0.817444219067
7033 0.819472616633
7056 0.821501014199
7057 0.823529411765
7136 0.825557809331
7144 0.827586206897
7159 0.829614604462
7168 0.831643002028
7172 0.833671399594
7245 0.83569979716
7255 0.837728194726
7256 0.839756592292
7258 0.841784989858
7281 0.843813387424
7343 0.84584178499
7361 0.847870182556
7449 0.849898580122
7470 0.851926977688
7479 0.853955375254
7515 0.855983772819
7538 0.858012170385
7621 0.860040567951
7650 0.862068965517
7729 0.864097363083
7853 0.866125760649
7862 0.868154158215
7877 0.870182555781
7941 0.872210953347
7966 0.874239350913
8100 0.876267748479
8142 0.878296146045
8194 0.880324543611
8248 0.882352941176
8254 0.884381338742
8369 0.886409736308
8407 0.888438133874
8426 0.89046653144
8460 0.892494929006
8503 0.894523326572
8594 0.896551724138
8654 0.898580121704
8659 0.90060851927
8697 0.902636916836
8904 0.904665314402
9014 0.906693711968
9029 0.908722109533
9052 0.910750507099
9057 0.912778904665
9064 0.914807302231
9161 0.916835699797
9226 0.918864097363
9430 0.920892494929
9486 0.922920892495
9499 0.924949290061
9592 0.926977687627
9614 0.929006085193
9866 0.931034482759
9958 0.933062880325
9990 0.93509127789
10100 0.937119675456
10124 0.939148073022
10140 0.941176470588
10272 0.943204868154
10584 0.94523326572
10627 0.947261663286
10654 0.949290060852
10669 0.951318458418
10715 0.953346855984
10729 0.95537525355
10761 0.957403651116
10794 0.959432048682
10902 0.961460446247
10939 0.963488843813
10954 0.965517241379
11087 0.967545638945
11389 0.969574036511
12012 0.971602434077
12021 0.973630831643
12026 0.975659229209
12409 0.977687626775
13211 0.979716024341
14667 0.981744421907
14997 0.983772819473
16498 0.985801217039
16912 0.987829614604
17578 0.98985801217
18849 0.991886409736
20076 0.993914807302
41674 0.995943204868
57626 0.997971602434
192599 1.0
