30 0.00202429149798
726 0.00404858299595
934 0.00607287449393
1179 0.0080971659919
1380 0.0101214574899
1402 0.0121457489879
1571 0.0141700404858
1792 0.0161943319838
1808 0.0182186234818
2015 0.0202429149798
2050 0.0222672064777
2089 0.0242914979757
2119 0.0263157894737
2126 0.0283400809717
2232 0.0303643724696
2234 0.0323886639676
2254 0.0344129554656
2263 0.0364372469636
2265 0.0384615384615
2283 0.0404858299595
2291 0.0425101214575
2311 0.0445344129555
2444 0.0465587044534
2447 0.0485829959514
2477 0.0506072874494
2677 0.0526315789474
2726 0.0546558704453
2819 0.0566801619433
2921 0.0587044534413
2971 0.0607287449393
2972 0.0627530364372
2984 0.0647773279352
3150 0.0668016194332
3152 0.0688259109312
3196 0.0708502024291
3215 0.0728744939271
3240 0.0748987854251
3259 0.0769230769231
3273 0.0789473684211
3329 0.080971659919
3350 0.082995951417
3436 0.087044534413
3436 0.087044534413
3498 0.0890688259109
3521 0.0910931174089
3534 0.0931174089069
3554 0.0951417004049
3621 0.0971659919028
3648 0.0991902834008
3658 0.101214574899
3663 0.103238866397
3697 0.105263157895
3699 0.107287449393
3705 0.109311740891
3710 0.111336032389
3719 0.113360323887
3750 0.115384615385
3783 0.117408906883
3798 0.119433198381
3813 0.121457489879
3817 0.123481781377
3835 0.125506072874
3865 0.127530364372
3872 0.12955465587
3875 0.131578947368
3877 0.133603238866
3886 0.135627530364
3895 0.137651821862
3936 0.13967611336
3942 0.141700404858
3958 0.143724696356
3961 0.145748987854
3962 0.147773279352
3993 0.14979757085
4006 0.151821862348
4016 0.153846153846
4026 0.157894736842
4026 0.157894736842
4051 0.15991902834
4055 0.161943319838
4060 0.163967611336
4076 0.165991902834
4091 0.168016194332
4099 0.17004048583
4138 0.172064777328
4143 0.174089068826
4155 0.176113360324
4195 0.178137651822
4211 0.18016194332
4214 0.182186234818
4234 0.184210526316
4244 0.186234817814
4247 0.188259109312
4303 0.19028340081
4338 0.192307692308
4352 0.194331983806
4376 0.196356275304
4377 0.198380566802
4437 0.2004048583
4446 0.202429149798
4451 0.204453441296
4458 0.206477732794
4467 0.208502024291
4469 0.210526315789
4487 0.212550607287
4497 0.214574898785
4500 0.216599190283
4543 0.218623481781
4574 0.220647773279
4596 0.222672064777
4603 0.224696356275
4628 0.226720647773
4631 0.228744939271
4637 0.230769230769
4639 0.232793522267
4648 0.234817813765
4666 0.236842105263
4691 0.238866396761
4702 0.240890688259
4712 0.242914979757
4728 0.244939271255
4759 0.246963562753
4761 0.248987854251
4767 0.251012145749
4810 0.253036437247
4811 0.255060728745
4852 0.257085020243
4859 0.259109311741
4904 0.261133603239
4910 0.263157894737
4913 0.265182186235
4914 0.267206477733
4917 0.269230769231
4930 0.271255060729
4936 0.273279352227
4948 0.275303643725
4952 0.279352226721
4952 0.279352226721
4958 0.281376518219
4980 0.283400809717
5048 0.285425101215
5055 0.287449392713
5080 0.289473684211
5099 0.291497975709
5123 0.293522267206
5148 0.295546558704
5176 0.297570850202
5206 0.2995951417
5242 0.301619433198
5249 0.303643724696
5255 0.305668016194
5286 0.307692307692
5308 0.30971659919
5313 0.311740890688
5342 0.313765182186
5349 0.315789473684
5355 0.317813765182
5357 0.31983805668
5359 0.321862348178
5365 0.323886639676
5391 0.327935222672
5391 0.327935222672
5409 0.32995951417
5412 0.331983805668
5453 0.334008097166
5475 0.336032388664
5481 0.338056680162
5484 0.34008097166
5497 0.342105263158
5500 0.344129554656
5505 0.346153846154
5513 0.348178137652
5534 0.35020242915
5546 0.352226720648
5548 0.354251012146
5572 0.356275303644
5582 0.358299595142
5599 0.36032388664
5604 0.362348178138
5626 0.364372469636
5646 0.366396761134
5672 0.368421052632
5710 0.37044534413
5733 0.372469635628
5735 0.374493927126
5749 0.376518218623
5816 0.378542510121
5820 0.380566801619
5864 0.382591093117
5871 0.384615384615
5873 0.386639676113
5883 0.388663967611
5921 0.390688259109
5933 0.392712550607
5961 0.394736842105
5965 0.396761133603
5974 0.398785425101
5999 0.400809716599
6010 0.402834008097
6017 0.404858299595
6051 0.406882591093
6066 0.408906882591
6080 0.410931174089
6087 0.412955465587
6094 0.414979757085
6104 0.417004048583
6113 0.419028340081
6118 0.421052631579
6131 0.423076923077
6137 0.425101214575
6138 0.427125506073
6149 0.429149797571
6164 0.433198380567
6164 0.433198380567
6178 0.435222672065
6215 0.437246963563
6255 0.439271255061
6259 0.441295546559
6274 0.443319838057
6309 0.445344129555
6330 0.447368421053
6347 0.449392712551
6349 0.451417004049
6389 0.453441295547
6406 0.455465587045
6426 0.457489878543
6443 0.45951417004
6458 0.461538461538
6463 0.463562753036
6486 0.465587044534
6487 0.467611336032
6496 0.46963562753
6499 0.471659919028
6515 0.473684210526
6536 0.475708502024
6565 0.477732793522
6578 0.47975708502
6581 0.481781376518
6596 0.483805668016
6618 0.485829959514
6628 0.487854251012
6637 0.48987854251
6677 0.491902834008
6681 0.493927125506
6685 0.495951417004
6703 0.497975708502
6715 0.5
6725 0.502024291498
6734 0.504048582996
6744 0.506072874494
6751 0.508097165992
6794 0.51012145749
6800 0.512145748988
6802 0.514170040486
6806 0.516194331984
6841 0.518218623482
6851 0.52024291498
6865 0.522267206478
6883 0.524291497976
6887 0.526315789474
6888 0.528340080972
6895 0.53036437247
6916 0.532388663968
6925 0.534412955466
6943 0.536437246964
6977 0.538461538462
6982 0.54048582996
6995 0.542510121457
7006 0.544534412955
7009 0.546558704453
7025 0.548582995951
7066 0.550607287449
7097 0.552631578947
7106 0.554655870445
7130 0.556680161943
7155 0.558704453441
7165 0.560728744939
7254 0.562753036437
7261 0.564777327935
7280 0.566801619433
7293 0.568825910931
7295 0.570850202429
7328 0.572874493927
7367 0.574898785425
7382 0.576923076923
7424 0.578947368421
7429 0.580971659919
7430 0.582995951417
7435 0.585020242915
7445 0.587044534413
7480 0.589068825911
7483 0.591093117409
7514 0.593117408907
7530 0.595141700405
7569 0.597165991903
7570 0.599190283401
7583 0.601214574899
7594 0.603238866397
7615 0.605263157895
7621 0.607287449393
7624 0.609311740891
7658 0.611336032389
7661 0.613360323887
7682 0.615384615385
7697 0.617408906883
7730 0.619433198381
7772 0.621457489879
7836 0.623481781377
7838 0.625506072874
7860 0.627530364372
7863 0.62955465587
7930 0.631578947368
7994 0.633603238866
8015 0.635627530364
8021 0.637651821862
8033 0.63967611336
8063 0.641700404858
8088 0.643724696356
8092 0.645748987854
8094 0.647773279352
8143 0.64979757085
8181 0.651821862348
8185 0.653846153846
8202 0.655870445344
8207 0.657894736842
8223 0.65991902834
8236 0.661943319838
8237 0.665991902834
8237 0.665991902834
8261 0.668016194332
8263 0.67004048583
8294 0.672064777328
8394 0.674089068826
8399 0.676113360324
8412 0.678137651822
8416 0.68016194332
8423 0.682186234818
8471 0.684210526316
8531 0.686234817814
8562 0.688259109312
8574 0.69028340081
8586 0.694331983806
8586 0.694331983806
8609 0.696356275304
8612 0.698380566802
8625 0.7004048583
8627 0.702429149798
8659 0.704453441296
8667 0.706477732794
8689 0.708502024291
8697 0.710526315789
8721 0.712550607287
8724 0.714574898785
8725 0.716599190283
8726 0.720647773279
8726 0.720647773279
8768 0.722672064777
8774 0.724696356275
8809 0.726720647773
8820 0.728744939271
8825 0.730769230769
8831 0.732793522267
8926 0.734817813765
8949 0.736842105263
8953 0.738866396761
8969 0.740890688259
8993 0.742914979757
8995 0.744939271255
8997 0.746963562753
9005 0.748987854251
9085 0.751012145749
9113 0.753036437247
9149 0.755060728745
9198 0.757085020243
9232 0.759109311741
9284 0.761133603239
9315 0.763157894737
9316 0.765182186235
9326 0.767206477733
9327 0.769230769231
9350 0.771255060729
9356 0.773279352227
9368 0.775303643725
9429 0.777327935223
9475 0.779352226721
9482 0.781376518219
9550 0.783400809717
9606 0.785425101215
9632 0.787449392713
9658 0.789473684211
9719 0.791497975709
9786 0.793522267206
9790 0.795546558704
9806 0.797570850202
9819 0.7995951417
9852 0.801619433198
9917 0.803643724696
9972 0.805668016194
10031 0.807692307692
10034 0.80971659919
10055 0.811740890688
10127 0.813765182186
10167 0.815789473684
10326 0.817813765182
10327 0.81983805668
10391 0.821862348178
10411 0.823886639676
10510 0.825910931174
10573 0.827935222672
10587 0.82995951417
10618 0.831983805668
10623 0.834008097166
10645 0.836032388664
10666 0.838056680162
10699 0.84008097166
10703 0.842105263158
10740 0.844129554656
10741 0.846153846154
10829 0.848178137652
10845 0.85020242915
10894 0.852226720648
10901 0.854251012146
10962 0.856275303644
11016 0.858299595142
11119 0.86032388664
11158 0.862348178138
11201 0.864372469636
11220 0.866396761134
11223 0.87044534413
11223 0.87044534413
11268 0.872469635628
11336 0.874493927126
11362 0.876518218623
11399 0.878542510121
11441 0.880566801619
11489 0.882591093117
11508 0.884615384615
11571 0.886639676113
11591 0.888663967611
11619 0.890688259109
11717 0.892712550607
11754 0.894736842105
11815 0.896761133603
11915 0.898785425101
11951 0.900809716599
12110 0.902834008097
12191 0.904858299595
12266 0.906882591093
12345 0.908906882591
12370 0.910931174089
12600 0.912955465587
12734 0.914979757085
12914 0.917004048583
12935 0.919028340081
12969 0.921052631579
13071 0.923076923077
13336 0.925101214575
13358 0.927125506073
13418 0.929149797571
13478 0.931174089069
13656 0.933198380567
13763 0.935222672065
13809 0.937246963563
13872 0.939271255061
14050 0.941295546559
14056 0.943319838057
14328 0.945344129555
14378 0.947368421053
14635 0.949392712551
14665 0.951417004049
15050 0.953441295547
15467 0.955465587045
15479 0.957489878543
15489 0.95951417004
15506 0.961538461538
15843 0.963562753036
16044 0.965587044534
16262 0.967611336032
16573 0.96963562753
16633 0.971659919028
16900 0.973684210526
17023 0.975708502024
17456 0.977732793522
17847 0.97975708502
17989 0.981781376518
18199 0.983805668016
18511 0.985829959514
18651 0.987854251012
18934 0.98987854251
18954 0.991902834008
21016 0.993927125506
24173 0.995951417004
30139 0.997975708502
83984 1.0
