32 0.00202429149798
559 0.00404858299595
774 0.00607287449393
874 0.0080971659919
1019 0.0101214574899
1026 0.0121457489879
1159 0.0141700404858
1342 0.0161943319838
1431 0.0182186234818
1504 0.0202429149798
1585 0.0222672064777
1655 0.0242914979757
1662 0.0263157894737
1678 0.0283400809717
1693 0.0303643724696
1704 0.0344129554656
1704 0.0344129554656
1715 0.0364372469636
1732 0.0384615384615
1796 0.0404858299595
1809 0.0425101214575
1828 0.0445344129555
2013 0.0465587044534
2045 0.0485829959514
2067 0.0506072874494
2074 0.0526315789474
2086 0.0546558704453
2217 0.0566801619433
2235 0.0587044534413
2257 0.0607287449393
2278 0.0627530364372
2328 0.0647773279352
2333 0.0668016194332
2351 0.0688259109312
2365 0.0708502024291
2387 0.0728744939271
2436 0.0748987854251
2586 0.0769230769231
2609 0.0789473684211
2621 0.080971659919
2643 0.082995951417
2649 0.085020242915
2781 0.087044534413
2815 0.0890688259109
2824 0.0910931174089
2835 0.0931174089069
2856 0.0951417004049
2869 0.0971659919028
2880 0.0991902834008
2893 0.101214574899
2895 0.103238866397
2917 0.105263157895
2957 0.107287449393
2963 0.109311740891
2982 0.111336032389
2996 0.113360323887
3011 0.115384615385
3038 0.117408906883
3046 0.119433198381
3070 0.121457489879
3091 0.123481781377
3097 0.125506072874
3100 0.127530364372
3103 0.12955465587
3126 0.131578947368
3136 0.133603238866
3142 0.135627530364
3150 0.137651821862
3184 0.13967611336
3204 0.141700404858
3205 0.143724696356
3206 0.145748987854
3208 0.147773279352
3217 0.14979757085
3223 0.151821862348
3259 0.153846153846
3260 0.155870445344
3271 0.157894736842
3283 0.15991902834
3295 0.161943319838
3308 0.163967611336
3328 0.165991902834
3334 0.168016194332
3350 0.17004048583
3352 0.172064777328
3382 0.174089068826
3394 0.176113360324
3423 0.178137651822
3432 0.18016194332
3438 0.182186234818
3470 0.184210526316
3478 0.186234817814
3483 0.188259109312
3501 0.19028340081
3524 0.192307692308
3525 0.194331983806
3536 0.196356275304
3537 0.198380566802
3554 0.2004048583
3556 0.202429149798
3566 0.204453441296
3579 0.206477732794
3599 0.210526315789
3599 0.210526315789
3627 0.212550607287
3650 0.214574898785
3673 0.216599190283
3745 0.218623481781
3792 0.220647773279
3796 0.222672064777
3819 0.224696356275
3822 0.226720647773
3838 0.230769230769
3838 0.230769230769
3840 0.232793522267
3867 0.234817813765
3893 0.236842105263
3895 0.238866396761
3901 0.240890688259
3909 0.244939271255
3909 0.244939271255
3955 0.246963562753
3961 0.248987854251
3986 0.251012145749
3988 0.253036437247
4001 0.255060728745
4051 0.257085020243
4066 0.259109311741
4074 0.261133603239
4086 0.263157894737
4117 0.265182186235
4149 0.267206477733
4170 0.269230769231
4172 0.271255060729
4204 0.273279352227
4219 0.275303643725
4234 0.277327935223
4258 0.279352226721
4269 0.281376518219
4276 0.283400809717
4278 0.285425101215
4280 0.287449392713
4281 0.289473684211
4294 0.291497975709
4316 0.293522267206
4322 0.295546558704
4354 0.2995951417
4354 0.2995951417
4355 0.301619433198
4362 0.303643724696
4370 0.305668016194
4381 0.307692307692
4387 0.30971659919
4412 0.311740890688
4413 0.313765182186
4428 0.315789473684
4444 0.317813765182
4456 0.31983805668
4467 0.321862348178
4475 0.325910931174
4475 0.325910931174
4500 0.327935222672
4506 0.32995951417
4512 0.331983805668
4519 0.334008097166
4535 0.336032388664
4541 0.338056680162
4555 0.34008097166
4562 0.342105263158
4593 0.344129554656
4608 0.346153846154
4617 0.348178137652
4626 0.35020242915
4631 0.352226720648
4665 0.354251012146
4673 0.356275303644
4674 0.358299595142
4685 0.36032388664
4719 0.362348178138
4725 0.364372469636
4736 0.366396761134
4755 0.368421052632
4767 0.37044534413
4796 0.372469635628
4812 0.374493927126
4814 0.376518218623
4827 0.378542510121
4855 0.380566801619
4881 0.382591093117
4883 0.384615384615
4884 0.386639676113
4901 0.388663967611
4909 0.390688259109
4988 0.392712550607
4991 0.394736842105
5026 0.396761133603
5032 0.398785425101
5038 0.400809716599
5052 0.402834008097
5057 0.404858299595
5059 0.406882591093
5060 0.408906882591
5069 0.410931174089
5071 0.412955465587
5074 0.414979757085
5133 0.417004048583
5144 0.419028340081
5162 0.423076923077
5162 0.423076923077
5173 0.425101214575
5189 0.427125506073
5195 0.429149797571
5198 0.431174089069
5225 0.433198380567
5226 0.435222672065
5228 0.437246963563
5230 0.439271255061
5250 0.441295546559
5258 0.443319838057
5261 0.445344129555
5265 0.449392712551
5265 0.449392712551
5272 0.451417004049
5277 0.453441295547
5304 0.455465587045
5330 0.457489878543
5339 0.45951417004
5356 0.461538461538
5385 0.463562753036
5386 0.465587044534
5411 0.467611336032
5417 0.46963562753
5427 0.471659919028
5432 0.473684210526
5471 0.475708502024
5484 0.477732793522
5495 0.481781376518
5495 0.481781376518
5501 0.483805668016
5511 0.485829959514
5538 0.487854251012
5549 0.48987854251
5583 0.491902834008
5590 0.493927125506
5605 0.495951417004
5630 0.497975708502
5636 0.5
5649 0.502024291498
5668 0.504048582996
5712 0.506072874494
5737 0.51012145749
5737 0.51012145749
5752 0.512145748988
5781 0.514170040486
5806 0.516194331984
5820 0.518218623482
5831 0.52024291498
5858 0.522267206478
5878 0.524291497976
5880 0.526315789474
5890 0.528340080972
5919 0.53036437247
5930 0.532388663968
5931 0.534412955466
5937 0.536437246964
5948 0.538461538462
5986 0.54048582996
5997 0.542510121457
6003 0.544534412955
6005 0.546558704453
6007 0.548582995951
6031 0.550607287449
6042 0.552631578947
6047 0.554655870445
6049 0.556680161943
6063 0.558704453441
6064 0.560728744939
6067 0.562753036437
6074 0.564777327935
6103 0.566801619433
6166 0.568825910931
6183 0.570850202429
6196 0.572874493927
6209 0.574898785425
6253 0.576923076923
6284 0.578947368421
6297 0.580971659919
6306 0.582995951417
6309 0.585020242915
6353 0.587044534413
6361 0.589068825911
6367 0.591093117409
6373 0.593117408907
6381 0.595141700405
6391 0.597165991903
6411 0.599190283401
6436 0.601214574899
6441 0.603238866397
6459 0.605263157895
6483 0.607287449393
6490 0.609311740891
6550 0.611336032389
6552 0.613360323887
6608 0.615384615385
6659 0.617408906883
6670 0.619433198381
6677 0.621457489879
6683 0.623481781377
6687 0.625506072874
6705 0.627530364372
6728 0.62955465587
6807 0.631578947368
6810 0.633603238866
6849 0.635627530364
6868 0.637651821862
6877 0.63967611336
6931 0.641700404858
6936 0.643724696356
6939 0.645748987854
6944 0.647773279352
6946 0.64979757085
6985 0.651821862348
6993 0.653846153846
6999 0.655870445344
7020 0.657894736842
7044 0.65991902834
7065 0.661943319838
7079 0.663967611336
7095 0.665991902834
7116 0.668016194332
7122 0.67004048583
7143 0.672064777328
7158 0.674089068826
7160 0.676113360324
7168 0.678137651822
7174 0.68016194332
7189 0.684210526316
7189 0.684210526316
7222 0.686234817814
7239 0.688259109312
7297 0.694331983806
7297 0.694331983806
7297 0.694331983806
7349 0.696356275304
7350 0.698380566802
7363 0.7004048583
7364 0.702429149798
7378 0.704453441296
7458 0.706477732794
7482 0.708502024291
7513 0.710526315789
7527 0.712550607287
7547 0.714574898785
7556 0.716599190283
7575 0.718623481781
7635 0.722672064777
7635 0.722672064777
7663 0.726720647773
7663 0.726720647773
7666 0.728744939271
7687 0.730769230769
7698 0.732793522267
7753 0.734817813765
7756 0.736842105263
7763 0.738866396761
7766 0.740890688259
7778 0.742914979757
7779 0.744939271255
7785 0.746963562753
7820 0.748987854251
7905 0.751012145749
7906 0.753036437247
8011 0.755060728745
8062 0.757085020243
8074 0.759109311741
8155 0.761133603239
8159 0.763157894737
8179 0.765182186235
8221 0.767206477733
8226 0.769230769231
8250 0.771255060729
8288 0.773279352227
8314 0.775303643725
8323 0.777327935223
8367 0.779352226721
8370 0.781376518219
8395 0.783400809717
8417 0.785425101215
8429 0.787449392713
8482 0.789473684211
8514 0.791497975709
8548 0.793522267206
8604 0.795546558704
8650 0.797570850202
8759 0.7995951417
8792 0.801619433198
8914 0.803643724696
8922 0.805668016194
9000 0.807692307692
9009 0.80971659919
9035 0.811740890688
9082 0.813765182186
9191 0.815789473684
9213 0.817813765182
9299 0.81983805668
9300 0.821862348178
9337 0.823886639676
9397 0.825910931174
9425 0.82995951417
9425 0.82995951417
9444 0.831983805668
9447 0.834008097166
9496 0.836032388664
9531 0.838056680162
9579 0.84008097166
9682 0.842105263158
9812 0.844129554656
9845 0.846153846154
9876 0.848178137652
9895 0.85020242915
9916 0.852226720648
9921 0.854251012146
9971 0.856275303644
10102 0.858299595142
10110 0.86032388664
10388 0.862348178138
10433 0.864372469636
10463 0.866396761134
10548 0.868421052632
10558 0.87044534413
10639 0.872469635628
10697 0.874493927126
10707 0.876518218623
10766 0.878542510121
10777 0.880566801619
10813 0.882591093117
10957 0.884615384615
10983 0.886639676113
11055 0.888663967611
11168 0.890688259109
11180 0.892712550607
11369 0.894736842105
11512 0.896761133603
11520 0.898785425101
11546 0.900809716599
11548 0.902834008097
11565 0.904858299595
11581 0.906882591093
11636 0.908906882591
11831 0.910931174089
11888 0.912955465587
11897 0.914979757085
11934 0.917004048583
11962 0.919028340081
12112 0.921052631579
12155 0.923076923077
12301 0.925101214575
12542 0.927125506073
12624 0.929149797571
12714 0.931174089069
12751 0.933198380567
12846 0.935222672065
13127 0.937246963563
13195 0.939271255061
13213 0.941295546559
13317 0.943319838057
13512 0.945344129555
13610 0.947368421053
13751 0.949392712551
13807 0.951417004049
13816 0.953441295547
14050 0.955465587045
14057 0.957489878543
14075 0.95951417004
14306 0.961538461538
14403 0.963562753036
14554 0.965587044534
14690 0.967611336032
14824 0.96963562753
15137 0.971659919028
15722 0.973684210526
15922 0.975708502024
16215 0.977732793522
16501 0.97975708502
17091 0.981781376518
17897 0.983805668016
18034 0.985829959514
18128 0.987854251012
18443 0.98987854251
20009 0.991902834008
21728 0.993927125506
23412 0.995951417004
25104 0.997975708502
35823 1.0
