32 0.0020325203252
943 0.00406504065041
1252 0.00609756097561
1500 0.00813008130081
1769 0.010162601626
1795 0.0121951219512
2023 0.0142276422764
2344 0.0162601626016
2359 0.0182926829268
2580 0.020325203252
2707 0.0223577235772
2711 0.0243902439024
2750 0.0264227642276
2752 0.0284552845528
2831 0.030487804878
2853 0.0325203252033
2869 0.0345528455285
2915 0.0365853658537
2919 0.0386178861789
2936 0.0406504065041
2958 0.0426829268293
2980 0.0447154471545
3052 0.0467479674797
3188 0.0487804878049
3364 0.0508130081301
3488 0.0528455284553
3515 0.0548780487805
3645 0.0569105691057
3764 0.0589430894309
3830 0.0609756097561
3834 0.0630081300813
3860 0.0650406504065
4068 0.0670731707317
4091 0.0691056910569
4101 0.0711382113821
4146 0.0731707317073
4225 0.0752032520325
4341 0.0772357723577
4439 0.0792682926829
4479 0.0813008130081
4500 0.0833333333333
4551 0.0853658536585
4556 0.0873983739837
4561 0.0894308943089
4588 0.0914634146341
4699 0.0934959349593
4735 0.0955284552846
4755 0.0975609756098
4774 0.099593495935
4778 0.10162601626
4816 0.103658536585
4819 0.105691056911
4830 0.107723577236
4839 0.109756097561
4846 0.111788617886
4868 0.113821138211
4904 0.115853658537
4916 0.117886178862
4922 0.119918699187
4964 0.121951219512
4968 0.123983739837
4990 0.126016260163
5014 0.128048780488
5018 0.130081300813
5059 0.132113821138
5068 0.134146341463
5084 0.136178861789
5089 0.138211382114
5093 0.142276422764
5093 0.142276422764
5110 0.144308943089
5155 0.146341463415
5167 0.14837398374
5187 0.150406504065
5204 0.156504065041
5204 0.156504065041
5204 0.156504065041
5225 0.158536585366
5245 0.160569105691
5249 0.162601626016
5265 0.164634146341
5281 0.166666666667
5299 0.168699186992
5308 0.170731707317
5313 0.172764227642
5314 0.174796747967
5318 0.176829268293
5440 0.178861788618
5552 0.180894308943
5597 0.182926829268
5599 0.184959349593
5624 0.186991869919
5707 0.189024390244
5716 0.191056910569
5719 0.193089430894
5724 0.19512195122
5746 0.197154471545
5764 0.19918699187
5771 0.201219512195
5824 0.20325203252
5833 0.205284552846
5870 0.207317073171
5907 0.211382113821
5907 0.211382113821
5910 0.213414634146
5924 0.215447154472
5948 0.217479674797
5954 0.219512195122
5968 0.221544715447
6009 0.223577235772
6017 0.225609756098
6033 0.227642276423
6043 0.229674796748
6071 0.231707317073
6127 0.233739837398
6174 0.235772357724
6183 0.237804878049
6187 0.239837398374
6213 0.241869918699
6252 0.243902439024
6264 0.24593495935
6268 0.247967479675
6281 0.25
6290 0.252032520325
6309 0.25406504065
6336 0.256097560976
6342 0.258130081301
6343 0.260162601626
6353 0.262195121951
6378 0.264227642276
6380 0.266260162602
6417 0.268292682927
6430 0.270325203252
6484 0.272357723577
6497 0.274390243902
6499 0.276422764228
6504 0.278455284553
6540 0.280487804878
6569 0.282520325203
6626 0.284552845528
6627 0.286585365854
6635 0.288617886179
6656 0.290650406504
6676 0.292682926829
6684 0.294715447154
6707 0.29674796748
6756 0.298780487805
6763 0.30081300813
6781 0.302845528455
6802 0.30487804878
6812 0.306910569106
6852 0.308943089431
6866 0.310975609756
6891 0.313008130081
6895 0.315040650407
6927 0.317073170732
6934 0.319105691057
6960 0.321138211382
6961 0.323170731707
7003 0.325203252033
7010 0.327235772358
7081 0.329268292683
7085 0.331300813008
7097 0.333333333333
7121 0.335365853659
7125 0.337398373984
7141 0.339430894309
7238 0.341463414634
7253 0.343495934959
7274 0.345528455285
7301 0.34756097561
7309 0.35162601626
7309 0.35162601626
7363 0.355691056911
7363 0.355691056911
7366 0.357723577236
7373 0.359756097561
7407 0.361788617886
7417 0.363821138211
7456 0.365853658537
7457 0.367886178862
7464 0.369918699187
7467 0.371951219512
7488 0.373983739837
7509 0.376016260163
7521 0.378048780488
7558 0.380081300813
7589 0.384146341463
7589 0.384146341463
7612 0.386178861789
7627 0.388211382114
7647 0.390243902439
7665 0.392276422764
7680 0.394308943089
7685 0.396341463415
7703 0.39837398374
7719 0.400406504065
7769 0.40243902439
7776 0.404471544715
7824 0.406504065041
7874 0.408536585366
7901 0.410569105691
7918 0.412601626016
7934 0.414634146341
7947 0.416666666667
8053 0.418699186992
8059 0.420731707317
8061 0.422764227642
8072 0.424796747967
8087 0.428861788618
8087 0.428861788618
8090 0.430894308943
8130 0.432926829268
8154 0.434959349593
8207 0.436991869919
8226 0.439024390244
8242 0.441056910569
8260 0.443089430894
8294 0.447154471545
8294 0.447154471545
8318 0.44918699187
8319 0.451219512195
8329 0.45325203252
8335 0.455284552846
8380 0.457317073171
8394 0.459349593496
8396 0.461382113821
8440 0.463414634146
8449 0.465447154472
8465 0.467479674797
8471 0.469512195122
8510 0.471544715447
8529 0.473577235772
8665 0.475609756098
8683 0.477642276423
8703 0.479674796748
8710 0.481707317073
8711 0.483739837398
8748 0.485772357724
8767 0.487804878049
8770 0.489837398374
8778 0.491869918699
8781 0.493902439024
8788 0.49593495935
8800 0.497967479675
8812 0.5
8825 0.502032520325
8830 0.50406504065
8832 0.506097560976
8835 0.508130081301
8843 0.510162601626
8845 0.512195121951
8849 0.514227642276
8929 0.516260162602
8957 0.518292682927
9000 0.520325203252
9024 0.522357723577
9076 0.524390243902
9077 0.526422764228
9081 0.528455284553
9085 0.530487804878
9114 0.532520325203
9136 0.534552845528
9156 0.536585365854
9159 0.538617886179
9177 0.540650406504
9180 0.542682926829
9243 0.544715447154
9256 0.54674796748
9257 0.548780487805
9307 0.55081300813
9366 0.552845528455
9370 0.55487804878
9377 0.556910569106
9411 0.560975609756
9411 0.560975609756
9417 0.563008130081
9442 0.565040650407
9461 0.567073170732
9484 0.569105691057
9494 0.571138211382
9529 0.573170731707
9575 0.575203252033
9576 0.577235772358
9577 0.579268292683
9606 0.581300813008
9642 0.583333333333
9661 0.585365853659
9680 0.587398373984
9681 0.589430894309
9690 0.591463414634
9692 0.593495934959
9735 0.595528455285
9746 0.59756097561
9753 0.599593495935
9756 0.60162601626
9842 0.603658536585
9847 0.605691056911
9855 0.607723577236
9870 0.609756097561
9882 0.611788617886
9962 0.613821138211
9977 0.615853658537
10009 0.617886178862
10020 0.619918699187
10099 0.621951219512
10124 0.623983739837
10147 0.626016260163
10227 0.628048780488
10264 0.630081300813
10277 0.632113821138
10279 0.634146341463
10280 0.636178861789
10310 0.638211382114
10366 0.640243902439
10397 0.642276422764
10545 0.644308943089
10575 0.646341463415
10592 0.64837398374
10631 0.650406504065
10708 0.654471544715
10708 0.654471544715
10718 0.656504065041
10749 0.658536585366
10750 0.660569105691
10761 0.662601626016
10770 0.664634146341
10771 0.666666666667
10852 0.668699186992
10861 0.670731707317
10864 0.672764227642
10950 0.674796747967
10988 0.676829268293
10996 0.678861788618
11020 0.680894308943
11023 0.682926829268
11029 0.684959349593
11031 0.686991869919
11046 0.689024390244
11117 0.691056910569
11139 0.69512195122
11139 0.69512195122
11181 0.697154471545
11187 0.69918699187
11235 0.701219512195
11265 0.70325203252
11340 0.705284552846
11344 0.707317073171
11406 0.709349593496
11468 0.711382113821
11515 0.713414634146
11545 0.715447154472
11552 0.717479674797
11604 0.719512195122
11664 0.721544715447
11665 0.723577235772
11699 0.725609756098
11763 0.727642276423
11780 0.729674796748
11784 0.731707317073
11888 0.733739837398
11978 0.735772357724
12011 0.737804878049
12024 0.739837398374
12048 0.741869918699
12051 0.743902439024
12077 0.74593495935
12090 0.747967479675
12096 0.75
12104 0.752032520325
12157 0.75406504065
12177 0.756097560976
12207 0.758130081301
12290 0.760162601626
12348 0.762195121951
12384 0.764227642276
12437 0.766260162602
12580 0.768292682927
12630 0.770325203252
12638 0.772357723577
12676 0.774390243902
12739 0.776422764228
12774 0.778455284553
12875 0.780487804878
12886 0.782520325203
12893 0.784552845528
12981 0.786585365854
13005 0.788617886179
13114 0.790650406504
13122 0.792682926829
13152 0.794715447154
13175 0.79674796748
13177 0.798780487805
13347 0.80081300813
13492 0.802845528455
13594 0.80487804878
13599 0.806910569106
13608 0.808943089431
13615 0.810975609756
13678 0.813008130081
13753 0.815040650407
13845 0.817073170732
13898 0.819105691057
13968 0.821138211382
14076 0.823170731707
14102 0.825203252033
14118 0.827235772358
14125 0.829268292683
14144 0.831300813008
14151 0.833333333333
14224 0.835365853659
14264 0.837398373984
14319 0.839430894309
14357 0.841463414634
14372 0.843495934959
14428 0.845528455285
14432 0.84756097561
14436 0.849593495935
14477 0.85162601626
14630 0.853658536585
14693 0.855691056911
14720 0.857723577236
14835 0.859756097561
14957 0.861788617886
15041 0.863821138211
15070 0.865853658537
15117 0.867886178862
15142 0.869918699187
15218 0.871951219512
15343 0.873983739837
15349 0.876016260163
15451 0.878048780488
15620 0.880081300813
15638 0.882113821138
15654 0.884146341463
15712 0.886178861789
15742 0.888211382114
15862 0.890243902439
15882 0.892276422764
15929 0.894308943089
15992 0.896341463415
16098 0.89837398374
16135 0.900406504065
16238 0.90243902439
16660 0.904471544715
16731 0.906504065041
16744 0.908536585366
16753 0.910569105691
16839 0.912601626016
16919 0.914634146341
16957 0.916666666667
17027 0.918699186992
17175 0.920731707317
17645 0.922764227642
17692 0.924796747967
17849 0.926829268293
17975 0.928861788618
18083 0.930894308943
18249 0.932926829268
18499 0.934959349593
18625 0.936991869919
18691 0.939024390244
18832 0.941056910569
18975 0.943089430894
19980 0.94512195122
20174 0.947154471545
20789 0.94918699187
20975 0.951219512195
21117 0.95325203252
21398 0.955284552846
21559 0.957317073171
22021 0.959349593496
22111 0.961382113821
22264 0.963414634146
22327 0.965447154472
23053 0.967479674797
23437 0.969512195122
23761 0.971544715447
24246 0.973577235772
24538 0.975609756098
25216 0.977642276423
25581 0.979674796748
28063 0.981707317073
28660 0.983739837398
34567 0.985772357724
36348 0.987804878049
37663 0.989837398374
38159 0.991869918699
49485 0.993902439024
95487 0.99593495935
354054 0.997967479675
3040874 1.0
