31 0.00204081632653
1027 0.00408163265306
1431 0.00612244897959
1661 0.00816326530612
1967 0.0102040816327
2007 0.0122448979592
2246 0.0142857142857
2599 0.0163265306122
3039 0.0183673469388
3336 0.0204081632653
3427 0.0224489795918
3431 0.0244897959184
3498 0.0265306122449
3559 0.0285714285714
3637 0.030612244898
3739 0.0326530612245
3785 0.034693877551
4013 0.0367346938776
4428 0.0387755102041
4507 0.0408163265306
4608 0.0428571428571
4709 0.0448979591837
4753 0.0469387755102
4844 0.0489795918367
4981 0.0510204081633
5017 0.0530612244898
5029 0.0551020408163
5060 0.0571428571429
5157 0.0591836734694
5389 0.0612244897959
5899 0.0632653061224
5928 0.065306122449
5938 0.0673469387755
5976 0.069387755102
5993 0.0714285714286
6080 0.0734693877551
6389 0.0755102040816
6414 0.0775510204082
6420 0.0795918367347
6488 0.0816326530612
6536 0.0836734693878
6586 0.0857142857143
6615 0.0877551020408
6627 0.0897959183673
6672 0.0938775510204
6672 0.0938775510204
6937 0.0959183673469
6979 0.0979591836735
7248 0.1
7274 0.102040816327
7322 0.104081632653
7343 0.10612244898
7460 0.108163265306
7483 0.110204081633
7567 0.112244897959
7699 0.114285714286
7728 0.116326530612
7889 0.118367346939
7902 0.120408163265
7918 0.122448979592
7926 0.124489795918
8101 0.126530612245
8268 0.128571428571
8282 0.130612244898
8284 0.132653061224
8310 0.134693877551
8343 0.136734693878
8412 0.138775510204
8429 0.140816326531
8446 0.144897959184
8446 0.144897959184
8480 0.14693877551
8493 0.148979591837
8534 0.151020408163
8546 0.15306122449
8657 0.155102040816
8669 0.157142857143
8673 0.159183673469
8709 0.161224489796
8770 0.163265306122
8784 0.165306122449
8810 0.167346938776
8890 0.169387755102
8919 0.171428571429
8921 0.173469387755
9017 0.175510204082
9074 0.177551020408
9131 0.179591836735
9150 0.181632653061
9190 0.183673469388
9217 0.185714285714
9243 0.187755102041
9278 0.189795918367
9294 0.191836734694
9306 0.19387755102
9322 0.195918367347
9364 0.197959183673
9413 0.2
9427 0.202040816327
9533 0.204081632653
9657 0.20612244898
9683 0.208163265306
9720 0.210204081633
9764 0.212244897959
9782 0.214285714286
9790 0.216326530612
9829 0.218367346939
9892 0.220408163265
9934 0.224489795918
9934 0.224489795918
9985 0.226530612245
10072 0.228571428571
10115 0.230612244898
10133 0.232653061224
10164 0.234693877551
10173 0.236734693878
10203 0.238775510204
10237 0.240816326531
10282 0.242857142857
10325 0.244897959184
10331 0.24693877551
10404 0.248979591837
10478 0.251020408163
10536 0.25306122449
10565 0.255102040816
10679 0.257142857143
10739 0.259183673469
10907 0.261224489796
10950 0.263265306122
11020 0.265306122449
11047 0.267346938776
11163 0.269387755102
11258 0.271428571429
11289 0.273469387755
11292 0.275510204082
11307 0.277551020408
11321 0.279591836735
11375 0.281632653061
11430 0.283673469388
11506 0.285714285714
11515 0.287755102041
11524 0.289795918367
11534 0.291836734694
11565 0.29387755102
11608 0.295918367347
11619 0.297959183673
11730 0.3
11830 0.302040816327
11836 0.304081632653
11885 0.30612244898
11927 0.308163265306
11954 0.310204081633
11955 0.312244897959
11999 0.314285714286
12017 0.316326530612
12106 0.318367346939
12180 0.320408163265
12448 0.322448979592
12456 0.324489795918
12503 0.326530612245
12510 0.328571428571
12511 0.330612244898
12561 0.332653061224
12572 0.334693877551
12595 0.336734693878
12596 0.338775510204
12612 0.340816326531
12636 0.342857142857
12672 0.344897959184
12697 0.34693877551
12707 0.351020408163
12707 0.351020408163
12710 0.35306122449
12772 0.355102040816
12842 0.357142857143
12852 0.361224489796
12852 0.361224489796
13166 0.363265306122
13196 0.365306122449
13203 0.367346938776
13268 0.369387755102
13279 0.371428571429
13386 0.373469387755
13402 0.375510204082
13427 0.377551020408
13509 0.379591836735
13619 0.381632653061
13681 0.383673469388
13702 0.385714285714
13811 0.387755102041
13820 0.389795918367
13873 0.391836734694
13893 0.39387755102
13990 0.395918367347
13991 0.397959183673
13994 0.4
14040 0.402040816327
14094 0.404081632653
14119 0.40612244898
14120 0.408163265306
14156 0.410204081633
14226 0.412244897959
14257 0.414285714286
14266 0.416326530612
14272 0.418367346939
14306 0.420408163265
14431 0.422448979592
14473 0.424489795918
14509 0.426530612245
14553 0.428571428571
14568 0.430612244898
14662 0.432653061224
14691 0.434693877551
14777 0.436734693878
14808 0.438775510204
14843 0.440816326531
14855 0.442857142857
14874 0.444897959184
14992 0.44693877551
15043 0.448979591837
15069 0.451020408163
15106 0.45306122449
15133 0.455102040816
15139 0.457142857143
15175 0.459183673469
15180 0.461224489796
15214 0.463265306122
15267 0.465306122449
15285 0.467346938776
15592 0.469387755102
15682 0.471428571429
15738 0.473469387755
15753 0.475510204082
15777 0.477551020408
15823 0.479591836735
15887 0.481632653061
15969 0.483673469388
16000 0.485714285714
16058 0.487755102041
16110 0.489795918367
16176 0.491836734694
16182 0.49387755102
16229 0.495918367347
16237 0.497959183673
16248 0.5
16282 0.502040816327
16291 0.504081632653
16365 0.50612244898
16379 0.508163265306
16510 0.510204081633
16526 0.512244897959
16555 0.514285714286
16612 0.516326530612
16652 0.518367346939
16686 0.520408163265
16690 0.522448979592
16724 0.524489795918
16747 0.526530612245
16750 0.528571428571
16818 0.530612244898
16891 0.532653061224
16923 0.534693877551
17023 0.536734693878
17290 0.538775510204
17313 0.540816326531
17314 0.542857142857
17315 0.544897959184
17382 0.54693877551
17466 0.548979591837
17474 0.551020408163
17686 0.55306122449
17733 0.555102040816
17740 0.557142857143
17834 0.559183673469
17879 0.561224489796
18249 0.563265306122
18279 0.565306122449
18285 0.567346938776
18335 0.569387755102
18573 0.571428571429
18628 0.573469387755
18774 0.575510204082
18864 0.577551020408
18896 0.579591836735
18898 0.581632653061
18901 0.583673469388
18937 0.585714285714
18950 0.587755102041
18989 0.589795918367
19042 0.591836734694
19075 0.59387755102
19115 0.595918367347
19123 0.597959183673
19152 0.6
19189 0.602040816327
19308 0.604081632653
19465 0.60612244898
19514 0.608163265306
19580 0.610204081633
19632 0.612244897959
19801 0.614285714286
20017 0.616326530612
20377 0.618367346939
20661 0.620408163265
20753 0.622448979592
20799 0.624489795918
20993 0.626530612245
21004 0.628571428571
21304 0.630612244898
21367 0.632653061224
21447 0.634693877551
21575 0.636734693878
21613 0.638775510204
21635 0.640816326531
21870 0.642857142857
22016 0.644897959184
22336 0.64693877551
22366 0.648979591837
22562 0.651020408163
22746 0.65306122449
22817 0.655102040816
23086 0.657142857143
23174 0.659183673469
23183 0.661224489796
23228 0.663265306122
23474 0.665306122449
23565 0.667346938776
23592 0.669387755102
23606 0.671428571429
23690 0.673469387755
23755 0.675510204082
23763 0.677551020408
23896 0.679591836735
23988 0.681632653061
24006 0.683673469388
24052 0.685714285714
24064 0.687755102041
24101 0.689795918367
24139 0.691836734694
24226 0.69387755102
24399 0.695918367347
24409 0.697959183673
24421 0.702040816327
24421 0.702040816327
24813 0.704081632653
24897 0.70612244898
25022 0.708163265306
25144 0.710204081633
25169 0.712244897959
25414 0.714285714286
25449 0.716326530612
25451 0.718367346939
25689 0.720408163265
25758 0.722448979592
25997 0.724489795918
26182 0.726530612245
26329 0.728571428571
26374 0.730612244898
26418 0.732653061224
26673 0.734693877551
26948 0.736734693878
26986 0.738775510204
27113 0.740816326531
27146 0.742857142857
27390 0.744897959184
27451 0.74693877551
27536 0.748979591837
27639 0.751020408163
27739 0.75306122449
28186 0.755102040816
28241 0.757142857143
28298 0.759183673469
28571 0.761224489796
28759 0.763265306122
29130 0.765306122449
29388 0.767346938776
29789 0.769387755102
29855 0.771428571429
30126 0.773469387755
30459 0.775510204082
30811 0.777551020408
31127 0.779591836735
31488 0.781632653061
31553 0.783673469388
31624 0.785714285714
32008 0.787755102041
32013 0.789795918367
32301 0.791836734694
32461 0.79387755102
32533 0.795918367347
32705 0.797959183673
32860 0.8
32953 0.802040816327
33075 0.804081632653
33272 0.80612244898
33600 0.808163265306
33682 0.810204081633
33877 0.812244897959
34133 0.814285714286
34223 0.816326530612
34409 0.818367346939
34963 0.820408163265
34987 0.822448979592
35056 0.824489795918
35326 0.826530612245
35654 0.828571428571
35896 0.830612244898
36542 0.832653061224
36918 0.834693877551
36968 0.836734693878
37518 0.838775510204
37633 0.840816326531
37723 0.842857142857
38401 0.844897959184
39053 0.84693877551
39214 0.848979591837
39773 0.851020408163
40344 0.85306122449
41356 0.855102040816
41758 0.857142857143
42389 0.859183673469
42879 0.861224489796
43425 0.863265306122
43505 0.865306122449
43820 0.867346938776
44205 0.869387755102
44846 0.871428571429
44885 0.873469387755
44921 0.875510204082
44942 0.877551020408
45102 0.879591836735
45453 0.881632653061
46128 0.883673469388
47094 0.885714285714
48241 0.887755102041
48682 0.889795918367
48872 0.891836734694
48956 0.89387755102
49038 0.895918367347
49334 0.897959183673
49547 0.9
49846 0.902040816327
50523 0.904081632653
51562 0.90612244898
52207 0.908163265306
52500 0.910204081633
52869 0.912244897959
53291 0.914285714286
53387 0.916326530612
54264 0.918367346939
55464 0.920408163265
55680 0.922448979592
56191 0.924489795918
56496 0.926530612245
56978 0.928571428571
57637 0.930612244898
57709 0.932653061224
58877 0.934693877551
59730 0.936734693878
59776 0.938775510204
60194 0.940816326531
60634 0.942857142857
60667 0.944897959184
69029 0.94693877551
69102 0.948979591837
69387 0.951020408163
69649 0.95306122449
70730 0.955102040816
75670 0.957142857143
76872 0.959183673469
77057 0.961224489796
77115 0.963265306122
77766 0.965306122449
83856 0.967346938776
84841 0.969387755102
85226 0.971428571429
85566 0.973469387755
85630 0.975510204082
86627 0.977551020408
86835 0.979591836735
86846 0.981632653061
87309 0.983673469388
88645 0.985714285714
89311 0.987755102041
92517 0.989795918367
103191 0.991836734694
110562 0.99387755102
110682 0.995918367347
133134 0.997959183673
142800 1.0
