32 0.00202839756592
1005 0.00405679513185
1322 0.00608519269777
1616 0.00811359026369
1898 0.0101419878296
1935 0.0121703853955
2208 0.0141987829615
2563 0.0162271805274
2866 0.0182555780933
2907 0.0202839756592
2945 0.0223123732252
2958 0.0243407707911
2987 0.026369168357
3003 0.0283975659229
3016 0.0304259634888
3174 0.0324543610548
3185 0.0344827586207
3197 0.0365111561866
3204 0.0385395537525
3205 0.0405679513185
3215 0.0425963488844
3299 0.0446247464503
3410 0.0466531440162
3463 0.0486815415822
3825 0.0507099391481
3837 0.052738336714
4001 0.0547667342799
4031 0.0567951318458
4136 0.0588235294118
4196 0.0608519269777
4202 0.0628803245436
4222 0.0649087221095
4445 0.0669371196755
4458 0.0689655172414
4477 0.0709939148073
4534 0.0730223123732
4541 0.0750507099391
4685 0.0770791075051
4811 0.079107505071
4931 0.0811359026369
4937 0.0831643002028
4938 0.0851926977688
4997 0.0872210953347
5024 0.0892494929006
5026 0.0912778904665
5030 0.0933062880325
5054 0.0953346855984
5091 0.0973630831643
5184 0.0993914807302
5208 0.101419878296
5217 0.103448275862
5226 0.105476673428
5248 0.107505070994
5310 0.10953346856
5353 0.111561866126
5361 0.113590263692
5369 0.115618661258
5400 0.117647058824
5403 0.119675456389
5450 0.121703853955
5451 0.123732251521
5463 0.125760649087
5484 0.127789046653
5496 0.129817444219
5521 0.131845841785
5524 0.133874239351
5525 0.135902636917
5538 0.137931034483
5545 0.139959432049
5553 0.141987829615
5568 0.144016227181
5599 0.146044624746
5615 0.148073022312
5636 0.150101419878
5638 0.152129817444
5640 0.15415821501
5641 0.156186612576
5651 0.158215010142
5674 0.162271805274
5674 0.162271805274
5725 0.16430020284
5751 0.166328600406
5759 0.168356997972
5812 0.170385395538
5839 0.172413793103
5849 0.174442190669
5948 0.176470588235
5989 0.178498985801
6009 0.180527383367
6023 0.182555780933
6048 0.184584178499
6099 0.186612576065
6119 0.188640973631
6159 0.190669371197
6163 0.192697768763
6204 0.194726166329
6217 0.196754563895
6250 0.19878296146
6299 0.200811359026
6328 0.202839756592
6378 0.204868154158
6384 0.206896551724
6392 0.20892494929
6422 0.210953346856
6427 0.212981744422
6459 0.215010141988
6462 0.217038539554
6468 0.21906693712
6486 0.221095334686
6539 0.223123732252
6545 0.225152129817
6566 0.227180527383
6578 0.229208924949
6579 0.231237322515
6610 0.233265720081
6622 0.235294117647
6709 0.237322515213
6728 0.239350912779
6738 0.241379310345
6746 0.243407707911
6754 0.245436105477
6781 0.247464503043
6800 0.249492900609
6827 0.251521298174
6828 0.25354969574
6833 0.255578093306
6849 0.257606490872
6876 0.259634888438
6884 0.261663286004
6893 0.26369168357
6898 0.265720081136
6968 0.267748478702
6998 0.269776876268
7066 0.271805273834
7090 0.2738336714
7110 0.275862068966
7128 0.277890466531
7154 0.279918864097
7166 0.281947261663
7182 0.283975659229
7196 0.288032454361
7196 0.288032454361
7202 0.290060851927
7203 0.292089249493
7218 0.294117647059
7269 0.296146044625
7297 0.298174442191
7328 0.300202839757
7339 0.302231237323
7386 0.304259634888
7394 0.306288032454
7395 0.30831643002
7396 0.310344827586
7425 0.312373225152
7469 0.314401622718
7473 0.316430020284
7503 0.31845841785
7534 0.320486815416
7547 0.322515212982
7595 0.324543610548
7686 0.326572008114
7687 0.32860040568
7704 0.330628803245
7732 0.332657200811
7771 0.334685598377
7808 0.336713995943
7826 0.338742393509
7845 0.340770791075
7905 0.342799188641
7909 0.344827586207
7923 0.346855983773
7971 0.348884381339
7972 0.350912778905
7976 0.352941176471
7978 0.354969574037
7982 0.356997971602
8016 0.359026369168
8020 0.361054766734
8053 0.3630831643
8066 0.367139959432
8066 0.367139959432
8079 0.369168356998
8100 0.371196754564
8125 0.37322515213
8149 0.375253549696
8173 0.377281947262
8180 0.379310344828
8223 0.381338742394
8243 0.383367139959
8318 0.385395537525
8322 0.387423935091
8331 0.391480730223
8331 0.391480730223
8344 0.393509127789
8361 0.395537525355
8397 0.397565922921
8464 0.399594320487
8489 0.401622718053
8521 0.403651115619
8523 0.405679513185
8561 0.407707910751
8594 0.409736308316
8651 0.411764705882
8676 0.413793103448
8707 0.415821501014
8723 0.41784989858
8728 0.419878296146
8736 0.421906693712
8753 0.423935091278
8759 0.425963488844
8795 0.42799188641
8799 0.430020283976
8856 0.432048681542
8869 0.434077079108
8905 0.436105476673
8938 0.438133874239
8947 0.440162271805
8956 0.442190669371
8960 0.444219066937
8993 0.446247464503
9004 0.448275862069
9016 0.450304259635
9042 0.452332657201
9074 0.454361054767
9078 0.456389452333
9104 0.458417849899
9128 0.460446247465
9174 0.46247464503
9187 0.464503042596
9222 0.466531440162
9245 0.468559837728
9262 0.470588235294
9267 0.47261663286
9278 0.474645030426
9279 0.476673427992
9306 0.478701825558
9377 0.480730223124
9444 0.48275862069
9464 0.484787018256
9483 0.486815415822
9490 0.488843813387
9497 0.490872210953
9539 0.492900608519
9585 0.494929006085
9606 0.498985801217
9606 0.498985801217
9652 0.501014198783
9660 0.503042596349
9672 0.505070993915
9682 0.507099391481
9687 0.509127789047
9695 0.511156186613
9700 0.513184584178
9728 0.515212981744
9735 0.51724137931
9811 0.519269776876
9816 0.521298174442
9828 0.523326572008
9836 0.525354969574
9852 0.52738336714
9898 0.529411764706
9932 0.531440162272
9934 0.533468559838
9939 0.535496957404
9954 0.53752535497
9971 0.539553752535
9996 0.541582150101
10001 0.543610547667
10005 0.545638945233
10014 0.547667342799
10038 0.549695740365
10063 0.551724137931
10096 0.553752535497
10119 0.555780933063
10159 0.557809330629
10169 0.559837728195
10171 0.561866125761
10204 0.563894523327
10212 0.565922920892
10230 0.567951318458
10249 0.569979716024
10313 0.57200811359
10349 0.574036511156
10375 0.576064908722
10406 0.578093306288
10417 0.580121703854
10429 0.58215010142
10460 0.584178498986
10462 0.586206896552
10465 0.588235294118
10481 0.590263691684
10513 0.592292089249
10555 0.594320486815
10577 0.596348884381
10658 0.600405679513
10658 0.600405679513
10721 0.602434077079
10729 0.604462474645
10766 0.606490872211
10770 0.608519269777
10787 0.610547667343
10804 0.612576064909
10854 0.614604462475
10857 0.616632860041
10860 0.618661257606
10886 0.620689655172
10937 0.622718052738
10950 0.624746450304
11023 0.628803245436
11023 0.628803245436
11117 0.630831643002
11161 0.632860040568
11208 0.634888438134
11256 0.6369168357
11333 0.638945233266
11342 0.640973630832
11383 0.643002028398
11429 0.645030425963
11441 0.647058823529
11456 0.649087221095
11504 0.651115618661
11616 0.653144016227
11617 0.655172413793
11623 0.657200811359
11662 0.659229208925
11705 0.661257606491
11806 0.663286004057
11832 0.665314401623
11898 0.667342799189
11960 0.669371196755
11968 0.67139959432
11969 0.673427991886
11987 0.675456389452
12012 0.677484787018
12031 0.679513184584
12051 0.68154158215
12056 0.683569979716
12106 0.685598377282
12190 0.687626774848
12194 0.689655172414
12214 0.69168356998
12260 0.693711967546
12282 0.695740365112
12310 0.697768762677
12335 0.699797160243
12361 0.701825557809
12397 0.703853955375
12419 0.705882352941
12516 0.707910750507
12540 0.709939148073
12572 0.711967545639
12586 0.713995943205
12596 0.716024340771
12600 0.718052738337
12602 0.720081135903
12619 0.722109533469
12622 0.724137931034
12646 0.7261663286
12665 0.728194726166
12693 0.730223123732
12720 0.732251521298
12759 0.734279918864
12816 0.73630831643
12904 0.738336713996
12978 0.740365111562
13012 0.742393509128
13023 0.744421906694
13033 0.74645030426
13039 0.748478701826
13123 0.750507099391
13181 0.752535496957
13197 0.754563894523
13204 0.756592292089
13271 0.758620689655
13350 0.760649087221
13365 0.762677484787
13391 0.764705882353
13455 0.766734279919
13467 0.768762677485
13506 0.770791075051
13611 0.772819472617
13696 0.774847870183
13705 0.776876267748
13709 0.778904665314
13768 0.78093306288
13825 0.782961460446
13862 0.784989858012
13925 0.787018255578
13935 0.789046653144
13954 0.79107505071
13955 0.793103448276
13959 0.795131845842
13998 0.797160243408
13999 0.799188640974
14010 0.80121703854
14285 0.803245436105
14291 0.805273833671
14354 0.807302231237
14360 0.809330628803
14362 0.811359026369
14379 0.813387423935
14388 0.815415821501
14399 0.817444219067
14411 0.819472616633
14464 0.821501014199
14704 0.823529411765
14715 0.825557809331
14797 0.827586206897
14805 0.829614604462
14836 0.831643002028
14847 0.833671399594
14942 0.83569979716
14947 0.837728194726
14950 0.839756592292
14968 0.841784989858
14974 0.843813387424
15086 0.84584178499
15221 0.847870182556
15341 0.849898580122
15398 0.851926977688
15497 0.853955375254
15585 0.855983772819
15658 0.858012170385
15835 0.860040567951
16002 0.862068965517
16027 0.864097363083
16037 0.866125760649
16082 0.868154158215
16116 0.870182555781
16155 0.872210953347
16157 0.874239350913
16188 0.876267748479
16224 0.880324543611
16224 0.880324543611
16527 0.882352941176
16683 0.884381338742
16847 0.886409736308
17265 0.888438133874
17304 0.89046653144
17344 0.892494929006
17348 0.894523326572
17442 0.896551724138
17460 0.898580121704
17538 0.90060851927
17569 0.902636916836
17577 0.904665314402
17589 0.906693711968
17922 0.908722109533
17928 0.910750507099
18335 0.912778904665
18420 0.914807302231
18527 0.916835699797
18560 0.918864097363
18796 0.920892494929
18909 0.922920892495
19185 0.924949290061
19274 0.926977687627
19391 0.929006085193
19430 0.931034482759
19602 0.933062880325
19758 0.93509127789
19852 0.937119675456
19934 0.939148073022
20036 0.941176470588
20289 0.943204868154
20290 0.94523326572
20329 0.947261663286
20405 0.949290060852
20744 0.951318458418
21176 0.953346855984
21505 0.95537525355
22050 0.957403651116
22137 0.959432048682
22499 0.961460446247
22541 0.963488843813
23219 0.965517241379
23325 0.967545638945
23535 0.969574036511
23563 0.971602434077
24143 0.973630831643
24154 0.975659229209
24220 0.977687626775
24289 0.979716024341
24603 0.981744421907
24882 0.983772819473
25112 0.985801217039
25513 0.987829614604
26149 0.98985801217
27377 0.991886409736
30507 0.993914807302
39476 0.995943204868
49321 0.997971602434
4350795 1.0
