31 0.00202429149798
551 0.00404858299595
723 0.00607287449393
873 0.0080971659919
995 0.0101214574899
1034 0.0121457489879
1149 0.0141700404858
1354 0.0161943319838
1490 0.0182186234818
1518 0.0202429149798
1561 0.0222672064777
1563 0.0242914979757
1593 0.0263157894737
1602 0.0283400809717
1657 0.0303643724696
1662 0.0323886639676
1665 0.0344129554656
1669 0.0364372469636
1676 0.0384615384615
1681 0.0404858299595
1689 0.0425101214575
1764 0.0445344129555
1790 0.0465587044534
1901 0.0485829959514
1962 0.0506072874494
1970 0.0526315789474
1996 0.0546558704453
2033 0.0566801619433
2096 0.0587044534413
2152 0.0607287449393
2201 0.0627530364372
2217 0.0647773279352
2275 0.0668016194332
2332 0.0688259109312
2333 0.0708502024291
2351 0.0728744939271
2377 0.0748987854251
2399 0.0769230769231
2408 0.0789473684211
2486 0.080971659919
2500 0.082995951417
2558 0.085020242915
2572 0.087044534413
2580 0.0890688259109
2591 0.0910931174089
2635 0.0931174089069
2682 0.0951417004049
2690 0.0971659919028
2692 0.0991902834008
2724 0.101214574899
2734 0.103238866397
2735 0.105263157895
2759 0.107287449393
2780 0.109311740891
2804 0.113360323887
2804 0.113360323887
2820 0.115384615385
2828 0.117408906883
2845 0.119433198381
2848 0.121457489879
2861 0.123481781377
2863 0.125506072874
2864 0.12955465587
2864 0.12955465587
2866 0.131578947368
2871 0.133603238866
2879 0.135627530364
2883 0.137651821862
2902 0.13967611336
2916 0.141700404858
2920 0.143724696356
2929 0.145748987854
2964 0.147773279352
2966 0.14979757085
2977 0.151821862348
2988 0.153846153846
2991 0.155870445344
2993 0.157894736842
3014 0.15991902834
3044 0.161943319838
3051 0.163967611336
3066 0.165991902834
3085 0.168016194332
3092 0.17004048583
3093 0.172064777328
3103 0.174089068826
3106 0.176113360324
3126 0.178137651822
3145 0.18016194332
3148 0.182186234818
3151 0.184210526316
3158 0.186234817814
3175 0.188259109312
3186 0.19028340081
3193 0.192307692308
3207 0.194331983806
3218 0.198380566802
3218 0.198380566802
3221 0.2004048583
3228 0.202429149798
3249 0.204453441296
3258 0.206477732794
3285 0.208502024291
3319 0.210526315789
3347 0.212550607287
3364 0.214574898785
3369 0.216599190283
3373 0.218623481781
3375 0.220647773279
3391 0.222672064777
3403 0.224696356275
3404 0.226720647773
3416 0.228744939271
3422 0.230769230769
3425 0.232793522267
3434 0.234817813765
3443 0.236842105263
3468 0.238866396761
3489 0.240890688259
3497 0.242914979757
3506 0.244939271255
3507 0.246963562753
3511 0.248987854251
3529 0.251012145749
3549 0.253036437247
3576 0.255060728745
3584 0.257085020243
3641 0.259109311741
3653 0.261133603239
3657 0.263157894737
3660 0.265182186235
3662 0.267206477733
3731 0.269230769231
3736 0.271255060729
3740 0.273279352227
3762 0.275303643725
3783 0.277327935223
3785 0.279352226721
3817 0.281376518219
3833 0.283400809717
3840 0.285425101215
3851 0.287449392713
3878 0.289473684211
3886 0.291497975709
3890 0.293522267206
3891 0.295546558704
3920 0.297570850202
3929 0.2995951417
3944 0.301619433198
3948 0.303643724696
3954 0.305668016194
3959 0.307692307692
3969 0.30971659919
3980 0.311740890688
3989 0.313765182186
3993 0.315789473684
4013 0.317813765182
4027 0.31983805668
4030 0.321862348178
4039 0.323886639676
4042 0.325910931174
4070 0.327935222672
4071 0.32995951417
4087 0.331983805668
4093 0.336032388664
4093 0.336032388664
4099 0.338056680162
4106 0.34008097166
4110 0.342105263158
4127 0.344129554656
4142 0.346153846154
4146 0.348178137652
4150 0.35020242915
4160 0.352226720648
4174 0.354251012146
4178 0.356275303644
4184 0.358299595142
4193 0.36032388664
4196 0.362348178138
4206 0.364372469636
4209 0.366396761134
4213 0.368421052632
4234 0.37044534413
4260 0.372469635628
4263 0.374493927126
4277 0.376518218623
4299 0.378542510121
4303 0.380566801619
4316 0.382591093117
4324 0.384615384615
4368 0.386639676113
4387 0.388663967611
4401 0.390688259109
4404 0.392712550607
4407 0.396761133603
4407 0.396761133603
4408 0.398785425101
4441 0.400809716599
4442 0.402834008097
4451 0.404858299595
4478 0.406882591093
4492 0.408906882591
4493 0.410931174089
4501 0.412955465587
4517 0.414979757085
4527 0.417004048583
4536 0.419028340081
4554 0.421052631579
4576 0.423076923077
4586 0.425101214575
4596 0.427125506073
4601 0.431174089069
4601 0.431174089069
4643 0.433198380567
4644 0.435222672065
4649 0.437246963563
4657 0.439271255061
4658 0.441295546559
4661 0.443319838057
4666 0.445344129555
4668 0.447368421053
4683 0.449392712551
4718 0.451417004049
4721 0.453441295547
4728 0.455465587045
4744 0.457489878543
4772 0.45951417004
4821 0.461538461538
4834 0.463562753036
4838 0.465587044534
4844 0.467611336032
4863 0.46963562753
4893 0.471659919028
4894 0.473684210526
4902 0.475708502024
4910 0.477732793522
4919 0.47975708502
4921 0.481781376518
4923 0.483805668016
4936 0.485829959514
4941 0.487854251012
4943 0.48987854251
4954 0.491902834008
4955 0.493927125506
4969 0.495951417004
4977 0.497975708502
4983 0.5
4988 0.502024291498
5002 0.504048582996
5005 0.506072874494
5007 0.508097165992
5013 0.51012145749
5014 0.512145748988
5019 0.514170040486
5073 0.516194331984
5083 0.518218623482
5109 0.52024291498
5123 0.522267206478
5124 0.524291497976
5132 0.526315789474
5138 0.528340080972
5140 0.53036437247
5172 0.532388663968
5173 0.534412955466
5187 0.536437246964
5193 0.538461538462
5194 0.54048582996
5221 0.542510121457
5251 0.544534412955
5267 0.546558704453
5273 0.550607287449
5273 0.550607287449
5288 0.552631578947
5297 0.554655870445
5302 0.556680161943
5367 0.558704453441
5421 0.560728744939
5440 0.562753036437
5464 0.564777327935
5471 0.566801619433
5491 0.568825910931
5502 0.570850202429
5533 0.572874493927
5553 0.574898785425
5562 0.576923076923
5577 0.578947368421
5591 0.580971659919
5592 0.582995951417
5594 0.585020242915
5597 0.587044534413
5635 0.589068825911
5655 0.591093117409
5657 0.593117408907
5664 0.595141700405
5665 0.597165991903
5685 0.599190283401
5711 0.601214574899
5729 0.603238866397
5743 0.605263157895
5753 0.607287449393
5760 0.609311740891
5770 0.611336032389
5778 0.613360323887
5798 0.615384615385
5808 0.617408906883
5816 0.619433198381
5820 0.621457489879
5823 0.623481781377
5830 0.625506072874
5837 0.627530364372
5857 0.62955465587
5868 0.631578947368
5894 0.633603238866
5901 0.635627530364
5919 0.637651821862
5921 0.63967611336
5928 0.641700404858
5973 0.643724696356
5978 0.647773279352
5978 0.647773279352
5982 0.64979757085
5998 0.651821862348
6003 0.653846153846
6013 0.655870445344
6050 0.657894736842
6060 0.65991902834
6070 0.661943319838
6101 0.665991902834
6101 0.665991902834
6103 0.668016194332
6138 0.67004048583
6167 0.672064777328
6168 0.674089068826
6171 0.676113360324
6216 0.678137651822
6239 0.68016194332
6262 0.682186234818
6264 0.684210526316
6273 0.686234817814
6295 0.688259109312
6298 0.69028340081
6303 0.692307692308
6323 0.694331983806
6334 0.696356275304
6350 0.698380566802
6382 0.7004048583
6384 0.702429149798
6390 0.704453441296
6400 0.706477732794
6404 0.708502024291
6412 0.710526315789
6424 0.712550607287
6485 0.714574898785
6512 0.716599190283
6591 0.718623481781
6613 0.722672064777
6613 0.722672064777
6655 0.724696356275
6661 0.726720647773
6702 0.728744939271
6704 0.730769230769
6714 0.732793522267
6725 0.734817813765
6740 0.736842105263
6755 0.738866396761
6792 0.740890688259
6853 0.742914979757
6858 0.744939271255
6865 0.746963562753
6869 0.748987854251
6907 0.751012145749
6917 0.753036437247
6926 0.755060728745
6928 0.757085020243
6945 0.759109311741
6948 0.761133603239
6963 0.763157894737
6967 0.765182186235
6978 0.769230769231
6978 0.769230769231
7000 0.771255060729
7002 0.773279352227
7012 0.775303643725
7016 0.777327935223
7093 0.779352226721
7100 0.781376518219
7128 0.783400809717
7145 0.785425101215
7182 0.787449392713
7183 0.789473684211
7200 0.791497975709
7202 0.793522267206
7205 0.795546558704
7213 0.797570850202
7312 0.7995951417
7385 0.801619433198
7393 0.803643724696
7415 0.805668016194
7453 0.807692307692
7470 0.80971659919
7500 0.811740890688
7525 0.813765182186
7534 0.815789473684
7568 0.817813765182
7598 0.81983805668
7609 0.821862348178
7697 0.823886639676
7807 0.825910931174
7836 0.827935222672
7852 0.82995951417
7865 0.831983805668
7983 0.834008097166
8011 0.836032388664
8048 0.838056680162
8066 0.84008097166
8117 0.842105263158
8128 0.844129554656
8167 0.846153846154
8183 0.848178137652
8194 0.85020242915
8304 0.852226720648
8306 0.854251012146
8338 0.856275303644
8404 0.858299595142
8420 0.86032388664
8428 0.862348178138
8437 0.864372469636
8449 0.866396761134
8451 0.868421052632
8457 0.87044534413
8523 0.872469635628
8546 0.874493927126
8558 0.876518218623
8565 0.878542510121
8582 0.880566801619
8645 0.882591093117
8673 0.884615384615
8760 0.886639676113
8863 0.888663967611
8887 0.890688259109
8946 0.892712550607
8961 0.894736842105
9043 0.896761133603
9057 0.898785425101
9114 0.900809716599
9125 0.902834008097
9147 0.904858299595
9307 0.908906882591
9307 0.908906882591
9323 0.910931174089
9337 0.912955465587
9417 0.914979757085
9509 0.917004048583
9521 0.919028340081
9535 0.921052631579
9618 0.923076923077
9629 0.925101214575
9633 0.927125506073
9693 0.929149797571
9794 0.931174089069
9941 0.933198380567
10146 0.935222672065
10228 0.937246963563
10743 0.939271255061
10769 0.941295546559
10888 0.943319838057
10918 0.945344129555
10938 0.947368421053
11080 0.949392712551
11263 0.951417004049
11285 0.953441295547
11334 0.955465587045
11357 0.957489878543
11371 0.95951417004
11428 0.961538461538
11507 0.963562753036
11627 0.965587044534
11714 0.967611336032
11876 0.96963562753
11949 0.971659919028
12176 0.973684210526
12272 0.975708502024
12378 0.977732793522
12543 0.97975708502
12891 0.981781376518
12992 0.983805668016
13418 0.985829959514
13813 0.987854251012
14063 0.98987854251
14201 0.991902834008
15836 0.993927125506
17735 0.995951417004
22441 0.997975708502
38401 1.0
