29 0.00202839756592
981 0.00405679513185
1319 0.00608519269777
1615 0.00811359026369
1897 0.0101419878296
1919 0.0121703853955
2188 0.0141987829615
2538 0.0162271805274
2750 0.0182555780933
2849 0.0202839756592
2876 0.0223123732252
2890 0.0243407707911
2939 0.026369168357
2979 0.0283975659229
3127 0.0304259634888
3147 0.0324543610548
3152 0.0344827586207
3165 0.0365111561866
3166 0.0385395537525
3201 0.0405679513185
3222 0.0425963488844
3301 0.0446247464503
3370 0.0466531440162
3430 0.0486815415822
3631 0.0507099391481
3759 0.052738336714
3784 0.0547667342799
3864 0.0567951318458
4129 0.0588235294118
4138 0.0608519269777
4145 0.0628803245436
4153 0.0649087221095
4393 0.0669371196755
4402 0.0689655172414
4419 0.0709939148073
4470 0.0730223123732
4496 0.0750507099391
4536 0.0770791075051
4550 0.079107505071
4575 0.0811359026369
4673 0.0831643002028
4680 0.0851926977688
4771 0.0872210953347
4804 0.0892494929006
4811 0.0912778904665
5000 0.0933062880325
5008 0.0953346855984
5011 0.0973630831643
5044 0.0993914807302
5072 0.101419878296
5084 0.103448275862
5092 0.105476673428
5109 0.107505070994
5122 0.10953346856
5175 0.111561866126
5228 0.113590263692
5259 0.115618661258
5264 0.117647058824
5283 0.119675456389
5293 0.121703853955
5301 0.123732251521
5329 0.125760649087
5331 0.127789046653
5336 0.129817444219
5352 0.131845841785
5354 0.133874239351
5359 0.135902636917
5384 0.137931034483
5390 0.139959432049
5401 0.141987829615
5439 0.144016227181
5458 0.146044624746
5464 0.148073022312
5465 0.150101419878
5468 0.152129817444
5489 0.15415821501
5497 0.156186612576
5505 0.158215010142
5541 0.160243407708
5558 0.162271805274
5594 0.16430020284
5646 0.166328600406
5675 0.168356997972
5683 0.170385395538
5692 0.172413793103
5698 0.174442190669
5784 0.176470588235
5786 0.178498985801
5805 0.180527383367
5844 0.182555780933
5892 0.184584178499
5960 0.186612576065
5985 0.188640973631
5998 0.190669371197
6012 0.192697768763
6040 0.194726166329
6047 0.196754563895
6074 0.19878296146
6129 0.200811359026
6146 0.202839756592
6185 0.204868154158
6204 0.206896551724
6240 0.20892494929
6249 0.210953346856
6273 0.212981744422
6323 0.215010141988
6358 0.217038539554
6371 0.21906693712
6389 0.221095334686
6399 0.223123732252
6405 0.225152129817
6412 0.227180527383
6420 0.229208924949
6425 0.231237322515
6441 0.233265720081
6453 0.235294117647
6455 0.237322515213
6457 0.239350912779
6515 0.241379310345
6521 0.243407707911
6544 0.245436105477
6585 0.247464503043
6592 0.249492900609
6637 0.251521298174
6652 0.25354969574
6669 0.255578093306
6702 0.257606490872
6724 0.259634888438
6746 0.261663286004
6751 0.26369168357
6756 0.265720081136
6763 0.267748478702
6780 0.269776876268
6835 0.2738336714
6835 0.2738336714
6839 0.275862068966
6854 0.277890466531
6907 0.279918864097
6908 0.281947261663
6934 0.283975659229
6974 0.288032454361
6974 0.288032454361
6991 0.290060851927
6993 0.292089249493
7071 0.294117647059
7074 0.296146044625
7095 0.298174442191
7096 0.300202839757
7100 0.302231237323
7104 0.304259634888
7107 0.306288032454
7147 0.30831643002
7151 0.310344827586
7233 0.312373225152
7264 0.314401622718
7271 0.316430020284
7285 0.31845841785
7335 0.320486815416
7350 0.322515212982
7378 0.324543610548
7409 0.326572008114
7410 0.32860040568
7412 0.330628803245
7451 0.332657200811
7464 0.334685598377
7524 0.336713995943
7528 0.338742393509
7588 0.340770791075
7594 0.342799188641
7654 0.344827586207
7672 0.346855983773
7673 0.348884381339
7681 0.350912778905
7689 0.352941176471
7704 0.354969574037
7758 0.356997971602
7771 0.359026369168
7796 0.361054766734
7803 0.3630831643
7812 0.365111561866
7813 0.367139959432
7820 0.369168356998
7844 0.371196754564
7849 0.37322515213
7865 0.375253549696
7868 0.377281947262
7872 0.379310344828
7961 0.381338742394
7976 0.383367139959
8025 0.385395537525
8042 0.387423935091
8049 0.389452332657
8061 0.391480730223
8078 0.393509127789
8089 0.397565922921
8089 0.397565922921
8092 0.399594320487
8112 0.401622718053
8123 0.403651115619
8193 0.405679513185
8206 0.407707910751
8235 0.409736308316
8254 0.411764705882
8319 0.413793103448
8348 0.415821501014
8353 0.41784989858
8428 0.419878296146
8436 0.421906693712
8472 0.423935091278
8476 0.425963488844
8491 0.42799188641
8494 0.430020283976
8549 0.434077079108
8549 0.434077079108
8602 0.436105476673
8613 0.438133874239
8617 0.442190669371
8617 0.442190669371
8688 0.444219066937
8689 0.446247464503
8707 0.448275862069
8795 0.450304259635
8802 0.452332657201
8809 0.456389452333
8809 0.456389452333
8836 0.458417849899
8910 0.460446247465
8933 0.46247464503
8948 0.464503042596
8959 0.466531440162
8972 0.468559837728
8974 0.470588235294
8981 0.47261663286
8984 0.474645030426
9051 0.476673427992
9052 0.478701825558
9059 0.480730223124
9070 0.48275862069
9090 0.484787018256
9093 0.486815415822
9109 0.488843813387
9120 0.490872210953
9168 0.492900608519
9203 0.494929006085
9271 0.496957403651
9277 0.498985801217
9347 0.501014198783
9387 0.503042596349
9404 0.505070993915
9411 0.507099391481
9414 0.509127789047
9419 0.511156186613
9433 0.513184584178
9434 0.515212981744
9440 0.51724137931
9454 0.519269776876
9456 0.521298174442
9483 0.523326572008
9500 0.525354969574
9510 0.52738336714
9573 0.529411764706
9577 0.531440162272
9602 0.533468559838
9615 0.535496957404
9635 0.53752535497
9639 0.539553752535
9702 0.541582150101
9727 0.543610547667
9733 0.545638945233
9736 0.547667342799
9749 0.549695740365
9768 0.551724137931
9788 0.553752535497
9811 0.555780933063
9842 0.557809330629
9864 0.559837728195
9874 0.561866125761
9886 0.563894523327
9892 0.565922920892
9904 0.567951318458
9928 0.569979716024
9936 0.57200811359
9956 0.574036511156
9964 0.576064908722
9986 0.578093306288
9995 0.580121703854
9997 0.58215010142
10058 0.584178498986
10088 0.586206896552
10151 0.588235294118
10188 0.590263691684
10218 0.592292089249
10252 0.594320486815
10277 0.596348884381
10278 0.598377281947
10292 0.600405679513
10296 0.602434077079
10316 0.604462474645
10323 0.606490872211
10367 0.608519269777
10384 0.610547667343
10415 0.612576064909
10419 0.614604462475
10445 0.616632860041
10449 0.618661257606
10493 0.620689655172
10509 0.622718052738
10516 0.624746450304
10544 0.62677484787
10587 0.628803245436
10617 0.630831643002
10621 0.632860040568
10669 0.634888438134
10709 0.6369168357
10734 0.640973630832
10734 0.640973630832
10738 0.643002028398
10767 0.645030425963
10808 0.647058823529
10810 0.649087221095
10824 0.651115618661
10882 0.653144016227
10943 0.655172413793
11010 0.657200811359
11024 0.659229208925
11058 0.661257606491
11088 0.663286004057
11191 0.665314401623
11233 0.667342799189
11284 0.669371196755
11301 0.67139959432
11305 0.673427991886
11347 0.675456389452
11358 0.677484787018
11375 0.679513184584
11378 0.68154158215
11388 0.683569979716
11459 0.685598377282
11501 0.687626774848
11533 0.689655172414
11546 0.69168356998
11579 0.693711967546
11634 0.695740365112
11637 0.697768762677
11716 0.699797160243
11723 0.701825557809
11736 0.703853955375
11755 0.705882352941
11804 0.707910750507
11819 0.709939148073
11852 0.711967545639
11872 0.713995943205
11927 0.716024340771
11969 0.718052738337
12035 0.720081135903
12108 0.722109533469
12111 0.724137931034
12118 0.7261663286
12215 0.728194726166
12227 0.730223123732
12249 0.732251521298
12256 0.734279918864
12370 0.73630831643
12376 0.738336713996
12452 0.740365111562
12544 0.742393509128
12556 0.744421906694
12671 0.74645030426
12758 0.748478701826
12788 0.750507099391
12794 0.752535496957
12808 0.754563894523
12810 0.756592292089
12821 0.758620689655
12833 0.760649087221
12840 0.762677484787
12876 0.764705882353
12888 0.766734279919
12907 0.768762677485
12979 0.770791075051
13079 0.772819472617
13105 0.774847870183
13177 0.776876267748
13198 0.778904665314
13208 0.78093306288
13232 0.782961460446
13242 0.784989858012
13243 0.787018255578
13284 0.789046653144
13353 0.79107505071
13373 0.793103448276
13408 0.795131845842
13425 0.797160243408
13526 0.799188640974
13600 0.80121703854
13605 0.803245436105
13610 0.805273833671
13616 0.807302231237
13630 0.809330628803
13700 0.811359026369
13748 0.813387423935
13808 0.815415821501
13846 0.817444219067
13897 0.819472616633
13949 0.821501014199
14065 0.823529411765
14089 0.825557809331
14136 0.827586206897
14150 0.829614604462
14160 0.831643002028
14285 0.833671399594
14374 0.83569979716
14433 0.837728194726
14500 0.839756592292
14501 0.841784989858
14509 0.843813387424
14636 0.84584178499
14775 0.847870182556
14867 0.849898580122
14884 0.851926977688
14944 0.853955375254
15044 0.855983772819
15254 0.858012170385
15273 0.860040567951
15361 0.862068965517
15423 0.864097363083
15480 0.866125760649
15498 0.868154158215
15528 0.870182555781
15555 0.872210953347
15557 0.874239350913
15652 0.876267748479
15705 0.878296146045
15721 0.880324543611
15734 0.882352941176
15761 0.884381338742
15770 0.886409736308
15920 0.888438133874
15927 0.89046653144
16095 0.892494929006
16150 0.894523326572
16207 0.896551724138
16272 0.898580121704
16331 0.90060851927
16642 0.902636916836
16738 0.904665314402
16844 0.906693711968
16868 0.908722109533
17016 0.910750507099
17159 0.912778904665
17178 0.914807302231
17192 0.916835699797
17358 0.918864097363
17460 0.920892494929
17483 0.922920892495
17621 0.924949290061
17625 0.926977687627
17662 0.929006085193
18036 0.931034482759
18063 0.933062880325
18109 0.93509127789
18131 0.937119675456
18385 0.939148073022
18619 0.941176470588
18891 0.943204868154
19500 0.94523326572
19530 0.947261663286
19661 0.949290060852
19707 0.951318458418
20073 0.953346855984
20324 0.95537525355
20546 0.957403651116
20933 0.959432048682
20954 0.961460446247
21264 0.963488843813
21487 0.965517241379
21620 0.967545638945
21825 0.969574036511
22102 0.971602434077
23256 0.973630831643
23400 0.975659229209
23448 0.977687626775
23906 0.979716024341
23987 0.981744421907
23996 0.983772819473
24710 0.985801217039
25080 0.987829614604
25205 0.98985801217
26230 0.991886409736
30444 0.993914807302
38872 0.995943204868
63373 0.997971602434
3483695 1.0
