33 0.00202839756592
954 0.00405679513185
1299 0.00608519269777
1426 0.00811359026369
1697 0.0101419878296
1781 0.0121703853955
2038 0.0141987829615
2430 0.0162271805274
2596 0.0182555780933
2656 0.0202839756592
2658 0.0223123732252
2700 0.0243407707911
2702 0.026369168357
2781 0.0283975659229
2816 0.0304259634888
2828 0.0324543610548
2890 0.0344827586207
2907 0.0365111561866
2930 0.0385395537525
2948 0.0405679513185
2959 0.0425963488844
2982 0.0446247464503
2992 0.0466531440162
3057 0.0486815415822
3178 0.0507099391481
3523 0.052738336714
3533 0.0547667342799
3545 0.0567951318458
3622 0.0588235294118
3752 0.0608519269777
3861 0.0628803245436
3903 0.0649087221095
3956 0.0669371196755
4037 0.0689655172414
4092 0.0709939148073
4131 0.0730223123732
4136 0.0750507099391
4151 0.0770791075051
4190 0.079107505071
4202 0.0811359026369
4228 0.0831643002028
4346 0.0851926977688
4386 0.0872210953347
4415 0.0892494929006
4452 0.0912778904665
4483 0.0933062880325
4491 0.0953346855984
4495 0.0973630831643
4570 0.0993914807302
4650 0.101419878296
4672 0.103448275862
4704 0.105476673428
4716 0.107505070994
4720 0.10953346856
4729 0.111561866126
4735 0.113590263692
4749 0.115618661258
4771 0.117647058824
4784 0.119675456389
4813 0.121703853955
4825 0.123732251521
4838 0.125760649087
4852 0.127789046653
4874 0.129817444219
4879 0.131845841785
4903 0.133874239351
4904 0.135902636917
4914 0.137931034483
4946 0.139959432049
4955 0.141987829615
4965 0.144016227181
4993 0.146044624746
5016 0.148073022312
5026 0.150101419878
5027 0.152129817444
5085 0.15415821501
5099 0.156186612576
5108 0.158215010142
5125 0.160243407708
5133 0.162271805274
5154 0.16430020284
5206 0.166328600406
5213 0.168356997972
5235 0.170385395538
5265 0.172413793103
5297 0.174442190669
5367 0.176470588235
5387 0.178498985801
5413 0.180527383367
5440 0.182555780933
5454 0.184584178499
5458 0.186612576065
5467 0.188640973631
5470 0.190669371197
5486 0.192697768763
5487 0.194726166329
5491 0.196754563895
5530 0.19878296146
5579 0.200811359026
5582 0.202839756592
5616 0.204868154158
5697 0.206896551724
5713 0.210953346856
5713 0.210953346856
5774 0.212981744422
5801 0.215010141988
5832 0.217038539554
5835 0.21906693712
5848 0.221095334686
5855 0.223123732252
5877 0.225152129817
5887 0.227180527383
5917 0.229208924949
5944 0.231237322515
5948 0.233265720081
5992 0.235294117647
5996 0.237322515213
6003 0.239350912779
6016 0.241379310345
6048 0.243407707911
6060 0.245436105477
6071 0.247464503043
6091 0.249492900609
6096 0.251521298174
6105 0.25354969574
6107 0.255578093306
6124 0.257606490872
6131 0.259634888438
6133 0.261663286004
6157 0.26369168357
6164 0.265720081136
6215 0.267748478702
6252 0.269776876268
6354 0.271805273834
6371 0.2738336714
6389 0.275862068966
6391 0.277890466531
6418 0.279918864097
6420 0.281947261663
6423 0.283975659229
6424 0.286004056795
6448 0.288032454361
6503 0.290060851927
6552 0.292089249493
6598 0.294117647059
6635 0.296146044625
6645 0.298174442191
6681 0.300202839757
6698 0.302231237323
6703 0.304259634888
6707 0.306288032454
6714 0.30831643002
6731 0.310344827586
6737 0.312373225152
6748 0.314401622718
6752 0.316430020284
6775 0.31845841785
6790 0.320486815416
6821 0.322515212982
6847 0.324543610548
6851 0.326572008114
6853 0.32860040568
6868 0.330628803245
6873 0.332657200811
6936 0.334685598377
6979 0.336713995943
7020 0.338742393509
7025 0.340770791075
7041 0.342799188641
7047 0.344827586207
7056 0.346855983773
7062 0.348884381339
7077 0.350912778905
7084 0.352941176471
7086 0.354969574037
7108 0.356997971602
7115 0.359026369168
7121 0.361054766734
7125 0.3630831643
7127 0.365111561866
7133 0.367139959432
7176 0.369168356998
7177 0.371196754564
7222 0.37322515213
7246 0.375253549696
7285 0.377281947262
7335 0.379310344828
7361 0.381338742394
7397 0.383367139959
7426 0.385395537525
7436 0.387423935091
7460 0.389452332657
7552 0.391480730223
7572 0.393509127789
7628 0.395537525355
7629 0.397565922921
7636 0.399594320487
7648 0.401622718053
7662 0.403651115619
7682 0.405679513185
7702 0.407707910751
7707 0.409736308316
7721 0.411764705882
7722 0.415821501014
7722 0.415821501014
7727 0.41784989858
7734 0.419878296146
7741 0.421906693712
7748 0.423935091278
7774 0.425963488844
7789 0.42799188641
7825 0.430020283976
7836 0.432048681542
7853 0.434077079108
7856 0.436105476673
7907 0.438133874239
7932 0.440162271805
7952 0.442190669371
8005 0.444219066937
8071 0.446247464503
8086 0.448275862069
8091 0.450304259635
8097 0.452332657201
8112 0.454361054767
8118 0.456389452333
8127 0.458417849899
8152 0.460446247465
8169 0.46247464503
8175 0.466531440162
8175 0.466531440162
8223 0.468559837728
8231 0.470588235294
8235 0.47261663286
8250 0.474645030426
8280 0.476673427992
8309 0.478701825558
8319 0.480730223124
8321 0.48275862069
8331 0.484787018256
8336 0.486815415822
8345 0.488843813387
8351 0.490872210953
8386 0.492900608519
8415 0.494929006085
8460 0.496957403651
8468 0.498985801217
8476 0.501014198783
8503 0.503042596349
8540 0.505070993915
8581 0.507099391481
8659 0.509127789047
8683 0.511156186613
8693 0.513184584178
8707 0.515212981744
8712 0.51724137931
8717 0.519269776876
8734 0.521298174442
8749 0.523326572008
8751 0.525354969574
8755 0.52738336714
8774 0.529411764706
8787 0.531440162272
8795 0.533468559838
8817 0.535496957404
8825 0.53752535497
8843 0.539553752535
8854 0.541582150101
8860 0.545638945233
8860 0.545638945233
8863 0.547667342799
8868 0.549695740365
8870 0.553752535497
8870 0.553752535497
8897 0.555780933063
8910 0.557809330629
8934 0.559837728195
8963 0.561866125761
9023 0.563894523327
9050 0.565922920892
9061 0.567951318458
9065 0.569979716024
9077 0.57200811359
9091 0.574036511156
9092 0.576064908722
9094 0.578093306288
9097 0.580121703854
9117 0.58215010142
9136 0.584178498986
9173 0.586206896552
9174 0.588235294118
9216 0.590263691684
9226 0.592292089249
9233 0.594320486815
9277 0.596348884381
9330 0.598377281947
9353 0.600405679513
9369 0.602434077079
9387 0.604462474645
9392 0.606490872211
9399 0.608519269777
9409 0.610547667343
9458 0.612576064909
9460 0.614604462475
9461 0.616632860041
9464 0.618661257606
9469 0.620689655172
9480 0.622718052738
9486 0.624746450304
9494 0.62677484787
9496 0.628803245436
9498 0.630831643002
9499 0.632860040568
9554 0.634888438134
9661 0.6369168357
9679 0.638945233266
9716 0.640973630832
9721 0.643002028398
9738 0.645030425963
9794 0.647058823529
9837 0.649087221095
9853 0.651115618661
9859 0.653144016227
9885 0.655172413793
9892 0.657200811359
10001 0.659229208925
10034 0.661257606491
10060 0.663286004057
10073 0.665314401623
10092 0.667342799189
10200 0.669371196755
10257 0.67139959432
10322 0.673427991886
10340 0.675456389452
10345 0.677484787018
10388 0.679513184584
10397 0.68154158215
10471 0.683569979716
10491 0.685598377282
10496 0.687626774848
10535 0.689655172414
10542 0.69168356998
10572 0.693711967546
10670 0.695740365112
10671 0.697768762677
10722 0.699797160243
10723 0.701825557809
10771 0.703853955375
10810 0.705882352941
10871 0.707910750507
10906 0.709939148073
10924 0.711967545639
10974 0.713995943205
11025 0.716024340771
11074 0.718052738337
11075 0.720081135903
11084 0.722109533469
11117 0.724137931034
11138 0.7261663286
11140 0.728194726166
11141 0.730223123732
11309 0.732251521298
11365 0.734279918864
11369 0.73630831643
11462 0.738336713996
11467 0.740365111562
11504 0.742393509128
11518 0.744421906694
11524 0.74645030426
11610 0.748478701826
11618 0.750507099391
11669 0.752535496957
11743 0.754563894523
11744 0.756592292089
11793 0.758620689655
11794 0.762677484787
11794 0.762677484787
11832 0.764705882353
11881 0.766734279919
11897 0.768762677485
11923 0.770791075051
11960 0.772819472617
11973 0.776876267748
11973 0.776876267748
12085 0.778904665314
12114 0.78093306288
12138 0.782961460446
12142 0.784989858012
12144 0.787018255578
12173 0.789046653144
12246 0.79107505071
12329 0.793103448276
12345 0.795131845842
12366 0.797160243408
12374 0.799188640974
12389 0.80121703854
12417 0.803245436105
12438 0.805273833671
12498 0.807302231237
12590 0.809330628803
12626 0.811359026369
12638 0.813387423935
12771 0.815415821501
12785 0.817444219067
12855 0.819472616633
12876 0.821501014199
12914 0.823529411765
12944 0.825557809331
13002 0.827586206897
13158 0.829614604462
13163 0.831643002028
13184 0.833671399594
13368 0.83569979716
13372 0.837728194726
13375 0.839756592292
13521 0.841784989858
13629 0.843813387424
13645 0.84584178499
13649 0.847870182556
13744 0.851926977688
13744 0.851926977688
13750 0.853955375254
13892 0.855983772819
13904 0.858012170385
13929 0.860040567951
13967 0.862068965517
13972 0.864097363083
14057 0.866125760649
14060 0.868154158215
14144 0.870182555781
14173 0.872210953347
14312 0.876267748479
14312 0.876267748479
14354 0.878296146045
14371 0.880324543611
14424 0.882352941176
14691 0.884381338742
14696 0.886409736308
14712 0.888438133874
14733 0.89046653144
15085 0.892494929006
15211 0.894523326572
15275 0.896551724138
15314 0.898580121704
15546 0.90060851927
15639 0.902636916836
15793 0.904665314402
15832 0.906693711968
15884 0.908722109533
16022 0.910750507099
16051 0.912778904665
16119 0.914807302231
16194 0.916835699797
16216 0.918864097363
16229 0.920892494929
16290 0.922920892495
16296 0.924949290061
16374 0.926977687627
16626 0.929006085193
16835 0.931034482759
16859 0.933062880325
16962 0.93509127789
17066 0.937119675456
17462 0.939148073022
17653 0.941176470588
17917 0.943204868154
17989 0.94523326572
18302 0.947261663286
18427 0.949290060852
18550 0.951318458418
18736 0.953346855984
18853 0.95537525355
18984 0.957403651116
18987 0.959432048682
19214 0.961460446247
19374 0.963488843813
19420 0.965517241379
19801 0.967545638945
19893 0.969574036511
20413 0.971602434077
20820 0.973630831643
20958 0.975659229209
21275 0.977687626775
21573 0.979716024341
21651 0.981744421907
22160 0.983772819473
23604 0.985801217039
23937 0.987829614604
24442 0.98985801217
24641 0.991886409736
28390 0.993914807302
34492 0.995943204868
38907 0.997971602434
206834 1.0
