32 0.00202839756592
739 0.00405679513185
1235 0.00608519269777
1479 0.00811359026369
1502 0.0101419878296
1616 0.0121703853955
1953 0.0141987829615
1974 0.0162271805274
2238 0.0182555780933
2666 0.0202839756592
2675 0.0223123732252
2693 0.0243407707911
2746 0.026369168357
2883 0.0283975659229
2926 0.0304259634888
3239 0.0324543610548
3337 0.0344827586207
3390 0.0365111561866
3476 0.0385395537525
3521 0.0405679513185
3821 0.0425963488844
3869 0.0446247464503
3936 0.0466531440162
4022 0.0486815415822
4106 0.0507099391481
4230 0.052738336714
4329 0.0547667342799
4355 0.0567951318458
4356 0.0588235294118
4388 0.0608519269777
4477 0.0628803245436
4520 0.0649087221095
4569 0.0669371196755
4624 0.0689655172414
4794 0.0709939148073
5096 0.0730223123732
5141 0.0750507099391
5176 0.0770791075051
5211 0.079107505071
5252 0.0811359026369
5311 0.0831643002028
5349 0.0851926977688
5406 0.0872210953347
5414 0.0892494929006
5724 0.0912778904665
5732 0.0933062880325
5733 0.0953346855984
5745 0.0973630831643
5949 0.0993914807302
5971 0.101419878296
6081 0.105476673428
6081 0.105476673428
6151 0.107505070994
6193 0.10953346856
6198 0.111561866126
6277 0.113590263692
6338 0.115618661258
6408 0.117647058824
6425 0.119675456389
6487 0.121703853955
6604 0.123732251521
6612 0.125760649087
6618 0.127789046653
6647 0.129817444219
6704 0.131845841785
6708 0.133874239351
6718 0.135902636917
6769 0.137931034483
6811 0.139959432049
6815 0.141987829615
6883 0.144016227181
6953 0.146044624746
6996 0.148073022312
7001 0.150101419878
7019 0.152129817444
7073 0.15415821501
7090 0.156186612576
7108 0.158215010142
7227 0.160243407708
7229 0.162271805274
7297 0.16430020284
7426 0.166328600406
7436 0.168356997972
7494 0.170385395538
7578 0.172413793103
7595 0.174442190669
7601 0.176470588235
7690 0.178498985801
7766 0.180527383367
7801 0.182555780933
7887 0.184584178499
7934 0.186612576065
8102 0.188640973631
8128 0.190669371197
8139 0.192697768763
8150 0.194726166329
8180 0.196754563895
8237 0.19878296146
8278 0.200811359026
8305 0.202839756592
8343 0.204868154158
8356 0.206896551724
8381 0.20892494929
8425 0.210953346856
8439 0.212981744422
8443 0.215010141988
8448 0.217038539554
8479 0.21906693712
8543 0.221095334686
8567 0.223123732252
8622 0.225152129817
8623 0.227180527383
8624 0.229208924949
8670 0.231237322515
8711 0.233265720081
8722 0.235294117647
8753 0.237322515213
8793 0.239350912779
8835 0.241379310345
8838 0.243407707911
8976 0.245436105477
8995 0.247464503043
9023 0.249492900609
9220 0.251521298174
9253 0.25354969574
9276 0.255578093306
9284 0.257606490872
9326 0.259634888438
9375 0.261663286004
9468 0.26369168357
9492 0.265720081136
9576 0.267748478702
9598 0.269776876268
9759 0.271805273834
9778 0.2738336714
9835 0.275862068966
9845 0.277890466531
9889 0.279918864097
9940 0.281947261663
9973 0.283975659229
10022 0.286004056795
10031 0.288032454361
10269 0.290060851927
10274 0.292089249493
10304 0.294117647059
10317 0.296146044625
10363 0.298174442191
10433 0.300202839757
10517 0.302231237323
10569 0.304259634888
10660 0.306288032454
10666 0.30831643002
10667 0.310344827586
10688 0.312373225152
10689 0.314401622718
10710 0.316430020284
10868 0.31845841785
10929 0.320486815416
10938 0.322515212982
10949 0.324543610548
11025 0.326572008114
11068 0.32860040568
11069 0.330628803245
11151 0.332657200811
11153 0.334685598377
11168 0.336713995943
11253 0.338742393509
11343 0.340770791075
11344 0.342799188641
11452 0.344827586207
11518 0.346855983773
11564 0.348884381339
11565 0.350912778905
11584 0.352941176471
11603 0.354969574037
11720 0.356997971602
11729 0.359026369168
11767 0.361054766734
11787 0.3630831643
11848 0.365111561866
11933 0.367139959432
11955 0.369168356998
12004 0.371196754564
12009 0.37322515213
12077 0.375253549696
12111 0.377281947262
12127 0.379310344828
12224 0.381338742394
12254 0.383367139959
12303 0.385395537525
12394 0.387423935091
12423 0.389452332657
12491 0.391480730223
12525 0.393509127789
12619 0.395537525355
12709 0.397565922921
12824 0.399594320487
12835 0.401622718053
12861 0.403651115619
12862 0.407707910751
12862 0.407707910751
12885 0.409736308316
12889 0.411764705882
12977 0.413793103448
13008 0.415821501014
13030 0.41784989858
13121 0.419878296146
13136 0.421906693712
13148 0.423935091278
13207 0.425963488844
13272 0.42799188641
13337 0.430020283976
13404 0.432048681542
13497 0.434077079108
13557 0.436105476673
13593 0.438133874239
13608 0.440162271805
13698 0.442190669371
13700 0.444219066937
13721 0.446247464503
13751 0.448275862069
13762 0.450304259635
13835 0.452332657201
13884 0.454361054767
13910 0.456389452333
13945 0.458417849899
13991 0.460446247465
14029 0.46247464503
14193 0.464503042596
14254 0.466531440162
14300 0.468559837728
14376 0.470588235294
14411 0.47261663286
14635 0.474645030426
14864 0.476673427992
14886 0.478701825558
14889 0.480730223124
14978 0.48275862069
15012 0.484787018256
15116 0.486815415822
15256 0.488843813387
15272 0.490872210953
15307 0.492900608519
15314 0.494929006085
15397 0.496957403651
15676 0.498985801217
15868 0.501014198783
15962 0.503042596349
16077 0.505070993915
16135 0.507099391481
16383 0.509127789047
16710 0.511156186613
16746 0.513184584178
16838 0.515212981744
16840 0.51724137931
16861 0.519269776876
16928 0.521298174442
17032 0.523326572008
17158 0.525354969574
17176 0.52738336714
17225 0.529411764706
17238 0.531440162272
17340 0.533468559838
17389 0.535496957404
17425 0.53752535497
17432 0.539553752535
17481 0.541582150101
17627 0.543610547667
17628 0.545638945233
17676 0.547667342799
17992 0.549695740365
18351 0.551724137931
18503 0.553752535497
18592 0.555780933063
18603 0.557809330629
18638 0.559837728195
18730 0.561866125761
18786 0.563894523327
18855 0.565922920892
19014 0.567951318458
19132 0.569979716024
19151 0.57200811359
19222 0.574036511156
19242 0.576064908722
19659 0.578093306288
19686 0.580121703854
19752 0.58215010142
19834 0.584178498986
19855 0.586206896552
19939 0.588235294118
19980 0.590263691684
20070 0.592292089249
20126 0.594320486815
20203 0.596348884381
20530 0.598377281947
20585 0.600405679513
20741 0.602434077079
20743 0.604462474645
20852 0.606490872211
20853 0.608519269777
20934 0.610547667343
20973 0.612576064909
21131 0.614604462475
21246 0.616632860041
21376 0.618661257606
21412 0.620689655172
21443 0.622718052738
21542 0.624746450304
21719 0.62677484787
21754 0.628803245436
21791 0.630831643002
21815 0.632860040568
21829 0.634888438134
22184 0.6369168357
22500 0.638945233266
22745 0.640973630832
22766 0.643002028398
22877 0.645030425963
22880 0.647058823529
22894 0.649087221095
22910 0.651115618661
23228 0.653144016227
23233 0.655172413793
23302 0.657200811359
23474 0.659229208925
23891 0.661257606491
23963 0.663286004057
24088 0.665314401623
24258 0.667342799189
24535 0.669371196755
24643 0.67139959432
24717 0.673427991886
24766 0.675456389452
24928 0.677484787018
24981 0.679513184584
25195 0.68154158215
25395 0.683569979716
25420 0.685598377282
25815 0.687626774848
26021 0.689655172414
26708 0.69168356998
26887 0.693711967546
26904 0.695740365112
27248 0.697768762677
27259 0.699797160243
27315 0.701825557809
27449 0.703853955375
27489 0.705882352941
27583 0.707910750507
27812 0.709939148073
28005 0.711967545639
28296 0.713995943205
28444 0.716024340771
28730 0.718052738337
28880 0.720081135903
28890 0.722109533469
28977 0.724137931034
29109 0.7261663286
29311 0.728194726166
29478 0.730223123732
30009 0.732251521298
30073 0.734279918864
30089 0.73630831643
30564 0.738336713996
30785 0.740365111562
31470 0.742393509128
31573 0.744421906694
31732 0.74645030426
33425 0.748478701826
33678 0.750507099391
35244 0.752535496957
35779 0.754563894523
35835 0.756592292089
36840 0.758620689655
37290 0.760649087221
38422 0.762677484787
38469 0.764705882353
38639 0.766734279919
38814 0.768762677485
39010 0.770791075051
39668 0.772819472617
40819 0.774847870183
40917 0.776876267748
41015 0.778904665314
41413 0.78093306288
42101 0.782961460446
42932 0.784989858012
43002 0.787018255578
43591 0.789046653144
44648 0.79107505071
44728 0.793103448276
44787 0.795131845842
44884 0.797160243408
44947 0.799188640974
45013 0.80121703854
45331 0.803245436105
45668 0.805273833671
45920 0.807302231237
46387 0.809330628803
46677 0.811359026369
46926 0.813387423935
47275 0.815415821501
47335 0.817444219067
47394 0.819472616633
47927 0.821501014199
47940 0.823529411765
48223 0.825557809331
49014 0.827586206897
49440 0.829614604462
49699 0.831643002028
49994 0.833671399594
50178 0.83569979716
50341 0.837728194726
50802 0.839756592292
50817 0.841784989858
50961 0.843813387424
51256 0.84584178499
51320 0.847870182556
51607 0.849898580122
51732 0.851926977688
51914 0.853955375254
52285 0.855983772819
52654 0.858012170385
52901 0.860040567951
53032 0.862068965517
53191 0.864097363083
53453 0.866125760649
53506 0.868154158215
53695 0.870182555781
53805 0.872210953347
54163 0.874239350913
54320 0.876267748479
54359 0.878296146045
54513 0.880324543611
54884 0.882352941176
55101 0.884381338742
55821 0.886409736308
56877 0.888438133874
57010 0.89046653144
57778 0.892494929006
59223 0.894523326572
59533 0.896551724138
59567 0.898580121704
59696 0.90060851927
59853 0.902636916836
61511 0.904665314402
63526 0.906693711968
64541 0.908722109533
66003 0.910750507099
66098 0.912778904665
66297 0.914807302231
67780 0.916835699797
67787 0.918864097363
69503 0.920892494929
70182 0.922920892495
70609 0.924949290061
70909 0.926977687627
72457 0.929006085193
72686 0.931034482759
73100 0.933062880325
73120 0.93509127789
74928 0.937119675456
77513 0.939148073022
78503 0.941176470588
81662 0.943204868154
81711 0.94523326572
82213 0.947261663286
83144 0.949290060852
83222 0.951318458418
84526 0.953346855984
85098 0.95537525355
90662 0.957403651116
92689 0.959432048682
92955 0.961460446247
92988 0.963488843813
94764 0.965517241379
94787 0.967545638945
94911 0.969574036511
97026 0.971602434077
98034 0.973630831643
98532 0.975659229209
102646 0.977687626775
102917 0.979716024341
105855 0.981744421907
109966 0.983772819473
120648 0.985801217039
122605 0.987829614604
127449 0.98985801217
148310 0.991886409736
152501 0.993914807302
202165 0.995943204868
238504 0.997971602434
507680 1.0
