30 0.00202429149798
188 0.00404858299595
260 0.00607287449393
305 0.0080971659919
313 0.0101214574899
314 0.0121457489879
317 0.0141700404858
362 0.0161943319838
461 0.0182186234818
467 0.0202429149798
484 0.0222672064777
496 0.0242914979757
506 0.0263157894737
514 0.0283400809717
517 0.0303643724696
524 0.0323886639676
527 0.0344129554656
534 0.0364372469636
535 0.0404858299595
535 0.0404858299595
559 0.0425101214575
572 0.0445344129555
583 0.0465587044534
631 0.0485829959514
644 0.0506072874494
684 0.0526315789474
708 0.0546558704453
714 0.0566801619433
735 0.0587044534413
743 0.0607287449393
748 0.0627530364372
757 0.0647773279352
776 0.0668016194332
783 0.0688259109312
788 0.0708502024291
802 0.0728744939271
808 0.0748987854251
814 0.0789473684211
814 0.0789473684211
843 0.080971659919
844 0.082995951417
853 0.085020242915
874 0.087044534413
882 0.0890688259109
900 0.0910931174089
901 0.0931174089069
919 0.0951417004049
925 0.0971659919028
948 0.0991902834008
961 0.101214574899
966 0.103238866397
974 0.105263157895
977 0.107287449393
993 0.109311740891
1030 0.111336032389
1041 0.113360323887
1042 0.115384615385
1058 0.117408906883
1061 0.119433198381
1065 0.121457489879
1073 0.123481781377
1080 0.125506072874
1087 0.127530364372
1091 0.12955465587
1095 0.131578947368
1098 0.133603238866
1101 0.135627530364
1103 0.13967611336
1103 0.13967611336
1105 0.141700404858
1121 0.143724696356
1133 0.145748987854
1134 0.147773279352
1139 0.14979757085
1140 0.151821862348
1167 0.153846153846
1184 0.155870445344
1187 0.157894736842
1188 0.15991902834
1191 0.161943319838
1198 0.163967611336
1206 0.165991902834
1212 0.168016194332
1218 0.17004048583
1219 0.172064777328
1223 0.174089068826
1225 0.176113360324
1239 0.178137651822
1250 0.18016194332
1251 0.182186234818
1263 0.184210526316
1269 0.186234817814
1272 0.188259109312
1293 0.19028340081
1311 0.192307692308
1323 0.194331983806
1329 0.196356275304
1332 0.198380566802
1337 0.2004048583
1345 0.204453441296
1345 0.204453441296
1349 0.206477732794
1352 0.208502024291
1357 0.210526315789
1359 0.212550607287
1360 0.214574898785
1361 0.216599190283
1367 0.218623481781
1369 0.220647773279
1373 0.222672064777
1376 0.224696356275
1381 0.228744939271
1381 0.228744939271
1385 0.230769230769
1389 0.232793522267
1396 0.234817813765
1401 0.236842105263
1404 0.238866396761
1423 0.240890688259
1424 0.242914979757
1428 0.244939271255
1441 0.246963562753
1444 0.248987854251
1462 0.251012145749
1468 0.253036437247
1474 0.255060728745
1477 0.257085020243
1482 0.259109311741
1485 0.261133603239
1491 0.263157894737
1507 0.265182186235
1517 0.267206477733
1521 0.269230769231
1539 0.271255060729
1550 0.273279352227
1558 0.275303643725
1561 0.277327935223
1575 0.279352226721
1582 0.281376518219
1590 0.283400809717
1597 0.285425101215
1598 0.287449392713
1599 0.289473684211
1602 0.291497975709
1612 0.293522267206
1619 0.295546558704
1625 0.297570850202
1634 0.2995951417
1635 0.301619433198
1639 0.305668016194
1639 0.305668016194
1641 0.307692307692
1643 0.30971659919
1649 0.311740890688
1655 0.313765182186
1666 0.315789473684
1679 0.317813765182
1681 0.321862348178
1681 0.321862348178
1683 0.323886639676
1689 0.325910931174
1693 0.327935222672
1694 0.32995951417
1709 0.331983805668
1710 0.334008097166
1711 0.338056680162
1711 0.338056680162
1714 0.34008097166
1732 0.342105263158
1738 0.344129554656
1744 0.346153846154
1755 0.348178137652
1758 0.35020242915
1775 0.352226720648
1776 0.356275303644
1776 0.356275303644
1777 0.358299595142
1778 0.36032388664
1782 0.362348178138
1789 0.364372469636
1801 0.366396761134
1805 0.368421052632
1806 0.37044534413
1817 0.372469635628
1819 0.374493927126
1822 0.376518218623
1827 0.378542510121
1837 0.380566801619
1846 0.382591093117
1847 0.384615384615
1852 0.388663967611
1852 0.388663967611
1856 0.390688259109
1862 0.392712550607
1863 0.394736842105
1871 0.396761133603
1877 0.398785425101
1889 0.400809716599
1895 0.402834008097
1900 0.404858299595
1909 0.406882591093
1910 0.408906882591
1923 0.410931174089
1931 0.412955465587
1933 0.414979757085
1959 0.419028340081
1959 0.419028340081
1972 0.421052631579
1973 0.423076923077
1988 0.425101214575
1995 0.427125506073
1997 0.429149797571
2006 0.431174089069
2030 0.433198380567
2031 0.435222672065
2044 0.437246963563
2045 0.439271255061
2050 0.441295546559
2063 0.445344129555
2063 0.445344129555
2064 0.447368421053
2074 0.449392712551
2075 0.451417004049
2078 0.453441295547
2082 0.455465587045
2088 0.457489878543
2092 0.45951417004
2122 0.461538461538
2127 0.463562753036
2140 0.465587044534
2148 0.467611336032
2157 0.46963562753
2162 0.471659919028
2165 0.473684210526
2178 0.475708502024
2180 0.477732793522
2182 0.47975708502
2196 0.481781376518
2197 0.483805668016
2203 0.485829959514
2210 0.487854251012
2211 0.48987854251
2217 0.491902834008
2219 0.493927125506
2232 0.495951417004
2233 0.497975708502
2235 0.5
2240 0.502024291498
2245 0.504048582996
2261 0.506072874494
2271 0.508097165992
2280 0.51012145749
2284 0.512145748988
2286 0.514170040486
2289 0.516194331984
2307 0.518218623482
2309 0.522267206478
2309 0.522267206478
2317 0.524291497976
2324 0.526315789474
2332 0.528340080972
2342 0.532388663968
2342 0.532388663968
2344 0.534412955466
2350 0.536437246964
2364 0.54048582996
2364 0.54048582996
2377 0.542510121457
2386 0.544534412955
2387 0.546558704453
2388 0.550607287449
2388 0.550607287449
2397 0.552631578947
2399 0.554655870445
2401 0.558704453441
2401 0.558704453441
2402 0.560728744939
2411 0.564777327935
2411 0.564777327935
2420 0.566801619433
2421 0.568825910931
2426 0.570850202429
2430 0.572874493927
2435 0.574898785425
2449 0.576923076923
2451 0.578947368421
2488 0.580971659919
2509 0.582995951417
2513 0.585020242915
2526 0.587044534413
2543 0.589068825911
2548 0.591093117409
2549 0.593117408907
2554 0.595141700405
2577 0.597165991903
2579 0.599190283401
2586 0.601214574899
2628 0.603238866397
2633 0.605263157895
2643 0.607287449393
2649 0.609311740891
2658 0.611336032389
2694 0.613360323887
2707 0.615384615385
2714 0.617408906883
2715 0.619433198381
2729 0.621457489879
2737 0.623481781377
2752 0.625506072874
2756 0.627530364372
2757 0.62955465587
2773 0.631578947368
2783 0.633603238866
2786 0.635627530364
2801 0.637651821862
2806 0.641700404858
2806 0.641700404858
2810 0.643724696356
2811 0.645748987854
2812 0.647773279352
2813 0.64979757085
2822 0.651821862348
2840 0.653846153846
2848 0.655870445344
2868 0.657894736842
2874 0.65991902834
2878 0.661943319838
2879 0.663967611336
2886 0.665991902834
2896 0.668016194332
2906 0.67004048583
2909 0.672064777328
2915 0.676113360324
2915 0.676113360324
2948 0.678137651822
2949 0.68016194332
2975 0.682186234818
2980 0.684210526316
2982 0.686234817814
3011 0.688259109312
3015 0.69028340081
3022 0.692307692308
3061 0.694331983806
3071 0.696356275304
3078 0.698380566802
3084 0.7004048583
3087 0.702429149798
3098 0.704453441296
3112 0.706477732794
3119 0.708502024291
3125 0.710526315789
3134 0.714574898785
3134 0.714574898785
3140 0.716599190283
3154 0.718623481781
3155 0.720647773279
3167 0.722672064777
3219 0.724696356275
3238 0.726720647773
3241 0.728744939271
3251 0.730769230769
3286 0.732793522267
3294 0.734817813765
3302 0.736842105263
3322 0.738866396761
3337 0.742914979757
3337 0.742914979757
3338 0.744939271255
3347 0.746963562753
3360 0.748987854251
3374 0.751012145749
3387 0.753036437247
3400 0.755060728745
3401 0.757085020243
3410 0.759109311741
3426 0.763157894737
3426 0.763157894737
3459 0.765182186235
3466 0.767206477733
3471 0.769230769231
3478 0.771255060729
3492 0.773279352227
3500 0.775303643725
3536 0.777327935223
3560 0.779352226721
3594 0.781376518219
3603 0.783400809717
3638 0.785425101215
3648 0.787449392713
3650 0.789473684211
3668 0.791497975709
3684 0.793522267206
3689 0.795546558704
3705 0.797570850202
3707 0.7995951417
3715 0.801619433198
3728 0.803643724696
3734 0.805668016194
3739 0.807692307692
3745 0.80971659919
3747 0.811740890688
3778 0.813765182186
3867 0.815789473684
3875 0.817813765182
3962 0.81983805668
3994 0.821862348178
4026 0.825910931174
4026 0.825910931174
4027 0.827935222672
4041 0.82995951417
4063 0.831983805668
4085 0.834008097166
4112 0.836032388664
4140 0.838056680162
4151 0.84008097166
4153 0.842105263158
4167 0.846153846154
4167 0.846153846154
4187 0.848178137652
4193 0.85020242915
4207 0.852226720648
4282 0.854251012146
4284 0.856275303644
4295 0.858299595142
4307 0.86032388664
4340 0.862348178138
4354 0.864372469636
4369 0.866396761134
4378 0.868421052632
4383 0.87044534413
4394 0.872469635628
4407 0.874493927126
4411 0.876518218623
4428 0.878542510121
4537 0.880566801619
4601 0.882591093117
4639 0.884615384615
4685 0.886639676113
4729 0.888663967611
4740 0.890688259109
4754 0.892712550607
4766 0.894736842105
4770 0.896761133603
4906 0.898785425101
4914 0.900809716599
4962 0.902834008097
5016 0.904858299595
5058 0.906882591093
5166 0.908906882591
5183 0.910931174089
5229 0.912955465587
5261 0.914979757085
5290 0.917004048583
5315 0.919028340081
5396 0.921052631579
5407 0.923076923077
5486 0.925101214575
5540 0.927125506073
5598 0.929149797571
5602 0.931174089069
5614 0.933198380567
5638 0.935222672065
5744 0.937246963563
5865 0.939271255061
5874 0.941295546559
5937 0.943319838057
5939 0.945344129555
5941 0.947368421053
5995 0.949392712551
6018 0.951417004049
6148 0.953441295547
6161 0.955465587045
6172 0.957489878543
6215 0.95951417004
6300 0.961538461538
6348 0.963562753036
6406 0.965587044534
6463 0.967611336032
6612 0.96963562753
6718 0.971659919028
6867 0.973684210526
7400 0.975708502024
7500 0.977732793522
7528 0.97975708502
7590 0.981781376518
7691 0.983805668016
7993 0.985829959514
8602 0.987854251012
9001 0.98987854251
9362 0.991902834008
10032 0.993927125506
11474 0.995951417004
12189 0.997975708502
31966 1.0
