31 0.00202429149798
508 0.00404858299595
895 0.00607287449393
932 0.0080971659919
973 0.0101214574899
1029 0.0121457489879
1153 0.0141700404858
1178 0.0161943319838
1391 0.0182186234818
1468 0.0202429149798
1520 0.0222672064777
1535 0.0242914979757
1538 0.0263157894737
1638 0.0283400809717
1668 0.0303643724696
1696 0.0323886639676
1806 0.0344129554656
1817 0.0364372469636
1929 0.0384615384615
2080 0.0404858299595
2122 0.0425101214575
2172 0.0445344129555
2285 0.0465587044534
2297 0.0485829959514
2359 0.0506072874494
2370 0.0526315789474
2445 0.0546558704453
2561 0.0566801619433
2585 0.0587044534413
2600 0.0607287449393
2652 0.0627530364372
2702 0.0647773279352
2723 0.0668016194332
2857 0.0688259109312
2875 0.0708502024291
3025 0.0728744939271
3046 0.0748987854251
3078 0.0769230769231
3097 0.0789473684211
3104 0.080971659919
3114 0.082995951417
3229 0.085020242915
3281 0.087044534413
3303 0.0890688259109
3407 0.0910931174089
3410 0.0931174089069
3608 0.0951417004049
3620 0.0971659919028
3625 0.0991902834008
3632 0.101214574899
3716 0.103238866397
3740 0.105263157895
3776 0.107287449393
3784 0.109311740891
3810 0.111336032389
3824 0.113360323887
3829 0.115384615385
3843 0.117408906883
3889 0.119433198381
3907 0.121457489879
3919 0.123481781377
3939 0.125506072874
3949 0.127530364372
3962 0.12955465587
3989 0.131578947368
4026 0.133603238866
4033 0.135627530364
4068 0.137651821862
4078 0.13967611336
4080 0.141700404858
4100 0.143724696356
4107 0.145748987854
4123 0.147773279352
4131 0.14979757085
4133 0.151821862348
4218 0.153846153846
4227 0.155870445344
4234 0.157894736842
4236 0.15991902834
4311 0.161943319838
4312 0.163967611336
4338 0.165991902834
4359 0.168016194332
4363 0.17004048583
4379 0.172064777328
4402 0.174089068826
4434 0.176113360324
4484 0.178137651822
4508 0.18016194332
4520 0.182186234818
4525 0.184210526316
4541 0.186234817814
4590 0.188259109312
4602 0.19028340081
4632 0.192307692308
4672 0.196356275304
4672 0.196356275304
4682 0.198380566802
4730 0.2004048583
4734 0.202429149798
4741 0.204453441296
4749 0.206477732794
4775 0.208502024291
4865 0.210526315789
4877 0.212550607287
4886 0.214574898785
4911 0.216599190283
4926 0.218623481781
4981 0.220647773279
5020 0.222672064777
5038 0.224696356275
5053 0.226720647773
5111 0.228744939271
5119 0.230769230769
5136 0.232793522267
5203 0.234817813765
5218 0.236842105263
5253 0.238866396761
5259 0.240890688259
5313 0.242914979757
5332 0.244939271255
5368 0.246963562753
5420 0.248987854251
5452 0.251012145749
5473 0.253036437247
5475 0.255060728745
5504 0.257085020243
5517 0.259109311741
5564 0.261133603239
5576 0.263157894737
5578 0.265182186235
5583 0.267206477733
5600 0.269230769231
5605 0.271255060729
5607 0.273279352227
5609 0.275303643725
5628 0.277327935223
5644 0.279352226721
5674 0.281376518219
5727 0.283400809717
5734 0.287449392713
5734 0.287449392713
5788 0.289473684211
5925 0.291497975709
5964 0.293522267206
5965 0.295546558704
6007 0.297570850202
6047 0.2995951417
6054 0.301619433198
6055 0.303643724696
6167 0.305668016194
6192 0.307692307692
6198 0.30971659919
6235 0.311740890688
6286 0.313765182186
6334 0.315789473684
6395 0.317813765182
6402 0.31983805668
6430 0.321862348178
6464 0.323886639676
6465 0.325910931174
6509 0.327935222672
6525 0.32995951417
6545 0.331983805668
6594 0.334008097166
6601 0.336032388664
6638 0.338056680162
6645 0.34008097166
6647 0.342105263158
6654 0.344129554656
6705 0.346153846154
6707 0.348178137652
6788 0.35020242915
6820 0.352226720648
6826 0.354251012146
6846 0.356275303644
6854 0.358299595142
6877 0.36032388664
6896 0.362348178138
6898 0.364372469636
6918 0.366396761134
6920 0.368421052632
6933 0.37044534413
6946 0.372469635628
6955 0.374493927126
6964 0.376518218623
7006 0.378542510121
7043 0.380566801619
7084 0.384615384615
7084 0.384615384615
7087 0.386639676113
7090 0.388663967611
7120 0.392712550607
7120 0.392712550607
7123 0.394736842105
7175 0.396761133603
7200 0.398785425101
7223 0.400809716599
7254 0.402834008097
7304 0.404858299595
7308 0.406882591093
7323 0.408906882591
7348 0.410931174089
7350 0.412955465587
7355 0.414979757085
7376 0.417004048583
7438 0.419028340081
7449 0.421052631579
7460 0.423076923077
7475 0.425101214575
7652 0.427125506073
7664 0.429149797571
7681 0.431174089069
7697 0.433198380567
7724 0.435222672065
7827 0.437246963563
7830 0.439271255061
7842 0.441295546559
7844 0.443319838057
7860 0.445344129555
7879 0.447368421053
7892 0.449392712551
7906 0.451417004049
7931 0.453441295547
7933 0.455465587045
7945 0.457489878543
7968 0.461538461538
7968 0.461538461538
7975 0.463562753036
8000 0.465587044534
8005 0.467611336032
8045 0.46963562753
8052 0.471659919028
8061 0.473684210526
8136 0.475708502024
8174 0.477732793522
8276 0.47975708502
8302 0.481781376518
8307 0.483805668016
8349 0.485829959514
8362 0.487854251012
8436 0.48987854251
8443 0.491902834008
8475 0.493927125506
8510 0.495951417004
8563 0.497975708502
8655 0.5
8684 0.502024291498
8692 0.504048582996
8716 0.506072874494
8733 0.508097165992
8820 0.51012145749
8843 0.512145748988
8847 0.514170040486
8875 0.516194331984
8994 0.518218623482
9006 0.52024291498
9015 0.522267206478
9070 0.524291497976
9098 0.526315789474
9136 0.528340080972
9183 0.53036437247
9216 0.532388663968
9228 0.534412955466
9264 0.536437246964
9314 0.538461538462
9354 0.54048582996
9409 0.542510121457
9462 0.544534412955
9465 0.546558704453
9474 0.548582995951
9483 0.550607287449
9484 0.552631578947
9505 0.554655870445
9509 0.556680161943
9525 0.558704453441
9566 0.560728744939
9617 0.562753036437
9640 0.564777327935
9641 0.566801619433
9650 0.568825910931
9653 0.570850202429
9683 0.572874493927
9759 0.574898785425
9843 0.576923076923
9891 0.578947368421
9989 0.580971659919
10019 0.582995951417
10101 0.585020242915
10133 0.587044534413
10164 0.589068825911
10177 0.591093117409
10395 0.593117408907
10429 0.595141700405
10445 0.597165991903
10483 0.599190283401
10536 0.601214574899
10547 0.603238866397
10564 0.605263157895
10636 0.607287449393
10689 0.609311740891
10692 0.611336032389
10705 0.613360323887
10729 0.615384615385
10760 0.617408906883
10844 0.619433198381
10871 0.621457489879
10917 0.623481781377
10962 0.625506072874
10974 0.627530364372
11068 0.62955465587
11074 0.631578947368
11130 0.633603238866
11151 0.635627530364
11211 0.637651821862
11254 0.63967611336
11336 0.641700404858
11353 0.643724696356
11385 0.645748987854
11411 0.647773279352
11417 0.64979757085
11434 0.653846153846
11434 0.653846153846
11440 0.655870445344
11458 0.657894736842
11541 0.65991902834
11592 0.661943319838
11968 0.663967611336
12129 0.665991902834
12165 0.668016194332
12193 0.67004048583
12265 0.672064777328
12390 0.674089068826
12404 0.676113360324
12718 0.678137651822
12816 0.68016194332
12883 0.682186234818
12941 0.684210526316
13032 0.686234817814
13045 0.688259109312
13050 0.69028340081
13180 0.692307692308
13283 0.694331983806
13360 0.696356275304
13391 0.698380566802
13454 0.7004048583
13502 0.702429149798
13642 0.704453441296
13662 0.706477732794
13711 0.708502024291
13720 0.710526315789
13767 0.712550607287
13787 0.714574898785
13959 0.716599190283
14235 0.718623481781
14272 0.720647773279
14277 0.722672064777
14280 0.724696356275
14325 0.726720647773
14356 0.728744939271
14506 0.730769230769
14519 0.732793522267
14546 0.734817813765
14621 0.736842105263
14684 0.738866396761
14702 0.740890688259
14733 0.742914979757
14788 0.744939271255
14812 0.746963562753
14942 0.748987854251
14968 0.751012145749
15147 0.753036437247
15220 0.755060728745
15313 0.757085020243
15359 0.759109311741
15368 0.761133603239
15492 0.763157894737
15664 0.765182186235
15987 0.767206477733
16280 0.769230769231
16376 0.771255060729
16538 0.773279352227
16547 0.775303643725
16561 0.777327935223
16569 0.779352226721
16618 0.781376518219
16885 0.783400809717
16971 0.785425101215
17000 0.787449392713
17128 0.789473684211
17148 0.791497975709
17256 0.793522267206
17421 0.795546558704
17611 0.797570850202
17650 0.7995951417
17655 0.801619433198
17685 0.803643724696
17713 0.805668016194
17772 0.807692307692
18253 0.80971659919
18325 0.811740890688
18361 0.813765182186
18442 0.815789473684
18718 0.817813765182
19032 0.81983805668
19146 0.821862348178
19699 0.823886639676
19884 0.825910931174
19932 0.827935222672
19995 0.82995951417
20116 0.831983805668
20485 0.834008097166
20531 0.836032388664
20721 0.838056680162
20873 0.84008097166
21341 0.842105263158
21610 0.844129554656
21927 0.846153846154
22265 0.848178137652
22371 0.85020242915
22786 0.852226720648
23138 0.854251012146
23459 0.856275303644
23547 0.858299595142
23696 0.86032388664
23893 0.862348178138
24250 0.864372469636
25068 0.866396761134
25087 0.868421052632
25173 0.87044534413
25268 0.872469635628
25856 0.874493927126
26080 0.876518218623
26086 0.878542510121
26104 0.880566801619
26118 0.882591093117
26230 0.884615384615
26364 0.886639676113
26385 0.888663967611
26455 0.890688259109
27059 0.892712550607
27444 0.894736842105
27445 0.896761133603
27948 0.898785425101
28574 0.900809716599
30450 0.902834008097
30600 0.904858299595
31226 0.906882591093
31283 0.908906882591
32753 0.910931174089
33452 0.912955465587
33527 0.914979757085
33576 0.917004048583
35177 0.919028340081
35256 0.921052631579
35437 0.923076923077
36080 0.925101214575
36101 0.927125506073
36316 0.929149797571
37593 0.931174089069
39289 0.933198380567
41582 0.935222672065
42564 0.937246963563
42666 0.939271255061
44134 0.941295546559
44621 0.943319838057
45280 0.945344129555
47001 0.947368421053
47371 0.949392712551
48006 0.951417004049
48504 0.953441295547
48852 0.955465587045
49347 0.957489878543
49558 0.95951417004
50686 0.961538461538
51297 0.963562753036
51524 0.965587044534
54941 0.967611336032
56357 0.96963562753
60721 0.971659919028
64038 0.973684210526
64557 0.975708502024
64969 0.977732793522
66782 0.97975708502
67425 0.981781376518
71411 0.983805668016
75610 0.985829959514
78040 0.987854251012
78261 0.98987854251
84259 0.991902834008
85141 0.993927125506
86199 0.995951417004
94569 0.997975708502
134229 1.0
