26 0.00202839756592
950 0.00405679513185
1219 0.00608519269777
1486 0.00811359026369
1762 0.0101419878296
1765 0.0121703853955
2029 0.0141987829615
2321 0.0162271805274
2617 0.0182555780933
2637 0.0202839756592
2650 0.0223123732252
2678 0.0243407707911
2710 0.026369168357
2728 0.0283975659229
2736 0.0304259634888
2825 0.0324543610548
2827 0.0344827586207
2884 0.0365111561866
2891 0.0385395537525
2905 0.0405679513185
2942 0.0425963488844
3099 0.0446247464503
3144 0.0466531440162
3148 0.0486815415822
3263 0.0507099391481
3457 0.052738336714
3476 0.0547667342799
3543 0.0567951318458
3744 0.0588235294118
3772 0.0608519269777
3784 0.0628803245436
3801 0.0649087221095
4025 0.0669371196755
4062 0.0689655172414
4077 0.0709939148073
4105 0.0730223123732
4157 0.0750507099391
4173 0.0770791075051
4189 0.079107505071
4212 0.0811359026369
4267 0.0831643002028
4333 0.0851926977688
4355 0.0872210953347
4367 0.0892494929006
4369 0.0912778904665
4376 0.0933062880325
4513 0.0953346855984
4560 0.0973630831643
4611 0.101419878296
4611 0.101419878296
4621 0.103448275862
4649 0.105476673428
4682 0.107505070994
4683 0.10953346856
4697 0.111561866126
4729 0.113590263692
4830 0.115618661258
4846 0.117647058824
4851 0.119675456389
4857 0.121703853955
4874 0.123732251521
4876 0.125760649087
4878 0.127789046653
4924 0.129817444219
4929 0.131845841785
4959 0.133874239351
4965 0.135902636917
4971 0.137931034483
4973 0.139959432049
4979 0.141987829615
4983 0.144016227181
4999 0.146044624746
5010 0.148073022312
5027 0.150101419878
5045 0.152129817444
5056 0.15415821501
5066 0.156186612576
5067 0.158215010142
5112 0.160243407708
5129 0.162271805274
5132 0.16430020284
5139 0.166328600406
5177 0.168356997972
5178 0.170385395538
5189 0.174442190669
5189 0.174442190669
5224 0.176470588235
5226 0.178498985801
5281 0.180527383367
5407 0.182555780933
5432 0.186612576065
5432 0.186612576065
5483 0.188640973631
5485 0.190669371197
5489 0.192697768763
5554 0.194726166329
5564 0.196754563895
5579 0.19878296146
5599 0.200811359026
5632 0.202839756592
5680 0.204868154158
5722 0.206896551724
5731 0.20892494929
5745 0.210953346856
5760 0.212981744422
5785 0.215010141988
5801 0.217038539554
5807 0.21906693712
5810 0.221095334686
5820 0.223123732252
5842 0.225152129817
5847 0.227180527383
5861 0.231237322515
5861 0.231237322515
5877 0.233265720081
5905 0.235294117647
5932 0.237322515213
5943 0.239350912779
5945 0.241379310345
5956 0.243407707911
5964 0.245436105477
5966 0.247464503043
6000 0.249492900609
6008 0.251521298174
6023 0.25354969574
6061 0.255578093306
6092 0.257606490872
6112 0.259634888438
6127 0.261663286004
6129 0.26369168357
6130 0.265720081136
6135 0.267748478702
6144 0.269776876268
6168 0.271805273834
6175 0.2738336714
6188 0.275862068966
6253 0.277890466531
6258 0.279918864097
6296 0.281947261663
6312 0.283975659229
6356 0.286004056795
6434 0.288032454361
6439 0.290060851927
6458 0.292089249493
6469 0.294117647059
6485 0.296146044625
6502 0.298174442191
6517 0.300202839757
6556 0.302231237323
6587 0.304259634888
6592 0.306288032454
6618 0.310344827586
6618 0.310344827586
6624 0.312373225152
6684 0.314401622718
6686 0.316430020284
6733 0.31845841785
6754 0.320486815416
6788 0.322515212982
6794 0.324543610548
6831 0.326572008114
6847 0.32860040568
6858 0.330628803245
6867 0.332657200811
6875 0.334685598377
6884 0.336713995943
6887 0.338742393509
6908 0.340770791075
6935 0.342799188641
6982 0.344827586207
7029 0.346855983773
7040 0.348884381339
7077 0.350912778905
7086 0.352941176471
7099 0.354969574037
7136 0.356997971602
7147 0.359026369168
7152 0.361054766734
7159 0.3630831643
7168 0.365111561866
7181 0.367139959432
7186 0.369168356998
7191 0.371196754564
7198 0.37322515213
7199 0.375253549696
7200 0.377281947262
7210 0.379310344828
7239 0.381338742394
7296 0.383367139959
7301 0.385395537525
7320 0.387423935091
7358 0.389452332657
7363 0.391480730223
7377 0.393509127789
7392 0.395537525355
7397 0.397565922921
7444 0.399594320487
7454 0.401622718053
7482 0.403651115619
7547 0.405679513185
7593 0.407707910751
7607 0.409736308316
7610 0.411764705882
7650 0.413793103448
7651 0.415821501014
7658 0.41784989858
7678 0.419878296146
7751 0.421906693712
7753 0.423935091278
7759 0.425963488844
7773 0.42799188641
7776 0.430020283976
7809 0.432048681542
7849 0.434077079108
7867 0.436105476673
7889 0.438133874239
7894 0.440162271805
7911 0.442190669371
7936 0.444219066937
7953 0.446247464503
7978 0.448275862069
7994 0.450304259635
8010 0.452332657201
8046 0.454361054767
8071 0.456389452333
8074 0.458417849899
8093 0.460446247465
8096 0.46247464503
8112 0.464503042596
8125 0.466531440162
8127 0.468559837728
8145 0.470588235294
8161 0.47261663286
8174 0.474645030426
8203 0.476673427992
8209 0.478701825558
8224 0.480730223124
8228 0.48275862069
8250 0.484787018256
8255 0.486815415822
8321 0.488843813387
8400 0.490872210953
8414 0.492900608519
8439 0.494929006085
8460 0.496957403651
8487 0.498985801217
8490 0.501014198783
8556 0.503042596349
8569 0.505070993915
8576 0.507099391481
8578 0.509127789047
8597 0.511156186613
8606 0.513184584178
8613 0.515212981744
8617 0.51724137931
8663 0.519269776876
8673 0.521298174442
8694 0.523326572008
8714 0.525354969574
8724 0.52738336714
8731 0.529411764706
8756 0.531440162272
8759 0.533468559838
8771 0.535496957404
8805 0.53752535497
8806 0.539553752535
8808 0.541582150101
8809 0.543610547667
8810 0.545638945233
8858 0.547667342799
8866 0.549695740365
8879 0.551724137931
8888 0.553752535497
8939 0.555780933063
8943 0.557809330629
8954 0.559837728195
8962 0.561866125761
8978 0.563894523327
8979 0.565922920892
8999 0.567951318458
9008 0.569979716024
9012 0.57200811359
9018 0.574036511156
9025 0.578093306288
9025 0.578093306288
9061 0.580121703854
9068 0.58215010142
9096 0.584178498986
9118 0.586206896552
9121 0.588235294118
9165 0.592292089249
9165 0.592292089249
9179 0.594320486815
9194 0.596348884381
9214 0.598377281947
9220 0.600405679513
9222 0.602434077079
9266 0.604462474645
9312 0.606490872211
9335 0.608519269777
9345 0.610547667343
9361 0.612576064909
9362 0.614604462475
9416 0.616632860041
9459 0.618661257606
9461 0.620689655172
9462 0.622718052738
9503 0.624746450304
9517 0.62677484787
9603 0.628803245436
9634 0.630831643002
9656 0.632860040568
9658 0.634888438134
9674 0.6369168357
9690 0.638945233266
9726 0.640973630832
9745 0.643002028398
9768 0.645030425963
9769 0.647058823529
9829 0.649087221095
9845 0.651115618661
9892 0.653144016227
9895 0.655172413793
9980 0.657200811359
10002 0.659229208925
10012 0.661257606491
10124 0.663286004057
10133 0.665314401623
10190 0.667342799189
10285 0.669371196755
10325 0.67139959432
10332 0.673427991886
10349 0.675456389452
10351 0.677484787018
10391 0.679513184584
10440 0.68154158215
10448 0.683569979716
10494 0.685598377282
10518 0.687626774848
10520 0.689655172414
10610 0.69168356998
10611 0.693711967546
10627 0.695740365112
10637 0.697768762677
10670 0.699797160243
10706 0.701825557809
10760 0.703853955375
10784 0.705882352941
10821 0.707910750507
10825 0.709939148073
10833 0.711967545639
10870 0.713995943205
10880 0.716024340771
10943 0.718052738337
10988 0.720081135903
11041 0.722109533469
11060 0.7261663286
11060 0.7261663286
11069 0.728194726166
11084 0.730223123732
11098 0.732251521298
11104 0.734279918864
11190 0.73630831643
11197 0.738336713996
11265 0.740365111562
11324 0.742393509128
11327 0.744421906694
11373 0.74645030426
11382 0.748478701826
11435 0.750507099391
11444 0.752535496957
11480 0.754563894523
11613 0.756592292089
11618 0.758620689655
11694 0.760649087221
11720 0.762677484787
11729 0.764705882353
11747 0.766734279919
11772 0.768762677485
11805 0.770791075051
11856 0.772819472617
11905 0.774847870183
11930 0.776876267748
11952 0.778904665314
11968 0.78093306288
11993 0.782961460446
12060 0.784989858012
12103 0.787018255578
12105 0.789046653144
12121 0.79107505071
12169 0.793103448276
12236 0.795131845842
12325 0.797160243408
12331 0.799188640974
12402 0.80121703854
12443 0.803245436105
12471 0.805273833671
12484 0.807302231237
12541 0.809330628803
12649 0.811359026369
12738 0.813387423935
12763 0.815415821501
12776 0.817444219067
12778 0.819472616633
12787 0.821501014199
12834 0.823529411765
12860 0.825557809331
12868 0.827586206897
12880 0.829614604462
13062 0.831643002028
13105 0.833671399594
13168 0.83569979716
13172 0.837728194726
13222 0.839756592292
13228 0.841784989858
13244 0.843813387424
13273 0.84584178499
13381 0.847870182556
13480 0.849898580122
13588 0.851926977688
13666 0.853955375254
13725 0.855983772819
13847 0.858012170385
13857 0.860040567951
13875 0.862068965517
13908 0.864097363083
14058 0.866125760649
14070 0.868154158215
14105 0.870182555781
14112 0.872210953347
14208 0.874239350913
14234 0.876267748479
14239 0.878296146045
14242 0.880324543611
14259 0.882352941176
14365 0.884381338742
14501 0.886409736308
14560 0.888438133874
14710 0.89046653144
14894 0.892494929006
14943 0.894523326572
14957 0.896551724138
15190 0.898580121704
15199 0.90060851927
15288 0.902636916836
15314 0.904665314402
15371 0.906693711968
15702 0.908722109533
15721 0.910750507099
15751 0.912778904665
15762 0.914807302231
15911 0.916835699797
15946 0.918864097363
16014 0.920892494929
16037 0.922920892495
16098 0.924949290061
16141 0.926977687627
16375 0.929006085193
16549 0.931034482759
16635 0.933062880325
16725 0.93509127789
17296 0.937119675456
17308 0.939148073022
17359 0.941176470588
17596 0.943204868154
17603 0.94523326572
17647 0.947261663286
17658 0.949290060852
18151 0.951318458418
18476 0.953346855984
18599 0.95537525355
18797 0.957403651116
18874 0.959432048682
19120 0.961460446247
19192 0.963488843813
19646 0.965517241379
20124 0.967545638945
20145 0.969574036511
20474 0.971602434077
20631 0.973630831643
20923 0.975659229209
21119 0.977687626775
21138 0.979716024341
21518 0.981744421907
21762 0.983772819473
21820 0.985801217039
23050 0.987829614604
23920 0.98985801217
24186 0.991886409736
27412 0.993914807302
35307 0.995943204868
44893 0.997971602434
3471967 1.0
