35 0.00202429149798
314 0.00404858299595
447 0.00607287449393
517 0.0080971659919
528 0.0101214574899
549 0.0121457489879
558 0.0141700404858
666 0.0161943319838
781 0.0182186234818
784 0.0202429149798
796 0.0222672064777
803 0.0242914979757
805 0.0263157894737
821 0.0283400809717
833 0.0303643724696
834 0.0323886639676
889 0.0344129554656
893 0.0364372469636
901 0.0384615384615
904 0.0404858299595
907 0.0425101214575
915 0.0445344129555
924 0.0465587044534
940 0.0485829959514
949 0.0506072874494
975 0.0526315789474
997 0.0546558704453
1007 0.0566801619433
1067 0.0587044534413
1102 0.0607287449393
1128 0.0627530364372
1143 0.0647773279352
1187 0.0668016194332
1207 0.0688259109312
1216 0.0708502024291
1217 0.0728744939271
1223 0.0748987854251
1230 0.0769230769231
1247 0.0789473684211
1270 0.080971659919
1272 0.082995951417
1278 0.085020242915
1292 0.087044534413
1303 0.0890688259109
1314 0.0910931174089
1341 0.0931174089069
1356 0.0951417004049
1358 0.0971659919028
1374 0.0991902834008
1377 0.101214574899
1398 0.103238866397
1400 0.105263157895
1418 0.107287449393
1421 0.109311740891
1427 0.111336032389
1436 0.113360323887
1441 0.115384615385
1443 0.117408906883
1444 0.119433198381
1457 0.121457489879
1465 0.123481781377
1466 0.125506072874
1475 0.127530364372
1479 0.12955465587
1481 0.131578947368
1483 0.133603238866
1494 0.137651821862
1494 0.137651821862
1495 0.13967611336
1501 0.141700404858
1502 0.143724696356
1545 0.145748987854
1555 0.147773279352
1570 0.14979757085
1577 0.151821862348
1586 0.153846153846
1590 0.155870445344
1596 0.157894736842
1609 0.15991902834
1612 0.161943319838
1621 0.163967611336
1627 0.165991902834
1629 0.168016194332
1640 0.17004048583
1641 0.172064777328
1642 0.178137651822
1642 0.178137651822
1642 0.178137651822
1644 0.18016194332
1645 0.182186234818
1674 0.184210526316
1693 0.186234817814
1696 0.188259109312
1698 0.19028340081
1703 0.192307692308
1720 0.194331983806
1733 0.196356275304
1738 0.198380566802
1756 0.2004048583
1757 0.202429149798
1764 0.204453441296
1768 0.206477732794
1777 0.210526315789
1777 0.210526315789
1783 0.212550607287
1785 0.214574898785
1788 0.216599190283
1830 0.218623481781
1832 0.220647773279
1837 0.222672064777
1839 0.224696356275
1862 0.226720647773
1866 0.228744939271
1868 0.230769230769
1881 0.232793522267
1882 0.234817813765
1884 0.238866396761
1884 0.238866396761
1887 0.240890688259
1901 0.242914979757
1928 0.244939271255
1930 0.246963562753
1936 0.248987854251
1979 0.251012145749
1980 0.253036437247
1982 0.255060728745
1990 0.257085020243
1997 0.259109311741
2004 0.261133603239
2008 0.263157894737
2021 0.265182186235
2024 0.267206477733
2027 0.269230769231
2030 0.271255060729
2046 0.273279352227
2056 0.275303643725
2064 0.277327935223
2065 0.279352226721
2069 0.283400809717
2069 0.283400809717
2070 0.287449392713
2070 0.287449392713
2071 0.289473684211
2072 0.291497975709
2073 0.293522267206
2074 0.295546558704
2075 0.297570850202
2080 0.2995951417
2089 0.301619433198
2100 0.303643724696
2122 0.305668016194
2123 0.307692307692
2127 0.30971659919
2128 0.311740890688
2137 0.313765182186
2142 0.315789473684
2144 0.317813765182
2152 0.31983805668
2153 0.321862348178
2156 0.323886639676
2162 0.325910931174
2163 0.327935222672
2169 0.32995951417
2176 0.331983805668
2178 0.334008097166
2183 0.336032388664
2189 0.338056680162
2198 0.34008097166
2213 0.342105263158
2218 0.346153846154
2218 0.346153846154
2222 0.348178137652
2223 0.35020242915
2224 0.352226720648
2227 0.354251012146
2228 0.356275303644
2230 0.358299595142
2232 0.36032388664
2245 0.362348178138
2248 0.364372469636
2259 0.366396761134
2263 0.368421052632
2267 0.37044534413
2270 0.372469635628
2271 0.374493927126
2272 0.376518218623
2280 0.378542510121
2281 0.380566801619
2291 0.382591093117
2294 0.386639676113
2294 0.386639676113
2295 0.388663967611
2314 0.392712550607
2314 0.392712550607
2316 0.394736842105
2317 0.396761133603
2372 0.398785425101
2378 0.400809716599
2389 0.402834008097
2391 0.404858299595
2401 0.406882591093
2404 0.408906882591
2413 0.410931174089
2418 0.412955465587
2419 0.414979757085
2435 0.417004048583
2436 0.419028340081
2437 0.421052631579
2438 0.423076923077
2464 0.425101214575
2469 0.427125506073
2475 0.429149797571
2483 0.433198380567
2483 0.433198380567
2486 0.435222672065
2504 0.437246963563
2507 0.439271255061
2514 0.443319838057
2514 0.443319838057
2521 0.445344129555
2528 0.447368421053
2533 0.449392712551
2538 0.451417004049
2544 0.453441295547
2546 0.455465587045
2549 0.457489878543
2554 0.45951417004
2572 0.461538461538
2576 0.463562753036
2581 0.465587044534
2586 0.467611336032
2590 0.46963562753
2596 0.471659919028
2618 0.473684210526
2621 0.475708502024
2623 0.477732793522
2627 0.47975708502
2644 0.481781376518
2645 0.483805668016
2652 0.485829959514
2664 0.487854251012
2680 0.48987854251
2681 0.491902834008
2686 0.493927125506
2697 0.495951417004
2699 0.497975708502
2705 0.5
2721 0.502024291498
2722 0.504048582996
2735 0.506072874494
2773 0.508097165992
2785 0.512145748988
2785 0.512145748988
2786 0.514170040486
2797 0.516194331984
2801 0.518218623482
2804 0.52024291498
2816 0.522267206478
2820 0.524291497976
2839 0.526315789474
2880 0.528340080972
2897 0.53036437247
2899 0.532388663968
2917 0.534412955466
2930 0.538461538462
2930 0.538461538462
2934 0.54048582996
2939 0.542510121457
2951 0.544534412955
2956 0.546558704453
2965 0.548582995951
2987 0.550607287449
2994 0.552631578947
2995 0.554655870445
3002 0.556680161943
3007 0.558704453441
3014 0.560728744939
3033 0.562753036437
3071 0.564777327935
3072 0.566801619433
3073 0.568825910931
3082 0.570850202429
3094 0.572874493927
3095 0.574898785425
3099 0.576923076923
3101 0.578947368421
3104 0.580971659919
3118 0.582995951417
3125 0.585020242915
3143 0.587044534413
3150 0.589068825911
3154 0.591093117409
3169 0.593117408907
3174 0.595141700405
3182 0.597165991903
3199 0.599190283401
3204 0.601214574899
3212 0.603238866397
3221 0.605263157895
3234 0.607287449393
3236 0.609311740891
3243 0.611336032389
3248 0.613360323887
3257 0.615384615385
3260 0.617408906883
3275 0.619433198381
3281 0.621457489879
3289 0.623481781377
3297 0.625506072874
3302 0.627530364372
3307 0.62955465587
3312 0.631578947368
3315 0.633603238866
3346 0.635627530364
3351 0.637651821862
3358 0.63967611336
3366 0.643724696356
3366 0.643724696356
3368 0.645748987854
3371 0.647773279352
3421 0.64979757085
3427 0.651821862348
3436 0.653846153846
3456 0.655870445344
3469 0.657894736842
3480 0.65991902834
3501 0.661943319838
3505 0.663967611336
3510 0.668016194332
3510 0.668016194332
3516 0.67004048583
3528 0.672064777328
3540 0.674089068826
3545 0.676113360324
3552 0.68016194332
3552 0.68016194332
3565 0.682186234818
3583 0.684210526316
3592 0.686234817814
3601 0.688259109312
3602 0.69028340081
3613 0.692307692308
3616 0.694331983806
3632 0.696356275304
3659 0.698380566802
3665 0.7004048583
3671 0.702429149798
3696 0.704453441296
3714 0.706477732794
3744 0.708502024291
3746 0.710526315789
3751 0.712550607287
3765 0.714574898785
3793 0.716599190283
3815 0.718623481781
3854 0.720647773279
3866 0.722672064777
3867 0.724696356275
3887 0.726720647773
3894 0.728744939271
3900 0.730769230769
3902 0.732793522267
3907 0.734817813765
3916 0.736842105263
3923 0.738866396761
3963 0.740890688259
3975 0.742914979757
4004 0.744939271255
4026 0.746963562753
4035 0.748987854251
4052 0.751012145749
4054 0.753036437247
4056 0.755060728745
4064 0.757085020243
4076 0.759109311741
4089 0.761133603239
4097 0.763157894737
4099 0.765182186235
4100 0.767206477733
4108 0.769230769231
4121 0.771255060729
4172 0.773279352227
4188 0.775303643725
4192 0.777327935223
4201 0.779352226721
4214 0.781376518219
4215 0.783400809717
4230 0.785425101215
4264 0.787449392713
4279 0.789473684211
4281 0.791497975709
4307 0.793522267206
4317 0.795546558704
4321 0.797570850202
4329 0.7995951417
4361 0.801619433198
4376 0.803643724696
4391 0.805668016194
4392 0.807692307692
4427 0.80971659919
4430 0.811740890688
4432 0.813765182186
4464 0.815789473684
4488 0.817813765182
4572 0.81983805668
4582 0.821862348178
4588 0.823886639676
4602 0.827935222672
4602 0.827935222672
4639 0.82995951417
4718 0.831983805668
4732 0.834008097166
4757 0.836032388664
4764 0.838056680162
4774 0.84008097166
4781 0.842105263158
4813 0.844129554656
4818 0.846153846154
4843 0.848178137652
4845 0.85020242915
4851 0.852226720648
4855 0.854251012146
4860 0.856275303644
4873 0.858299595142
4876 0.86032388664
4877 0.864372469636
4877 0.864372469636
4903 0.866396761134
4905 0.868421052632
4906 0.87044534413
4929 0.872469635628
4936 0.874493927126
4973 0.876518218623
4982 0.878542510121
4992 0.880566801619
5033 0.882591093117
5075 0.884615384615
5077 0.886639676113
5086 0.888663967611
5182 0.890688259109
5222 0.892712550607
5242 0.894736842105
5243 0.896761133603
5266 0.898785425101
5303 0.900809716599
5359 0.902834008097
5403 0.904858299595
5416 0.906882591093
5434 0.908906882591
5484 0.910931174089
5487 0.912955465587
5495 0.914979757085
5585 0.917004048583
5659 0.919028340081
5671 0.921052631579
5683 0.923076923077
5689 0.925101214575
5696 0.927125506073
5709 0.929149797571
5716 0.931174089069
5727 0.933198380567
5733 0.935222672065
5743 0.937246963563
5776 0.939271255061
5914 0.941295546559
5962 0.943319838057
6033 0.945344129555
6087 0.947368421053
6223 0.949392712551
6345 0.951417004049
6358 0.953441295547
6421 0.955465587045
6429 0.957489878543
6446 0.95951417004
6531 0.961538461538
6535 0.963562753036
6624 0.965587044534
6792 0.967611336032
6898 0.96963562753
6903 0.971659919028
6942 0.973684210526
7093 0.975708502024
7134 0.977732793522
7420 0.97975708502
7558 0.981781376518
7655 0.983805668016
7734 0.985829959514
8342 0.987854251012
8480 0.98987854251
8621 0.991902834008
9572 0.993927125506
12157 0.995951417004
12790 0.997975708502
38889 1.0
