31 0.00202839756592
370 0.00405679513185
820 0.00608519269777
826 0.00811359026369
842 0.0101419878296
880 0.0121703853955
944 0.0141987829615
1068 0.0162271805274
1283 0.0182555780933
1373 0.0202839756592
1538 0.0223123732252
1588 0.0243407707911
1612 0.026369168357
1644 0.0283975659229
1731 0.0304259634888
1757 0.0324543610548
1767 0.0344827586207
1817 0.0365111561866
1974 0.0385395537525
2058 0.0405679513185
2084 0.0425963488844
2159 0.0446247464503
2399 0.0466531440162
2572 0.0486815415822
2640 0.0507099391481
2747 0.052738336714
2757 0.0547667342799
2799 0.0567951318458
2825 0.0608519269777
2825 0.0608519269777
2843 0.0628803245436
2852 0.0649087221095
2889 0.0669371196755
3103 0.0689655172414
3185 0.0709939148073
3240 0.0730223123732
3318 0.0750507099391
3531 0.0770791075051
3583 0.079107505071
3589 0.0811359026369
3628 0.0831643002028
3639 0.0851926977688
3667 0.0872210953347
3683 0.0892494929006
3726 0.0912778904665
3861 0.0933062880325
3868 0.0953346855984
3987 0.0973630831643
4033 0.0993914807302
4044 0.101419878296
4087 0.103448275862
4120 0.105476673428
4130 0.107505070994
4131 0.10953346856
4246 0.111561866126
4262 0.113590263692
4291 0.115618661258
4296 0.117647058824
4309 0.119675456389
4345 0.121703853955
4386 0.123732251521
4399 0.125760649087
4522 0.127789046653
4543 0.129817444219
4544 0.131845841785
4552 0.133874239351
4625 0.135902636917
4639 0.137931034483
4660 0.139959432049
4730 0.141987829615
4757 0.144016227181
4814 0.146044624746
4826 0.148073022312
4873 0.150101419878
4884 0.152129817444
4961 0.15415821501
4975 0.156186612576
4982 0.158215010142
4992 0.160243407708
4995 0.162271805274
5013 0.16430020284
5079 0.166328600406
5080 0.168356997972
5116 0.170385395538
5273 0.172413793103
5305 0.174442190669
5307 0.176470588235
5349 0.178498985801
5378 0.180527383367
5426 0.182555780933
5438 0.184584178499
5456 0.186612576065
5479 0.188640973631
5500 0.190669371197
5512 0.192697768763
5546 0.194726166329
5602 0.196754563895
5628 0.19878296146
5671 0.200811359026
5805 0.202839756592
5848 0.204868154158
5855 0.206896551724
5880 0.20892494929
5903 0.210953346856
5967 0.212981744422
6009 0.215010141988
6031 0.217038539554
6054 0.21906693712
6144 0.221095334686
6174 0.223123732252
6176 0.225152129817
6240 0.227180527383
6297 0.229208924949
6329 0.231237322515
6348 0.233265720081
6399 0.235294117647
6473 0.237322515213
6476 0.239350912779
6506 0.241379310345
6523 0.245436105477
6523 0.245436105477
6533 0.247464503043
6553 0.249492900609
6661 0.251521298174
6770 0.25354969574
6836 0.255578093306
6862 0.257606490872
6907 0.259634888438
6908 0.261663286004
6952 0.26369168357
6960 0.265720081136
6998 0.267748478702
7077 0.269776876268
7167 0.271805273834
7201 0.2738336714
7203 0.275862068966
7272 0.277890466531
7296 0.279918864097
7299 0.281947261663
7377 0.283975659229
7458 0.286004056795
7482 0.288032454361
7503 0.290060851927
7519 0.292089249493
7530 0.294117647059
7637 0.296146044625
7655 0.298174442191
7658 0.300202839757
7672 0.302231237323
7703 0.304259634888
7704 0.306288032454
7708 0.30831643002
7714 0.310344827586
7742 0.312373225152
7898 0.314401622718
7965 0.316430020284
7983 0.31845841785
8034 0.320486815416
8039 0.322515212982
8094 0.324543610548
8113 0.326572008114
8228 0.32860040568
8250 0.330628803245
8265 0.332657200811
8289 0.334685598377
8341 0.336713995943
8350 0.338742393509
8380 0.340770791075
8413 0.342799188641
8450 0.344827586207
8467 0.346855983773
8490 0.348884381339
8493 0.350912778905
8534 0.352941176471
8544 0.354969574037
8579 0.356997971602
8635 0.359026369168
8703 0.361054766734
8734 0.3630831643
8739 0.365111561866
8748 0.367139959432
8822 0.369168356998
8948 0.371196754564
8962 0.37322515213
8973 0.375253549696
8997 0.377281947262
9066 0.379310344828
9110 0.383367139959
9110 0.383367139959
9115 0.385395537525
9223 0.387423935091
9243 0.389452332657
9278 0.391480730223
9346 0.393509127789
9363 0.395537525355
9515 0.397565922921
9554 0.399594320487
9557 0.401622718053
9570 0.403651115619
9644 0.405679513185
9679 0.407707910751
9691 0.409736308316
9733 0.411764705882
9735 0.413793103448
9742 0.415821501014
9781 0.41784989858
9794 0.419878296146
9827 0.421906693712
9904 0.423935091278
10001 0.425963488844
10033 0.42799188641
10094 0.430020283976
10126 0.432048681542
10190 0.436105476673
10190 0.436105476673
10239 0.438133874239
10240 0.440162271805
10241 0.442190669371
10253 0.444219066937
10269 0.446247464503
10359 0.448275862069
10394 0.450304259635
10404 0.452332657201
10446 0.454361054767
10527 0.456389452333
10568 0.458417849899
10589 0.460446247465
10681 0.46247464503
10687 0.464503042596
10730 0.466531440162
10760 0.468559837728
10894 0.470588235294
10949 0.47261663286
10958 0.474645030426
10973 0.476673427992
11002 0.478701825558
11050 0.480730223124
11114 0.48275862069
11152 0.484787018256
11181 0.486815415822
11286 0.488843813387
11291 0.490872210953
11503 0.492900608519
11551 0.494929006085
11627 0.496957403651
11639 0.498985801217
11644 0.501014198783
11699 0.503042596349
11743 0.505070993915
11771 0.507099391481
11782 0.509127789047
11879 0.511156186613
11887 0.513184584178
11913 0.515212981744
12084 0.51724137931
12094 0.519269776876
12118 0.521298174442
12146 0.523326572008
12154 0.525354969574
12243 0.52738336714
12300 0.529411764706
12363 0.531440162272
12478 0.533468559838
12518 0.535496957404
12546 0.53752535497
12647 0.539553752535
12676 0.541582150101
12784 0.543610547667
12815 0.545638945233
12868 0.547667342799
12970 0.549695740365
13032 0.551724137931
13033 0.553752535497
13035 0.555780933063
13119 0.557809330629
13211 0.559837728195
13220 0.561866125761
13278 0.563894523327
13320 0.565922920892
13330 0.567951318458
13366 0.569979716024
13385 0.57200811359
13408 0.574036511156
13419 0.576064908722
13429 0.578093306288
13454 0.580121703854
13590 0.58215010142
13644 0.584178498986
13663 0.586206896552
13697 0.588235294118
13783 0.590263691684
13819 0.592292089249
13854 0.594320486815
14005 0.596348884381
14087 0.598377281947
14103 0.600405679513
14270 0.602434077079
14352 0.604462474645
14485 0.606490872211
14529 0.608519269777
14560 0.610547667343
14621 0.612576064909
14848 0.614604462475
14954 0.616632860041
14983 0.618661257606
15004 0.620689655172
15125 0.622718052738
15343 0.624746450304
15411 0.62677484787
15462 0.628803245436
15515 0.630831643002
15518 0.632860040568
15531 0.634888438134
15684 0.6369168357
15746 0.638945233266
15781 0.640973630832
15853 0.643002028398
15938 0.645030425963
15940 0.647058823529
16226 0.649087221095
16283 0.651115618661
16358 0.653144016227
16388 0.655172413793
16467 0.657200811359
16480 0.659229208925
16785 0.661257606491
16883 0.663286004057
17030 0.665314401623
17037 0.667342799189
17092 0.669371196755
17234 0.67139959432
17302 0.673427991886
17354 0.675456389452
17421 0.677484787018
17545 0.679513184584
17674 0.68154158215
17891 0.683569979716
17952 0.685598377282
17976 0.687626774848
17989 0.689655172414
18079 0.69168356998
18181 0.693711967546
18223 0.695740365112
18244 0.697768762677
18341 0.699797160243
18575 0.701825557809
18936 0.703853955375
19026 0.705882352941
19675 0.707910750507
20121 0.709939148073
20279 0.711967545639
20645 0.713995943205
20674 0.716024340771
20730 0.718052738337
20913 0.720081135903
21161 0.722109533469
21269 0.724137931034
21333 0.7261663286
21713 0.728194726166
21835 0.730223123732
22446 0.732251521298
22586 0.734279918864
22702 0.73630831643
23297 0.738336713996
23598 0.740365111562
23717 0.742393509128
23789 0.744421906694
23940 0.74645030426
24059 0.748478701826
24423 0.750507099391
24647 0.752535496957
24958 0.754563894523
25277 0.756592292089
25543 0.758620689655
25576 0.760649087221
25818 0.762677484787
26373 0.764705882353
26424 0.766734279919
26638 0.768762677485
27199 0.770791075051
27270 0.772819472617
27622 0.774847870183
28125 0.776876267748
28833 0.778904665314
28910 0.78093306288
29481 0.782961460446
29892 0.784989858012
30110 0.787018255578
30111 0.789046653144
30293 0.79107505071
30574 0.793103448276
30693 0.795131845842
30721 0.797160243408
30742 0.799188640974
31765 0.80121703854
32024 0.803245436105
32200 0.805273833671
32940 0.807302231237
33047 0.809330628803
33258 0.811359026369
33354 0.813387423935
33418 0.815415821501
33433 0.817444219067
33712 0.819472616633
33970 0.821501014199
34550 0.823529411765
34638 0.825557809331
34694 0.827586206897
36041 0.829614604462
36543 0.831643002028
38396 0.833671399594
39499 0.83569979716
39888 0.837728194726
39900 0.839756592292
40148 0.841784989858
41246 0.843813387424
41908 0.84584178499
42374 0.847870182556
44319 0.849898580122
44751 0.851926977688
45008 0.853955375254
45494 0.855983772819
46366 0.858012170385
46924 0.860040567951
47496 0.862068965517
47612 0.864097363083
47716 0.866125760649
48061 0.868154158215
48105 0.870182555781
48565 0.872210953347
48785 0.874239350913
50088 0.876267748479
50195 0.878296146045
50212 0.880324543611
50353 0.882352941176
52884 0.884381338742
52986 0.886409736308
53913 0.888438133874
54240 0.89046653144
54504 0.892494929006
55836 0.894523326572
57159 0.896551724138
59014 0.898580121704
59237 0.90060851927
60178 0.902636916836
61671 0.904665314402
62483 0.906693711968
62863 0.908722109533
63745 0.910750507099
64222 0.912778904665
65712 0.914807302231
65926 0.916835699797
66385 0.918864097363
66769 0.920892494929
69349 0.922920892495
70977 0.924949290061
71103 0.926977687627
71133 0.929006085193
71516 0.931034482759
71636 0.933062880325
76330 0.93509127789
80260 0.937119675456
85589 0.939148073022
87813 0.941176470588
89920 0.943204868154
91457 0.94523326572
91571 0.947261663286
93010 0.949290060852
93520 0.951318458418
94160 0.953346855984
95339 0.95537525355
95731 0.957403651116
96559 0.959432048682
96651 0.961460446247
97356 0.963488843813
98487 0.965517241379
98541 0.967545638945
100594 0.969574036511
103150 0.971602434077
105775 0.973630831643
107973 0.975659229209
111771 0.977687626775
118164 0.979716024341
119097 0.981744421907
121477 0.983772819473
127590 0.985801217039
131160 0.987829614604
135891 0.98985801217
148687 0.991886409736
154122 0.993914807302
157982 0.995943204868
189924 0.997971602434
209189 1.0
