33 0.00202839756592
738 0.00405679513185
1036 0.00608519269777
1190 0.00811359026369
1398 0.0101419878296
1440 0.0121703853955
1600 0.0141987829615
1900 0.0162271805274
2176 0.0202839756592
2176 0.0202839756592
2272 0.0223123732252
2333 0.0243407707911
2345 0.026369168357
2383 0.0283975659229
2423 0.0304259634888
2564 0.0324543610548
2656 0.0344827586207
2769 0.0365111561866
2808 0.0385395537525
2916 0.0405679513185
3128 0.0425963488844
3221 0.0446247464503
3279 0.0466531440162
3298 0.0486815415822
3388 0.0507099391481
3568 0.052738336714
3616 0.0547667342799
3623 0.0567951318458
3635 0.0588235294118
3656 0.0608519269777
3888 0.0628803245436
3989 0.0649087221095
4059 0.0669371196755
4071 0.0689655172414
4128 0.0709939148073
4130 0.0730223123732
4231 0.0750507099391
4266 0.0770791075051
4281 0.079107505071
4337 0.0811359026369
4463 0.0831643002028
4470 0.0851926977688
4471 0.0872210953347
4520 0.0892494929006
4557 0.0912778904665
4619 0.0933062880325
4713 0.0953346855984
4720 0.0973630831643
4789 0.0993914807302
4794 0.101419878296
4802 0.103448275862
4806 0.105476673428
4832 0.107505070994
4952 0.10953346856
4970 0.111561866126
4972 0.113590263692
5039 0.115618661258
5117 0.117647058824
5183 0.119675456389
5220 0.121703853955
5314 0.123732251521
5341 0.125760649087
5353 0.127789046653
5427 0.129817444219
5471 0.131845841785
5477 0.133874239351
5543 0.135902636917
5615 0.137931034483
5671 0.139959432049
5713 0.141987829615
5725 0.144016227181
5734 0.146044624746
5752 0.148073022312
5910 0.150101419878
5947 0.152129817444
6030 0.15415821501
6035 0.156186612576
6060 0.158215010142
6088 0.160243407708
6102 0.162271805274
6121 0.16430020284
6124 0.166328600406
6140 0.168356997972
6185 0.170385395538
6190 0.172413793103
6205 0.174442190669
6221 0.176470588235
6235 0.178498985801
6270 0.180527383367
6286 0.182555780933
6290 0.184584178499
6359 0.186612576065
6367 0.188640973631
6404 0.190669371197
6439 0.192697768763
6448 0.194726166329
6475 0.196754563895
6496 0.19878296146
6545 0.200811359026
6547 0.202839756592
6558 0.204868154158
6596 0.206896551724
6630 0.20892494929
6637 0.210953346856
6662 0.212981744422
6734 0.215010141988
6748 0.217038539554
6751 0.21906693712
6765 0.221095334686
6783 0.223123732252
6785 0.225152129817
6794 0.227180527383
6795 0.229208924949
6850 0.231237322515
6861 0.233265720081
6941 0.235294117647
7024 0.237322515213
7060 0.239350912779
7068 0.241379310345
7070 0.243407707911
7077 0.245436105477
7080 0.247464503043
7089 0.249492900609
7093 0.251521298174
7107 0.25354969574
7160 0.255578093306
7185 0.257606490872
7192 0.259634888438
7256 0.261663286004
7290 0.26369168357
7310 0.265720081136
7374 0.267748478702
7382 0.269776876268
7426 0.271805273834
7439 0.2738336714
7458 0.275862068966
7494 0.277890466531
7516 0.279918864097
7523 0.281947261663
7562 0.283975659229
7581 0.286004056795
7589 0.288032454361
7591 0.290060851927
7618 0.292089249493
7633 0.294117647059
7643 0.296146044625
7689 0.298174442191
7726 0.300202839757
7730 0.302231237323
7740 0.304259634888
7755 0.306288032454
7760 0.30831643002
7793 0.310344827586
7796 0.312373225152
7827 0.314401622718
7865 0.316430020284
7869 0.31845841785
7882 0.320486815416
7894 0.322515212982
7916 0.324543610548
7929 0.326572008114
7967 0.32860040568
7970 0.330628803245
7978 0.332657200811
8041 0.334685598377
8084 0.336713995943
8085 0.338742393509
8100 0.340770791075
8118 0.342799188641
8129 0.344827586207
8138 0.346855983773
8161 0.348884381339
8217 0.350912778905
8236 0.352941176471
8286 0.354969574037
8330 0.356997971602
8367 0.359026369168
8374 0.361054766734
8449 0.3630831643
8485 0.365111561866
8495 0.367139959432
8504 0.369168356998
8538 0.371196754564
8560 0.37322515213
8654 0.375253549696
8666 0.377281947262
8671 0.379310344828
8672 0.381338742394
8674 0.383367139959
8733 0.385395537525
8745 0.387423935091
8757 0.389452332657
8815 0.391480730223
8836 0.393509127789
8852 0.395537525355
9008 0.397565922921
9030 0.399594320487
9052 0.401622718053
9058 0.403651115619
9075 0.407707910751
9075 0.407707910751
9153 0.409736308316
9330 0.411764705882
9346 0.413793103448
9374 0.415821501014
9379 0.419878296146
9379 0.419878296146
9408 0.421906693712
9526 0.423935091278
9532 0.425963488844
9545 0.42799188641
9548 0.430020283976
9593 0.432048681542
9594 0.434077079108
9604 0.436105476673
9612 0.438133874239
9637 0.440162271805
9692 0.442190669371
9771 0.444219066937
9772 0.446247464503
9795 0.448275862069
9809 0.450304259635
9856 0.452332657201
9913 0.454361054767
9941 0.456389452333
10026 0.458417849899
10109 0.460446247465
10145 0.46247464503
10154 0.464503042596
10194 0.466531440162
10205 0.468559837728
10286 0.470588235294
10290 0.47261663286
10291 0.474645030426
10314 0.476673427992
10318 0.478701825558
10375 0.480730223124
10390 0.48275862069
10391 0.484787018256
10519 0.486815415822
10528 0.488843813387
10545 0.490872210953
10586 0.492900608519
10593 0.494929006085
10629 0.496957403651
10647 0.498985801217
10650 0.501014198783
10673 0.503042596349
10676 0.505070993915
10694 0.507099391481
10717 0.509127789047
10722 0.511156186613
10733 0.513184584178
10737 0.515212981744
10745 0.51724137931
10752 0.519269776876
10783 0.521298174442
10852 0.523326572008
10879 0.525354969574
10910 0.52738336714
10915 0.529411764706
10954 0.531440162272
10958 0.533468559838
10959 0.535496957404
10962 0.53752535497
11067 0.539553752535
11099 0.541582150101
11109 0.543610547667
11157 0.545638945233
11189 0.547667342799
11207 0.549695740365
11234 0.551724137931
11268 0.553752535497
11307 0.555780933063
11341 0.557809330629
11415 0.559837728195
11419 0.561866125761
11441 0.563894523327
11480 0.565922920892
11589 0.567951318458
11652 0.569979716024
11666 0.57200811359
11673 0.574036511156
11707 0.576064908722
11748 0.578093306288
11776 0.580121703854
11809 0.58215010142
11844 0.584178498986
11865 0.586206896552
11890 0.588235294118
11914 0.590263691684
11938 0.592292089249
11958 0.594320486815
11974 0.596348884381
12073 0.598377281947
12105 0.600405679513
12133 0.602434077079
12156 0.604462474645
12162 0.606490872211
12188 0.608519269777
12280 0.610547667343
12343 0.612576064909
12370 0.614604462475
12432 0.616632860041
12469 0.618661257606
12495 0.620689655172
12550 0.622718052738
12623 0.624746450304
12669 0.62677484787
12710 0.628803245436
12721 0.630831643002
12769 0.632860040568
12818 0.634888438134
12873 0.6369168357
12891 0.638945233266
12924 0.640973630832
12926 0.643002028398
12941 0.645030425963
12979 0.647058823529
12989 0.649087221095
13005 0.651115618661
13010 0.653144016227
13067 0.655172413793
13117 0.657200811359
13139 0.659229208925
13162 0.661257606491
13174 0.663286004057
13188 0.665314401623
13233 0.667342799189
13265 0.669371196755
13288 0.67139959432
13313 0.673427991886
13314 0.675456389452
13366 0.677484787018
13398 0.679513184584
13457 0.68154158215
13567 0.683569979716
13617 0.685598377282
13655 0.687626774848
13758 0.689655172414
13804 0.69168356998
13844 0.693711967546
14004 0.695740365112
14019 0.697768762677
14023 0.699797160243
14049 0.701825557809
14134 0.703853955375
14235 0.705882352941
14273 0.707910750507
14386 0.709939148073
14420 0.711967545639
14554 0.713995943205
14556 0.716024340771
14768 0.718052738337
14852 0.720081135903
15032 0.722109533469
15126 0.724137931034
15145 0.7261663286
15153 0.728194726166
15218 0.730223123732
15255 0.732251521298
15347 0.734279918864
15407 0.73630831643
15430 0.738336713996
15443 0.740365111562
15531 0.742393509128
15657 0.744421906694
15691 0.74645030426
15716 0.748478701826
15768 0.750507099391
15770 0.752535496957
15851 0.754563894523
15865 0.756592292089
15870 0.758620689655
15890 0.760649087221
16002 0.762677484787
16058 0.764705882353
16096 0.766734279919
16134 0.768762677485
16141 0.770791075051
16155 0.772819472617
16188 0.774847870183
16256 0.776876267748
16296 0.778904665314
16308 0.78093306288
16447 0.782961460446
16634 0.784989858012
16821 0.787018255578
16832 0.789046653144
16914 0.79107505071
17121 0.793103448276
17223 0.795131845842
17291 0.797160243408
17355 0.799188640974
17460 0.80121703854
17654 0.803245436105
17686 0.805273833671
17805 0.807302231237
17875 0.809330628803
17896 0.811359026369
17906 0.813387423935
18040 0.815415821501
18266 0.817444219067
18355 0.819472616633
18359 0.821501014199
18540 0.823529411765
18641 0.825557809331
18864 0.827586206897
19139 0.829614604462
19238 0.831643002028
19309 0.833671399594
19430 0.83569979716
19557 0.837728194726
19577 0.839756592292
19590 0.841784989858
19958 0.843813387424
20026 0.84584178499
20139 0.847870182556
20471 0.849898580122
20766 0.851926977688
20798 0.853955375254
20943 0.855983772819
21849 0.858012170385
21951 0.860040567951
22071 0.862068965517
22172 0.864097363083
22444 0.866125760649
22570 0.868154158215
23010 0.870182555781
23050 0.872210953347
23084 0.874239350913
23278 0.876267748479
23481 0.878296146045
23622 0.880324543611
23793 0.882352941176
24245 0.884381338742
24399 0.886409736308
24405 0.888438133874
24593 0.89046653144
24594 0.892494929006
24785 0.894523326572
25262 0.896551724138
25406 0.898580121704
26038 0.90060851927
26236 0.902636916836
26438 0.904665314402
26985 0.906693711968
27357 0.908722109533
27365 0.910750507099
27636 0.912778904665
27703 0.914807302231
27765 0.916835699797
27935 0.918864097363
28091 0.920892494929
29568 0.922920892495
29654 0.924949290061
29803 0.926977687627
30350 0.929006085193
31481 0.931034482759
31620 0.933062880325
31954 0.93509127789
32842 0.937119675456
33035 0.939148073022
33125 0.941176470588
33509 0.943204868154
33923 0.94523326572
35860 0.947261663286
37386 0.949290060852
39242 0.953346855984
39242 0.953346855984
40069 0.95537525355
41141 0.957403651116
45033 0.959432048682
45925 0.961460446247
46071 0.963488843813
46906 0.965517241379
48416 0.967545638945
51184 0.969574036511
51415 0.971602434077
51755 0.973630831643
52173 0.975659229209
58107 0.977687626775
61261 0.979716024341
62756 0.981744421907
62788 0.983772819473
66648 0.985801217039
69052 0.987829614604
73439 0.98985801217
80304 0.991886409736
83585 0.993914807302
87702 0.995943204868
98327 0.997971602434
468386 1.0
