29 0.00202429149798
813 0.00404858299595
1086 0.00607287449393
1316 0.0080971659919
1551 0.0101214574899
1571 0.0121457489879
1777 0.0141700404858
2028 0.0161943319838
2033 0.0182186234818
2086 0.0202429149798
2270 0.0222672064777
2353 0.0242914979757
2402 0.0263157894737
2405 0.0283400809717
2539 0.0303643724696
2561 0.0323886639676
2574 0.0344129554656
2577 0.0364372469636
2580 0.0384615384615
2581 0.0404858299595
2617 0.0425101214575
2673 0.0445344129555
2757 0.0465587044534
2784 0.0485829959514
2991 0.0506072874494
3062 0.0526315789474
3097 0.0546558704453
3201 0.0566801619433
3345 0.0587044534413
3348 0.0607287449393
3386 0.0627530364372
3390 0.0647773279352
3544 0.0688259109312
3544 0.0688259109312
3583 0.0708502024291
3639 0.0728744939271
3652 0.0748987854251
3700 0.0769230769231
3774 0.0789473684211
3790 0.080971659919
3902 0.082995951417
3942 0.085020242915
3976 0.087044534413
3985 0.0890688259109
3994 0.0910931174089
4005 0.0931174089069
4008 0.0951417004049
4036 0.0971659919028
4157 0.0991902834008
4170 0.103238866397
4170 0.103238866397
4197 0.105263157895
4215 0.107287449393
4253 0.109311740891
4288 0.111336032389
4296 0.113360323887
4301 0.115384615385
4337 0.117408906883
4338 0.119433198381
4339 0.121457489879
4352 0.123481781377
4372 0.125506072874
4385 0.127530364372
4405 0.12955465587
4409 0.131578947368
4417 0.133603238866
4422 0.135627530364
4434 0.137651821862
4436 0.13967611336
4443 0.141700404858
4444 0.143724696356
4458 0.145748987854
4479 0.147773279352
4490 0.14979757085
4496 0.151821862348
4513 0.153846153846
4536 0.155870445344
4540 0.157894736842
4544 0.15991902834
4600 0.161943319838
4603 0.163967611336
4605 0.165991902834
4611 0.168016194332
4620 0.17004048583
4670 0.172064777328
4699 0.174089068826
4743 0.176113360324
4780 0.178137651822
4813 0.18016194332
4816 0.182186234818
4826 0.184210526316
4847 0.186234817814
4855 0.188259109312
4899 0.19028340081
4900 0.192307692308
4915 0.194331983806
4933 0.196356275304
4995 0.198380566802
5028 0.2004048583
5031 0.202429149798
5064 0.204453441296
5078 0.206477732794
5084 0.208502024291
5124 0.210526315789
5132 0.212550607287
5139 0.216599190283
5139 0.216599190283
5165 0.218623481781
5173 0.220647773279
5200 0.222672064777
5209 0.224696356275
5226 0.226720647773
5263 0.228744939271
5282 0.230769230769
5291 0.232793522267
5309 0.234817813765
5324 0.236842105263
5343 0.238866396761
5349 0.240890688259
5363 0.242914979757
5390 0.244939271255
5480 0.246963562753
5501 0.248987854251
5526 0.251012145749
5527 0.253036437247
5530 0.255060728745
5532 0.257085020243
5544 0.259109311741
5556 0.261133603239
5559 0.263157894737
5562 0.265182186235
5563 0.267206477733
5576 0.269230769231
5594 0.271255060729
5602 0.273279352227
5616 0.275303643725
5631 0.277327935223
5642 0.279352226721
5664 0.281376518219
5669 0.283400809717
5675 0.285425101215
5708 0.287449392713
5712 0.289473684211
5753 0.291497975709
5774 0.293522267206
5862 0.295546558704
5863 0.297570850202
5889 0.2995951417
5905 0.301619433198
5951 0.303643724696
5968 0.305668016194
5971 0.307692307692
5977 0.30971659919
6011 0.311740890688
6013 0.313765182186
6015 0.315789473684
6036 0.317813765182
6063 0.31983805668
6072 0.321862348178
6073 0.323886639676
6083 0.325910931174
6089 0.327935222672
6098 0.32995951417
6106 0.331983805668
6127 0.334008097166
6143 0.336032388664
6171 0.338056680162
6172 0.34008097166
6206 0.342105263158
6238 0.344129554656
6252 0.346153846154
6279 0.348178137652
6323 0.35020242915
6326 0.352226720648
6343 0.354251012146
6355 0.356275303644
6407 0.358299595142
6445 0.36032388664
6466 0.362348178138
6475 0.364372469636
6505 0.366396761134
6512 0.368421052632
6524 0.37044534413
6530 0.372469635628
6584 0.374493927126
6613 0.376518218623
6683 0.378542510121
6689 0.380566801619
6752 0.382591093117
6757 0.384615384615
6764 0.386639676113
6778 0.388663967611
6789 0.390688259109
6791 0.392712550607
6800 0.394736842105
6824 0.396761133603
6833 0.398785425101
6835 0.400809716599
6848 0.402834008097
6861 0.404858299595
6906 0.406882591093
6910 0.408906882591
6915 0.410931174089
6924 0.412955465587
6939 0.414979757085
6951 0.417004048583
6986 0.419028340081
6988 0.421052631579
7002 0.423076923077
7009 0.425101214575
7027 0.427125506073
7044 0.429149797571
7084 0.431174089069
7127 0.433198380567
7136 0.435222672065
7176 0.437246963563
7177 0.439271255061
7183 0.441295546559
7198 0.443319838057
7202 0.445344129555
7215 0.449392712551
7215 0.449392712551
7242 0.451417004049
7258 0.453441295547
7318 0.455465587045
7343 0.457489878543
7364 0.45951417004
7398 0.461538461538
7419 0.463562753036
7431 0.465587044534
7481 0.467611336032
7486 0.46963562753
7494 0.471659919028
7500 0.473684210526
7507 0.475708502024
7537 0.477732793522
7565 0.47975708502
7567 0.481781376518
7575 0.483805668016
7589 0.485829959514
7592 0.487854251012
7606 0.48987854251
7615 0.491902834008
7629 0.493927125506
7633 0.495951417004
7677 0.497975708502
7694 0.5
7702 0.502024291498
7709 0.504048582996
7715 0.506072874494
7750 0.508097165992
7755 0.51012145749
7776 0.512145748988
7789 0.514170040486
7797 0.516194331984
7819 0.518218623482
7833 0.52024291498
7858 0.522267206478
7876 0.524291497976
7879 0.526315789474
7888 0.528340080972
7893 0.53036437247
7899 0.532388663968
7927 0.534412955466
7948 0.538461538462
7948 0.538461538462
7966 0.54048582996
7993 0.542510121457
8004 0.544534412955
8020 0.546558704453
8025 0.548582995951
8059 0.550607287449
8087 0.552631578947
8092 0.554655870445
8100 0.556680161943
8101 0.558704453441
8158 0.560728744939
8177 0.562753036437
8188 0.564777327935
8196 0.566801619433
8210 0.568825910931
8219 0.570850202429
8229 0.572874493927
8267 0.574898785425
8275 0.576923076923
8334 0.578947368421
8344 0.580971659919
8376 0.582995951417
8384 0.585020242915
8404 0.587044534413
8411 0.589068825911
8426 0.591093117409
8431 0.593117408907
8436 0.595141700405
8442 0.597165991903
8449 0.599190283401
8458 0.601214574899
8508 0.603238866397
8544 0.605263157895
8593 0.607287449393
8595 0.609311740891
8614 0.611336032389
8672 0.613360323887
8724 0.615384615385
8749 0.617408906883
8767 0.619433198381
8800 0.621457489879
8811 0.623481781377
8853 0.625506072874
8875 0.627530364372
8895 0.62955465587
8919 0.631578947368
8942 0.633603238866
8958 0.635627530364
9002 0.637651821862
9027 0.63967611336
9050 0.641700404858
9085 0.643724696356
9091 0.645748987854
9140 0.647773279352
9194 0.64979757085
9207 0.651821862348
9238 0.653846153846
9260 0.655870445344
9270 0.657894736842
9299 0.65991902834
9356 0.661943319838
9368 0.663967611336
9373 0.665991902834
9389 0.668016194332
9440 0.67004048583
9459 0.672064777328
9464 0.674089068826
9487 0.676113360324
9494 0.678137651822
9533 0.68016194332
9537 0.682186234818
9576 0.684210526316
9619 0.686234817814
9622 0.688259109312
9647 0.69028340081
9664 0.692307692308
9670 0.694331983806
9671 0.696356275304
9672 0.698380566802
9696 0.7004048583
9748 0.702429149798
9776 0.704453441296
9777 0.706477732794
9794 0.708502024291
9875 0.710526315789
9879 0.712550607287
9885 0.714574898785
9921 0.716599190283
9932 0.718623481781
9985 0.720647773279
10007 0.722672064777
10010 0.724696356275
10018 0.726720647773
10068 0.728744939271
10076 0.730769230769
10089 0.732793522267
10139 0.734817813765
10164 0.736842105263
10230 0.738866396761
10240 0.740890688259
10245 0.742914979757
10371 0.744939271255
10403 0.746963562753
10415 0.748987854251
10422 0.751012145749
10452 0.753036437247
10460 0.755060728745
10499 0.757085020243
10590 0.759109311741
10613 0.761133603239
10614 0.763157894737
10627 0.765182186235
10628 0.767206477733
10681 0.769230769231
10727 0.771255060729
10845 0.773279352227
10859 0.775303643725
10866 0.777327935223
10940 0.779352226721
10950 0.781376518219
10965 0.783400809717
10966 0.785425101215
11001 0.787449392713
11069 0.789473684211
11137 0.791497975709
11172 0.793522267206
11216 0.795546558704
11252 0.797570850202
11341 0.7995951417
11356 0.801619433198
11365 0.803643724696
11434 0.805668016194
11489 0.807692307692
11519 0.80971659919
11542 0.811740890688
11547 0.813765182186
11593 0.815789473684
11713 0.817813765182
11718 0.81983805668
11722 0.821862348178
11724 0.823886639676
11748 0.825910931174
11862 0.827935222672
11889 0.82995951417
11921 0.831983805668
11985 0.834008097166
12003 0.836032388664
12157 0.838056680162
12203 0.84008097166
12269 0.842105263158
12274 0.844129554656
12294 0.846153846154
12367 0.848178137652
12450 0.85020242915
12494 0.852226720648
12506 0.854251012146
12508 0.856275303644
12528 0.858299595142
12612 0.86032388664
12638 0.862348178138
12721 0.864372469636
12771 0.866396761134
12776 0.868421052632
12778 0.87044534413
12805 0.872469635628
12930 0.874493927126
12963 0.876518218623
13038 0.878542510121
13128 0.880566801619
13223 0.882591093117
13347 0.884615384615
13372 0.886639676113
13540 0.888663967611
13617 0.890688259109
13618 0.892712550607
13621 0.894736842105
13654 0.896761133603
13960 0.898785425101
13962 0.900809716599
14014 0.902834008097
14027 0.904858299595
14223 0.906882591093
14287 0.908906882591
14405 0.910931174089
14917 0.912955465587
15012 0.914979757085
15020 0.917004048583
15038 0.919028340081
15154 0.921052631579
15194 0.923076923077
15203 0.925101214575
15387 0.927125506073
15457 0.929149797571
15553 0.931174089069
15575 0.933198380567
15915 0.935222672065
15963 0.937246963563
16103 0.939271255061
16257 0.941295546559
16261 0.943319838057
16335 0.945344129555
16682 0.947368421053
16691 0.949392712551
16745 0.951417004049
16756 0.953441295547
17056 0.955465587045
17065 0.957489878543
17570 0.95951417004
17612 0.961538461538
17698 0.963562753036
17782 0.965587044534
17989 0.967611336032
18123 0.96963562753
18362 0.971659919028
18709 0.973684210526
19131 0.975708502024
19263 0.977732793522
19281 0.97975708502
19724 0.981781376518
20203 0.983805668016
21105 0.985829959514
21367 0.987854251012
21473 0.98987854251
21765 0.991902834008
21878 0.993927125506
27081 0.995951417004
34237 0.997975708502
43851 1.0
