28 0.00202839756592
995 0.00405679513185
1290 0.00608519269777
1623 0.00811359026369
1886 0.0101419878296
1931 0.0121703853955
2204 0.0141987829615
2527 0.0162271805274
2539 0.0182555780933
2645 0.0202839756592
2873 0.0223123732252
2875 0.0243407707911
2891 0.026369168357
2893 0.0283975659229
2927 0.0304259634888
3130 0.0324543610548
3133 0.0344827586207
3140 0.0365111561866
3169 0.0385395537525
3172 0.0405679513185
3246 0.0425963488844
3342 0.0446247464503
3350 0.0466531440162
3437 0.0486815415822
3456 0.0507099391481
3771 0.052738336714
3786 0.0547667342799
3827 0.0567951318458
3899 0.0588235294118
4102 0.0608519269777
4108 0.0628803245436
4146 0.0649087221095
4395 0.0669371196755
4422 0.0689655172414
4428 0.0709939148073
4472 0.0730223123732
4482 0.0750507099391
4512 0.0770791075051
4551 0.079107505071
4643 0.0811359026369
4754 0.0831643002028
4772 0.0851926977688
4785 0.0872210953347
4840 0.0892494929006
4914 0.0912778904665
4944 0.0933062880325
4960 0.0953346855984
5013 0.0973630831643
5016 0.0993914807302
5067 0.101419878296
5093 0.103448275862
5097 0.105476673428
5129 0.107505070994
5171 0.10953346856
5198 0.111561866126
5266 0.113590263692
5278 0.115618661258
5289 0.117647058824
5296 0.119675456389
5339 0.121703853955
5362 0.123732251521
5364 0.125760649087
5399 0.127789046653
5402 0.129817444219
5404 0.131845841785
5407 0.133874239351
5410 0.135902636917
5453 0.137931034483
5462 0.139959432049
5464 0.141987829615
5466 0.144016227181
5478 0.146044624746
5484 0.148073022312
5487 0.150101419878
5499 0.152129817444
5527 0.15415821501
5540 0.156186612576
5549 0.158215010142
5595 0.160243407708
5613 0.162271805274
5648 0.16430020284
5668 0.166328600406
5671 0.168356997972
5672 0.170385395538
5680 0.172413793103
5732 0.174442190669
5817 0.176470588235
5834 0.178498985801
5957 0.180527383367
5971 0.182555780933
5973 0.184584178499
5978 0.186612576065
6028 0.188640973631
6037 0.190669371197
6049 0.192697768763
6084 0.194726166329
6090 0.196754563895
6106 0.19878296146
6121 0.200811359026
6124 0.202839756592
6132 0.204868154158
6177 0.206896551724
6243 0.20892494929
6252 0.210953346856
6295 0.212981744422
6309 0.215010141988
6341 0.217038539554
6345 0.21906693712
6369 0.221095334686
6374 0.223123732252
6382 0.225152129817
6387 0.227180527383
6423 0.229208924949
6444 0.231237322515
6465 0.233265720081
6488 0.235294117647
6526 0.237322515213
6531 0.239350912779
6544 0.241379310345
6547 0.243407707911
6569 0.245436105477
6604 0.247464503043
6618 0.249492900609
6624 0.251521298174
6626 0.25354969574
6665 0.255578093306
6671 0.257606490872
6677 0.259634888438
6701 0.261663286004
6708 0.26369168357
6713 0.265720081136
6719 0.267748478702
6744 0.269776876268
6765 0.271805273834
6778 0.2738336714
6803 0.275862068966
6807 0.277890466531
6820 0.279918864097
6846 0.281947261663
6861 0.283975659229
6868 0.286004056795
6947 0.288032454361
7010 0.290060851927
7055 0.292089249493
7084 0.294117647059
7090 0.296146044625
7101 0.298174442191
7110 0.300202839757
7145 0.302231237323
7146 0.304259634888
7182 0.306288032454
7205 0.30831643002
7215 0.310344827586
7238 0.312373225152
7239 0.314401622718
7258 0.316430020284
7314 0.31845841785
7315 0.320486815416
7322 0.322515212982
7342 0.324543610548
7347 0.326572008114
7363 0.32860040568
7365 0.330628803245
7369 0.332657200811
7455 0.334685598377
7509 0.336713995943
7514 0.338742393509
7540 0.340770791075
7571 0.344827586207
7571 0.344827586207
7625 0.346855983773
7650 0.348884381339
7662 0.350912778905
7702 0.352941176471
7707 0.354969574037
7738 0.356997971602
7763 0.359026369168
7766 0.361054766734
7777 0.3630831643
7805 0.365111561866
7810 0.367139959432
7811 0.369168356998
7841 0.371196754564
7847 0.37322515213
7852 0.375253549696
7860 0.377281947262
7864 0.379310344828
7937 0.381338742394
7945 0.383367139959
7946 0.385395537525
7988 0.387423935091
8002 0.389452332657
8011 0.391480730223
8015 0.393509127789
8083 0.395537525355
8093 0.397565922921
8139 0.399594320487
8153 0.401622718053
8203 0.403651115619
8254 0.405679513185
8281 0.407707910751
8286 0.409736308316
8350 0.411764705882
8357 0.413793103448
8416 0.415821501014
8427 0.41784989858
8428 0.419878296146
8442 0.421906693712
8444 0.423935091278
8447 0.425963488844
8455 0.42799188641
8501 0.430020283976
8523 0.432048681542
8551 0.434077079108
8571 0.436105476673
8577 0.438133874239
8594 0.440162271805
8609 0.442190669371
8619 0.444219066937
8679 0.446247464503
8709 0.448275862069
8714 0.450304259635
8769 0.452332657201
8772 0.454361054767
8802 0.456389452333
8808 0.458417849899
8843 0.460446247465
8883 0.46247464503
8888 0.464503042596
8903 0.466531440162
8954 0.468559837728
8977 0.470588235294
9008 0.47261663286
9015 0.474645030426
9020 0.476673427992
9033 0.478701825558
9064 0.480730223124
9066 0.48275862069
9075 0.484787018256
9087 0.486815415822
9139 0.488843813387
9147 0.490872210953
9155 0.492900608519
9164 0.494929006085
9209 0.496957403651
9215 0.498985801217
9260 0.501014198783
9312 0.503042596349
9326 0.505070993915
9335 0.507099391481
9343 0.509127789047
9349 0.511156186613
9377 0.513184584178
9400 0.515212981744
9405 0.51724137931
9440 0.519269776876
9485 0.521298174442
9511 0.523326572008
9519 0.525354969574
9526 0.52738336714
9533 0.529411764706
9539 0.531440162272
9546 0.533468559838
9547 0.535496957404
9562 0.53752535497
9577 0.539553752535
9579 0.541582150101
9587 0.543610547667
9639 0.545638945233
9640 0.547667342799
9650 0.549695740365
9652 0.551724137931
9682 0.553752535497
9695 0.555780933063
9704 0.559837728195
9704 0.559837728195
9705 0.561866125761
9712 0.563894523327
9786 0.565922920892
9802 0.567951318458
9811 0.569979716024
9812 0.57200811359
9831 0.574036511156
9833 0.576064908722
9863 0.578093306288
9868 0.580121703854
9902 0.58215010142
9911 0.584178498986
9918 0.586206896552
9961 0.588235294118
10001 0.590263691684
10010 0.592292089249
10014 0.594320486815
10029 0.596348884381
10032 0.598377281947
10041 0.600405679513
10061 0.602434077079
10104 0.604462474645
10107 0.606490872211
10125 0.608519269777
10137 0.610547667343
10149 0.612576064909
10166 0.614604462475
10171 0.616632860041
10247 0.618661257606
10253 0.620689655172
10280 0.622718052738
10295 0.624746450304
10337 0.62677484787
10353 0.628803245436
10371 0.630831643002
10374 0.632860040568
10415 0.634888438134
10432 0.6369168357
10449 0.638945233266
10451 0.640973630832
10535 0.643002028398
10618 0.645030425963
10656 0.647058823529
10661 0.649087221095
10683 0.651115618661
10713 0.653144016227
10798 0.655172413793
10805 0.657200811359
10810 0.659229208925
10818 0.661257606491
10859 0.663286004057
10887 0.665314401623
10900 0.667342799189
10911 0.669371196755
10943 0.67139959432
11000 0.673427991886
11016 0.675456389452
11224 0.677484787018
11226 0.679513184584
11302 0.68154158215
11332 0.683569979716
11366 0.685598377282
11455 0.687626774848
11562 0.689655172414
11592 0.69168356998
11637 0.693711967546
11670 0.695740365112
11671 0.697768762677
11712 0.699797160243
11739 0.701825557809
11749 0.705882352941
11749 0.705882352941
11768 0.707910750507
11803 0.709939148073
11805 0.711967545639
11927 0.713995943205
11949 0.716024340771
11955 0.718052738337
12017 0.720081135903
12059 0.722109533469
12103 0.724137931034
12125 0.7261663286
12133 0.728194726166
12138 0.730223123732
12156 0.732251521298
12170 0.734279918864
12200 0.73630831643
12220 0.738336713996
12253 0.740365111562
12266 0.742393509128
12276 0.744421906694
12286 0.74645030426
12409 0.748478701826
12416 0.750507099391
12423 0.752535496957
12448 0.754563894523
12531 0.756592292089
12548 0.758620689655
12704 0.760649087221
12760 0.762677484787
12791 0.764705882353
12845 0.766734279919
12870 0.768762677485
12881 0.770791075051
12890 0.772819472617
12910 0.774847870183
12911 0.776876267748
12986 0.778904665314
13115 0.78093306288
13183 0.782961460446
13209 0.784989858012
13234 0.787018255578
13268 0.789046653144
13316 0.79107505071
13330 0.793103448276
13370 0.795131845842
13407 0.797160243408
13410 0.799188640974
13455 0.80121703854
13470 0.803245436105
13500 0.805273833671
13556 0.807302231237
13812 0.809330628803
13828 0.811359026369
13847 0.813387423935
13861 0.815415821501
13880 0.817444219067
13917 0.819472616633
13958 0.821501014199
13984 0.823529411765
14060 0.825557809331
14073 0.827586206897
14135 0.829614604462
14136 0.831643002028
14140 0.833671399594
14157 0.83569979716
14180 0.837728194726
14218 0.839756592292
14305 0.841784989858
14311 0.843813387424
14363 0.84584178499
14488 0.847870182556
14584 0.849898580122
14606 0.851926977688
14754 0.853955375254
14769 0.855983772819
14871 0.858012170385
14961 0.860040567951
15044 0.862068965517
15116 0.864097363083
15147 0.866125760649
15168 0.868154158215
15331 0.870182555781
15413 0.872210953347
15443 0.874239350913
15484 0.876267748479
15523 0.878296146045
15632 0.880324543611
15665 0.882352941176
15736 0.884381338742
15910 0.886409736308
15988 0.888438133874
16054 0.89046653144
16121 0.892494929006
16132 0.894523326572
16240 0.896551724138
16312 0.898580121704
16333 0.90060851927
16466 0.902636916836
16651 0.904665314402
16655 0.906693711968
16901 0.908722109533
16948 0.910750507099
16955 0.912778904665
16971 0.914807302231
17256 0.916835699797
17305 0.918864097363
17329 0.920892494929
17417 0.922920892495
17625 0.924949290061
17628 0.926977687627
17667 0.929006085193
17846 0.931034482759
17895 0.933062880325
18094 0.93509127789
18127 0.937119675456
18260 0.939148073022
18433 0.941176470588
18467 0.943204868154
19273 0.94523326572
19379 0.947261663286
19422 0.949290060852
19431 0.951318458418
20164 0.953346855984
20196 0.95537525355
20200 0.957403651116
20406 0.959432048682
21181 0.961460446247
21321 0.963488843813
21524 0.965517241379
21710 0.967545638945
21882 0.969574036511
22322 0.971602434077
22979 0.973630831643
23010 0.975659229209
23085 0.977687626775
23272 0.979716024341
23762 0.981744421907
24057 0.983772819473
24274 0.985801217039
25484 0.987829614604
25774 0.98985801217
26369 0.991886409736
30576 0.993914807302
36588 0.995943204868
38932 0.997971602434
4782803 1.0
