27 0.00202839756592
732 0.00405679513185
945 0.00608519269777
1175 0.00811359026369
1379 0.0101419878296
1384 0.0121703853955
1555 0.0141987829615
1814 0.0162271805274
2060 0.0182555780933
2071 0.0202839756592
2104 0.0223123732252
2120 0.0243407707911
2241 0.026369168357
2254 0.0283975659229
2265 0.0304259634888
2269 0.0324543610548
2271 0.0344827586207
2273 0.0365111561866
2286 0.0385395537525
2287 0.0405679513185
2318 0.0425963488844
2324 0.0446247464503
2346 0.0466531440162
2429 0.0486815415822
2647 0.0507099391481
2688 0.052738336714
2723 0.0547667342799
2830 0.0567951318458
2914 0.0588235294118
2945 0.0608519269777
2971 0.0628803245436
2975 0.0649087221095
3154 0.0669371196755
3161 0.0689655172414
3166 0.0709939148073
3223 0.0730223123732
3224 0.0750507099391
3267 0.0770791075051
3321 0.079107505071
3339 0.0811359026369
3365 0.0831643002028
3443 0.0851926977688
3484 0.0872210953347
3490 0.0892494929006
3525 0.0912778904665
3532 0.0933062880325
3551 0.0953346855984
3552 0.0973630831643
3686 0.0993914807302
3694 0.101419878296
3701 0.103448275862
3702 0.105476673428
3708 0.107505070994
3729 0.10953346856
3731 0.111561866126
3748 0.113590263692
3783 0.115618661258
3816 0.117647058824
3824 0.119675456389
3844 0.121703853955
3853 0.123732251521
3860 0.125760649087
3870 0.127789046653
3893 0.129817444219
3909 0.131845841785
3938 0.133874239351
3955 0.135902636917
3977 0.137931034483
3983 0.139959432049
3991 0.141987829615
3994 0.144016227181
3999 0.146044624746
4001 0.148073022312
4017 0.150101419878
4026 0.152129817444
4027 0.15415821501
4040 0.156186612576
4044 0.160243407708
4044 0.160243407708
4060 0.162271805274
4075 0.16430020284
4079 0.166328600406
4082 0.168356997972
4129 0.170385395538
4150 0.172413793103
4234 0.174442190669
4242 0.176470588235
4268 0.178498985801
4275 0.180527383367
4288 0.182555780933
4305 0.184584178499
4332 0.186612576065
4341 0.188640973631
4359 0.190669371197
4369 0.192697768763
4406 0.194726166329
4419 0.196754563895
4466 0.200811359026
4466 0.200811359026
4511 0.202839756592
4523 0.204868154158
4552 0.206896551724
4563 0.20892494929
4571 0.210953346856
4575 0.212981744422
4585 0.215010141988
4602 0.217038539554
4611 0.21906693712
4621 0.221095334686
4640 0.223123732252
4641 0.225152129817
4657 0.227180527383
4679 0.229208924949
4688 0.231237322515
4690 0.233265720081
4733 0.235294117647
4740 0.237322515213
4750 0.239350912779
4767 0.241379310345
4789 0.243407707911
4823 0.245436105477
4826 0.247464503043
4850 0.249492900609
4867 0.251521298174
4879 0.25354969574
4932 0.255578093306
4939 0.257606490872
4953 0.259634888438
4955 0.26369168357
4955 0.26369168357
4975 0.265720081136
4978 0.267748478702
4981 0.269776876268
4987 0.271805273834
5000 0.2738336714
5018 0.275862068966
5038 0.277890466531
5055 0.279918864097
5077 0.281947261663
5092 0.283975659229
5155 0.286004056795
5159 0.288032454361
5167 0.290060851927
5168 0.292089249493
5169 0.294117647059
5170 0.296146044625
5193 0.298174442191
5219 0.300202839757
5251 0.302231237323
5258 0.304259634888
5294 0.30831643002
5294 0.30831643002
5337 0.310344827586
5344 0.312373225152
5345 0.314401622718
5366 0.316430020284
5370 0.31845841785
5396 0.320486815416
5398 0.322515212982
5400 0.324543610548
5412 0.326572008114
5424 0.32860040568
5450 0.330628803245
5475 0.332657200811
5479 0.334685598377
5502 0.336713995943
5524 0.338742393509
5525 0.340770791075
5533 0.342799188641
5541 0.344827586207
5553 0.346855983773
5559 0.348884381339
5564 0.350912778905
5596 0.352941176471
5599 0.354969574037
5632 0.356997971602
5670 0.359026369168
5685 0.361054766734
5725 0.3630831643
5739 0.365111561866
5743 0.367139959432
5784 0.369168356998
5812 0.371196754564
5821 0.37322515213
5827 0.375253549696
5830 0.377281947262
5834 0.379310344828
5922 0.381338742394
5961 0.383367139959
5968 0.385395537525
5973 0.387423935091
5984 0.389452332657
6016 0.391480730223
6017 0.393509127789
6049 0.395537525355
6087 0.397565922921
6091 0.399594320487
6119 0.401622718053
6121 0.403651115619
6129 0.405679513185
6146 0.407707910751
6175 0.409736308316
6177 0.411764705882
6179 0.413793103448
6186 0.415821501014
6188 0.41784989858
6189 0.419878296146
6194 0.421906693712
6228 0.423935091278
6231 0.425963488844
6248 0.42799188641
6285 0.430020283976
6294 0.432048681542
6309 0.434077079108
6339 0.436105476673
6378 0.438133874239
6380 0.440162271805
6385 0.442190669371
6401 0.444219066937
6466 0.446247464503
6472 0.448275862069
6492 0.450304259635
6493 0.452332657201
6496 0.454361054767
6502 0.456389452333
6536 0.458417849899
6553 0.460446247465
6555 0.46247464503
6571 0.464503042596
6575 0.466531440162
6576 0.468559837728
6579 0.470588235294
6600 0.47261663286
6627 0.474645030426
6631 0.476673427992
6634 0.478701825558
6647 0.480730223124
6669 0.48275862069
6679 0.484787018256
6689 0.486815415822
6711 0.488843813387
6721 0.490872210953
6741 0.492900608519
6787 0.494929006085
6788 0.496957403651
6844 0.501014198783
6844 0.501014198783
6848 0.503042596349
6867 0.505070993915
6874 0.507099391481
6876 0.509127789047
6877 0.511156186613
6899 0.513184584178
6907 0.515212981744
6918 0.51724137931
6926 0.519269776876
6927 0.521298174442
6940 0.523326572008
6948 0.525354969574
6963 0.52738336714
6968 0.529411764706
6994 0.531440162272
6997 0.533468559838
7019 0.535496957404
7024 0.53752535497
7059 0.539553752535
7074 0.541582150101
7124 0.543610547667
7150 0.545638945233
7151 0.547667342799
7160 0.549695740365
7173 0.551724137931
7191 0.553752535497
7197 0.555780933063
7238 0.557809330629
7246 0.559837728195
7255 0.561866125761
7264 0.563894523327
7265 0.565922920892
7314 0.567951318458
7318 0.569979716024
7319 0.57200811359
7335 0.574036511156
7435 0.576064908722
7439 0.578093306288
7442 0.580121703854
7458 0.58215010142
7483 0.584178498986
7492 0.586206896552
7502 0.588235294118
7538 0.590263691684
7550 0.592292089249
7553 0.594320486815
7558 0.596348884381
7570 0.598377281947
7639 0.600405679513
7656 0.602434077079
7658 0.604462474645
7703 0.606490872211
7705 0.608519269777
7750 0.610547667343
7762 0.612576064909
7775 0.614604462475
7795 0.616632860041
7803 0.618661257606
7826 0.620689655172
7857 0.622718052738
7891 0.624746450304
7892 0.62677484787
7921 0.628803245436
7962 0.630831643002
7971 0.632860040568
7980 0.634888438134
7982 0.6369168357
7996 0.638945233266
8024 0.640973630832
8162 0.643002028398
8169 0.645030425963
8182 0.647058823529
8187 0.649087221095
8215 0.651115618661
8247 0.653144016227
8294 0.655172413793
8352 0.657200811359
8400 0.659229208925
8404 0.661257606491
8430 0.663286004057
8456 0.665314401623
8472 0.669371196755
8472 0.669371196755
8506 0.67139959432
8595 0.673427991886
8600 0.675456389452
8627 0.677484787018
8638 0.679513184584
8700 0.68154158215
8706 0.683569979716
8709 0.685598377282
8718 0.687626774848
8730 0.689655172414
8744 0.69168356998
8760 0.693711967546
8763 0.695740365112
8770 0.697768762677
8773 0.699797160243
8789 0.701825557809
8807 0.703853955375
8824 0.705882352941
8828 0.707910750507
8859 0.709939148073
8862 0.711967545639
8891 0.713995943205
8902 0.716024340771
8905 0.718052738337
8909 0.720081135903
8917 0.722109533469
8931 0.724137931034
8934 0.7261663286
8966 0.728194726166
8986 0.730223123732
8999 0.732251521298
9073 0.734279918864
9088 0.73630831643
9138 0.738336713996
9162 0.740365111562
9223 0.742393509128
9237 0.744421906694
9247 0.74645030426
9294 0.748478701826
9300 0.750507099391
9342 0.752535496957
9380 0.754563894523
9392 0.756592292089
9439 0.758620689655
9521 0.760649087221
9536 0.762677484787
9565 0.764705882353
9595 0.766734279919
9601 0.768762677485
9644 0.770791075051
9652 0.772819472617
9718 0.774847870183
9727 0.776876267748
9738 0.778904665314
9777 0.78093306288
9785 0.782961460446
9856 0.784989858012
9857 0.787018255578
9870 0.789046653144
9890 0.79107505071
9919 0.793103448276
9926 0.795131845842
9965 0.797160243408
9971 0.799188640974
10032 0.80121703854
10160 0.803245436105
10200 0.805273833671
10207 0.807302231237
10300 0.809330628803
10309 0.811359026369
10397 0.813387423935
10424 0.815415821501
10465 0.817444219067
10469 0.819472616633
10509 0.821501014199
10540 0.825557809331
10540 0.825557809331
10598 0.827586206897
10625 0.829614604462
10646 0.831643002028
10702 0.833671399594
10804 0.83569979716
10944 0.837728194726
10949 0.839756592292
10950 0.841784989858
11018 0.843813387424
11133 0.84584178499
11146 0.847870182556
11172 0.849898580122
11218 0.851926977688
11241 0.853955375254
11291 0.855983772819
11292 0.858012170385
11305 0.860040567951
11348 0.862068965517
11379 0.864097363083
11409 0.866125760649
11452 0.868154158215
11462 0.870182555781
11466 0.872210953347
11573 0.874239350913
11622 0.876267748479
11629 0.878296146045
11630 0.880324543611
11644 0.882352941176
11674 0.884381338742
11735 0.886409736308
11768 0.888438133874
12022 0.89046653144
12167 0.892494929006
12222 0.894523326572
12294 0.896551724138
12305 0.898580121704
12480 0.90060851927
12614 0.902636916836
12722 0.904665314402
12836 0.906693711968
13094 0.908722109533
13134 0.910750507099
13141 0.912778904665
13255 0.914807302231
13427 0.916835699797
13448 0.918864097363
13519 0.920892494929
13674 0.922920892495
13728 0.924949290061
13765 0.926977687627
13852 0.929006085193
13861 0.931034482759
13917 0.933062880325
13975 0.93509127789
14185 0.937119675456
14573 0.939148073022
14699 0.941176470588
14776 0.943204868154
14846 0.94523326572
15070 0.947261663286
15200 0.949290060852
15345 0.951318458418
15472 0.953346855984
15560 0.95537525355
15620 0.957403651116
15748 0.959432048682
15821 0.961460446247
15841 0.963488843813
16314 0.965517241379
16411 0.967545638945
16848 0.969574036511
17077 0.971602434077
17139 0.973630831643
17245 0.975659229209
17387 0.977687626775
17853 0.979716024341
18055 0.981744421907
18087 0.983772819473
18559 0.985801217039
18656 0.987829614604
18915 0.98985801217
23104 0.991886409736
23904 0.993914807302
30229 0.995943204868
38533 0.997971602434
440564 1.0
