34 0.00202429149798
650 0.00404858299595
819 0.00607287449393
1024 0.0080971659919
1179 0.0101214574899
1214 0.0121457489879
1365 0.0141700404858
1567 0.0161943319838
1742 0.0182186234818
1796 0.0202429149798
1802 0.0222672064777
1861 0.0242914979757
1862 0.0263157894737
1906 0.0283400809717
1943 0.0303643724696
1955 0.0323886639676
1957 0.0344129554656
1958 0.0364372469636
1972 0.0384615384615
1973 0.0404858299595
1978 0.0425101214575
2010 0.0445344129555
2076 0.0465587044534
2153 0.0485829959514
2187 0.0506072874494
2256 0.0526315789474
2342 0.0546558704453
2351 0.0566801619433
2399 0.0587044534413
2524 0.0607287449393
2585 0.0627530364372
2619 0.0647773279352
2709 0.0668016194332
2735 0.0688259109312
2764 0.0708502024291
2783 0.0728744939271
2791 0.0748987854251
2813 0.0769230769231
2824 0.0789473684211
2843 0.080971659919
2847 0.082995951417
3012 0.085020242915
3050 0.087044534413
3053 0.0890688259109
3057 0.0910931174089
3058 0.0931174089069
3081 0.0951417004049
3155 0.0971659919028
3177 0.0991902834008
3194 0.101214574899
3207 0.103238866397
3217 0.105263157895
3236 0.107287449393
3273 0.109311740891
3279 0.111336032389
3287 0.113360323887
3307 0.115384615385
3333 0.117408906883
3346 0.119433198381
3348 0.121457489879
3353 0.123481781377
3355 0.125506072874
3382 0.127530364372
3392 0.12955465587
3397 0.131578947368
3398 0.133603238866
3417 0.135627530364
3424 0.137651821862
3428 0.13967611336
3433 0.141700404858
3435 0.143724696356
3437 0.145748987854
3445 0.147773279352
3446 0.14979757085
3451 0.151821862348
3463 0.153846153846
3466 0.155870445344
3477 0.157894736842
3482 0.15991902834
3510 0.161943319838
3523 0.163967611336
3525 0.165991902834
3555 0.168016194332
3561 0.17004048583
3562 0.172064777328
3598 0.174089068826
3604 0.176113360324
3606 0.178137651822
3613 0.18016194332
3654 0.182186234818
3658 0.184210526316
3690 0.186234817814
3703 0.188259109312
3742 0.19028340081
3793 0.192307692308
3794 0.194331983806
3808 0.196356275304
3853 0.2004048583
3853 0.2004048583
3872 0.202429149798
3883 0.204453441296
3927 0.206477732794
3928 0.208502024291
3932 0.210526315789
3940 0.212550607287
3948 0.214574898785
3977 0.216599190283
3990 0.218623481781
4000 0.222672064777
4000 0.222672064777
4002 0.224696356275
4022 0.226720647773
4028 0.228744939271
4041 0.230769230769
4056 0.232793522267
4057 0.234817813765
4073 0.236842105263
4077 0.238866396761
4078 0.240890688259
4114 0.242914979757
4135 0.244939271255
4148 0.246963562753
4228 0.248987854251
4238 0.251012145749
4241 0.253036437247
4274 0.255060728745
4281 0.257085020243
4300 0.261133603239
4300 0.261133603239
4316 0.263157894737
4340 0.265182186235
4349 0.267206477733
4376 0.269230769231
4377 0.271255060729
4382 0.273279352227
4396 0.275303643725
4397 0.277327935223
4426 0.279352226721
4447 0.281376518219
4448 0.283400809717
4455 0.285425101215
4473 0.287449392713
4494 0.289473684211
4509 0.291497975709
4521 0.293522267206
4524 0.295546558704
4528 0.297570850202
4535 0.2995951417
4541 0.301619433198
4554 0.303643724696
4566 0.305668016194
4589 0.307692307692
4595 0.30971659919
4600 0.311740890688
4607 0.313765182186
4614 0.315789473684
4625 0.317813765182
4627 0.31983805668
4646 0.321862348178
4649 0.323886639676
4656 0.325910931174
4689 0.327935222672
4724 0.32995951417
4735 0.331983805668
4744 0.334008097166
4762 0.336032388664
4784 0.338056680162
4792 0.34008097166
4835 0.342105263158
4836 0.344129554656
4845 0.346153846154
4861 0.348178137652
4864 0.352226720648
4864 0.352226720648
4870 0.354251012146
4881 0.356275303644
4886 0.358299595142
4887 0.36032388664
4901 0.362348178138
4923 0.364372469636
4924 0.366396761134
4936 0.368421052632
4944 0.37044534413
4960 0.372469635628
4974 0.374493927126
4985 0.376518218623
4990 0.378542510121
4992 0.380566801619
4994 0.384615384615
4994 0.384615384615
5034 0.386639676113
5061 0.388663967611
5082 0.390688259109
5093 0.392712550607
5153 0.394736842105
5166 0.396761133603
5177 0.398785425101
5181 0.400809716599
5186 0.402834008097
5188 0.404858299595
5192 0.406882591093
5193 0.408906882591
5223 0.410931174089
5224 0.412955465587
5230 0.414979757085
5271 0.417004048583
5273 0.419028340081
5280 0.421052631579
5286 0.423076923077
5299 0.425101214575
5304 0.427125506073
5315 0.429149797571
5335 0.431174089069
5339 0.433198380567
5344 0.435222672065
5351 0.437246963563
5355 0.439271255061
5363 0.441295546559
5379 0.443319838057
5381 0.445344129555
5412 0.447368421053
5418 0.449392712551
5424 0.451417004049
5449 0.453441295547
5481 0.455465587045
5493 0.457489878543
5504 0.45951417004
5509 0.461538461538
5521 0.463562753036
5523 0.465587044534
5530 0.467611336032
5594 0.46963562753
5595 0.471659919028
5607 0.473684210526
5632 0.475708502024
5635 0.477732793522
5669 0.47975708502
5687 0.481781376518
5710 0.483805668016
5757 0.485829959514
5763 0.48987854251
5763 0.48987854251
5764 0.491902834008
5776 0.493927125506
5777 0.495951417004
5809 0.497975708502
5812 0.5
5822 0.502024291498
5832 0.504048582996
5838 0.506072874494
5856 0.508097165992
5861 0.51012145749
5871 0.512145748988
5874 0.514170040486
5898 0.516194331984
5911 0.518218623482
5914 0.52024291498
5927 0.522267206478
5930 0.524291497976
5933 0.526315789474
5937 0.528340080972
5971 0.53036437247
5979 0.532388663968
5982 0.534412955466
5985 0.536437246964
5986 0.538461538462
5988 0.54048582996
6000 0.542510121457
6009 0.544534412955
6025 0.546558704453
6040 0.548582995951
6041 0.550607287449
6062 0.552631578947
6105 0.554655870445
6135 0.556680161943
6153 0.558704453441
6171 0.560728744939
6184 0.562753036437
6186 0.564777327935
6210 0.566801619433
6251 0.568825910931
6257 0.570850202429
6317 0.572874493927
6327 0.574898785425
6352 0.576923076923
6366 0.578947368421
6369 0.580971659919
6374 0.582995951417
6380 0.585020242915
6391 0.587044534413
6412 0.589068825911
6428 0.591093117409
6447 0.593117408907
6459 0.595141700405
6500 0.597165991903
6501 0.599190283401
6509 0.601214574899
6534 0.603238866397
6556 0.605263157895
6564 0.607287449393
6572 0.609311740891
6573 0.611336032389
6578 0.613360323887
6602 0.615384615385
6625 0.617408906883
6630 0.619433198381
6673 0.621457489879
6678 0.623481781377
6727 0.625506072874
6736 0.627530364372
6740 0.62955465587
6759 0.631578947368
6776 0.633603238866
6818 0.635627530364
6850 0.637651821862
6868 0.63967611336
6886 0.641700404858
6897 0.643724696356
6904 0.645748987854
6914 0.64979757085
6914 0.64979757085
6929 0.651821862348
6957 0.653846153846
6970 0.655870445344
6996 0.657894736842
7005 0.65991902834
7010 0.661943319838
7014 0.665991902834
7014 0.665991902834
7038 0.668016194332
7046 0.67004048583
7087 0.672064777328
7096 0.674089068826
7107 0.676113360324
7117 0.678137651822
7157 0.68016194332
7193 0.682186234818
7269 0.684210526316
7291 0.686234817814
7308 0.688259109312
7331 0.69028340081
7335 0.692307692308
7348 0.694331983806
7393 0.696356275304
7429 0.698380566802
7501 0.7004048583
7535 0.702429149798
7546 0.704453441296
7551 0.706477732794
7561 0.708502024291
7589 0.710526315789
7599 0.712550607287
7608 0.714574898785
7640 0.716599190283
7642 0.718623481781
7650 0.720647773279
7655 0.722672064777
7670 0.724696356275
7685 0.726720647773
7693 0.728744939271
7752 0.730769230769
7771 0.732793522267
7829 0.734817813765
7836 0.736842105263
7858 0.738866396761
7888 0.740890688259
7915 0.742914979757
7916 0.744939271255
7948 0.746963562753
7952 0.748987854251
7991 0.751012145749
8020 0.753036437247
8047 0.755060728745
8056 0.757085020243
8081 0.759109311741
8087 0.761133603239
8101 0.763157894737
8117 0.765182186235
8157 0.767206477733
8193 0.769230769231
8206 0.771255060729
8258 0.773279352227
8268 0.775303643725
8291 0.777327935223
8294 0.779352226721
8298 0.781376518219
8335 0.783400809717
8355 0.785425101215
8379 0.787449392713
8380 0.789473684211
8406 0.791497975709
8475 0.793522267206
8511 0.795546558704
8517 0.797570850202
8535 0.7995951417
8590 0.801619433198
8610 0.803643724696
8640 0.805668016194
8663 0.807692307692
8677 0.80971659919
8704 0.811740890688
8706 0.813765182186
8797 0.815789473684
8872 0.817813765182
8914 0.81983805668
8941 0.821862348178
9100 0.823886639676
9125 0.825910931174
9183 0.827935222672
9192 0.82995951417
9205 0.831983805668
9208 0.834008097166
9286 0.836032388664
9302 0.838056680162
9324 0.84008097166
9337 0.842105263158
9369 0.846153846154
9369 0.846153846154
9373 0.848178137652
9406 0.85020242915
9470 0.852226720648
9613 0.854251012146
9696 0.856275303644
9755 0.858299595142
9766 0.86032388664
9824 0.862348178138
9839 0.864372469636
9854 0.866396761134
9868 0.868421052632
9871 0.87044534413
9923 0.872469635628
9957 0.874493927126
9974 0.876518218623
9976 0.878542510121
9988 0.880566801619
10043 0.882591093117
10062 0.884615384615
10076 0.886639676113
10090 0.888663967611
10290 0.890688259109
10389 0.892712550607
10420 0.894736842105
10426 0.896761133603
10553 0.898785425101
10599 0.900809716599
10603 0.902834008097
10633 0.904858299595
10725 0.906882591093
10745 0.908906882591
10884 0.910931174089
10917 0.912955465587
10918 0.914979757085
11014 0.917004048583
11086 0.919028340081
11279 0.921052631579
11299 0.923076923077
11314 0.925101214575
11370 0.927125506073
11488 0.929149797571
11510 0.931174089069
11518 0.933198380567
11664 0.935222672065
11754 0.937246963563
12001 0.939271255061
12028 0.941295546559
12044 0.943319838057
12341 0.945344129555
12603 0.947368421053
12701 0.949392712551
12856 0.951417004049
12947 0.953441295547
12952 0.955465587045
12965 0.957489878543
13374 0.95951417004
13447 0.961538461538
13552 0.963562753036
13727 0.965587044534
13741 0.967611336032
14159 0.96963562753
14215 0.971659919028
14418 0.973684210526
14655 0.975708502024
14660 0.977732793522
14861 0.97975708502
14899 0.981781376518
15651 0.983805668016
15923 0.985829959514
16276 0.987854251012
16360 0.98987854251
16436 0.991902834008
17405 0.993927125506
20650 0.995951417004
26133 0.997975708502
35502 1.0
