31 0.00202839756592
499 0.00405679513185
773 0.00608519269777
879 0.00811359026369
894 0.0101419878296
986 0.0121703853955
1013 0.0141987829615
1163 0.0162271805274
1382 0.0182555780933
1387 0.0223123732252
1387 0.0223123732252
1416 0.026369168357
1416 0.026369168357
1446 0.0283975659229
1450 0.0304259634888
1470 0.0324543610548
1479 0.0344827586207
1484 0.0365111561866
1541 0.0385395537525
1603 0.0405679513185
1663 0.0425963488844
1678 0.0446247464503
1702 0.0466531440162
1725 0.0486815415822
1767 0.0507099391481
1811 0.052738336714
1909 0.0547667342799
1973 0.0567951318458
1977 0.0588235294118
1981 0.0608519269777
2025 0.0628803245436
2027 0.0649087221095
2110 0.0669371196755
2118 0.0689655172414
2149 0.0709939148073
2183 0.0730223123732
2184 0.0750507099391
2220 0.0770791075051
2370 0.079107505071
2404 0.0811359026369
2418 0.0831643002028
2456 0.0851926977688
2461 0.0872210953347
2519 0.0892494929006
2532 0.0912778904665
2533 0.0933062880325
2556 0.0953346855984
2570 0.0973630831643
2578 0.0993914807302
2590 0.101419878296
2597 0.103448275862
2601 0.105476673428
2616 0.107505070994
2636 0.10953346856
2649 0.111561866126
2676 0.113590263692
2677 0.115618661258
2737 0.117647058824
2740 0.119675456389
2742 0.121703853955
2753 0.123732251521
2774 0.125760649087
2789 0.127789046653
2792 0.129817444219
2804 0.131845841785
2814 0.133874239351
2820 0.135902636917
2822 0.137931034483
2827 0.139959432049
2830 0.141987829615
2840 0.144016227181
2866 0.146044624746
2867 0.148073022312
2872 0.150101419878
2913 0.152129817444
2929 0.15415821501
2933 0.156186612576
2936 0.158215010142
2951 0.160243407708
2997 0.16430020284
2997 0.16430020284
3004 0.166328600406
3017 0.168356997972
3021 0.170385395538
3027 0.172413793103
3043 0.174442190669
3053 0.176470588235
3054 0.178498985801
3057 0.180527383367
3070 0.182555780933
3072 0.184584178499
3076 0.186612576065
3089 0.188640973631
3126 0.190669371197
3145 0.192697768763
3147 0.194726166329
3156 0.196754563895
3183 0.19878296146
3187 0.200811359026
3218 0.202839756592
3225 0.204868154158
3231 0.206896551724
3237 0.20892494929
3241 0.210953346856
3281 0.212981744422
3288 0.215010141988
3305 0.217038539554
3315 0.221095334686
3315 0.221095334686
3359 0.223123732252
3370 0.225152129817
3380 0.227180527383
3382 0.229208924949
3386 0.231237322515
3404 0.233265720081
3405 0.235294117647
3444 0.237322515213
3464 0.239350912779
3479 0.241379310345
3486 0.243407707911
3491 0.245436105477
3495 0.247464503043
3496 0.249492900609
3532 0.251521298174
3537 0.25354969574
3572 0.255578093306
3609 0.257606490872
3616 0.259634888438
3624 0.261663286004
3638 0.26369168357
3653 0.265720081136
3655 0.267748478702
3665 0.269776876268
3672 0.271805273834
3675 0.2738336714
3677 0.275862068966
3678 0.277890466531
3680 0.279918864097
3685 0.281947261663
3708 0.283975659229
3730 0.286004056795
3747 0.288032454361
3751 0.290060851927
3760 0.292089249493
3791 0.294117647059
3796 0.296146044625
3803 0.298174442191
3812 0.300202839757
3824 0.302231237323
3832 0.304259634888
3833 0.306288032454
3841 0.30831643002
3842 0.310344827586
3891 0.312373225152
3897 0.314401622718
3903 0.316430020284
3906 0.31845841785
3907 0.320486815416
3939 0.322515212982
3960 0.324543610548
3983 0.326572008114
3992 0.32860040568
3997 0.330628803245
4007 0.332657200811
4011 0.334685598377
4013 0.336713995943
4058 0.338742393509
4071 0.340770791075
4077 0.342799188641
4110 0.344827586207
4127 0.346855983773
4138 0.348884381339
4152 0.350912778905
4173 0.352941176471
4174 0.354969574037
4178 0.356997971602
4195 0.359026369168
4200 0.361054766734
4203 0.3630831643
4208 0.365111561866
4218 0.367139959432
4266 0.369168356998
4273 0.371196754564
4284 0.37322515213
4292 0.375253549696
4305 0.377281947262
4317 0.379310344828
4322 0.381338742394
4326 0.383367139959
4347 0.385395537525
4348 0.389452332657
4348 0.389452332657
4352 0.391480730223
4359 0.393509127789
4391 0.395537525355
4402 0.397565922921
4448 0.399594320487
4461 0.401622718053
4464 0.403651115619
4476 0.405679513185
4490 0.407707910751
4511 0.409736308316
4512 0.411764705882
4514 0.413793103448
4530 0.415821501014
4571 0.41784989858
4584 0.419878296146
4595 0.421906693712
4596 0.423935091278
4599 0.425963488844
4606 0.42799188641
4635 0.430020283976
4639 0.432048681542
4666 0.434077079108
4675 0.436105476673
4687 0.438133874239
4713 0.440162271805
4729 0.442190669371
4730 0.444219066937
4731 0.446247464503
4744 0.448275862069
4761 0.450304259635
4768 0.452332657201
4803 0.454361054767
4818 0.456389452333
4821 0.458417849899
4822 0.460446247465
4830 0.464503042596
4830 0.464503042596
4839 0.466531440162
4850 0.468559837728
4871 0.470588235294
4875 0.47261663286
4895 0.474645030426
4914 0.476673427992
4924 0.480730223124
4924 0.480730223124
4927 0.48275862069
4942 0.484787018256
4948 0.486815415822
4951 0.488843813387
5007 0.490872210953
5018 0.492900608519
5023 0.494929006085
5035 0.496957403651
5036 0.498985801217
5044 0.501014198783
5047 0.503042596349
5065 0.505070993915
5071 0.509127789047
5071 0.509127789047
5090 0.511156186613
5132 0.513184584178
5142 0.515212981744
5158 0.51724137931
5177 0.519269776876
5209 0.521298174442
5227 0.523326572008
5245 0.525354969574
5259 0.52738336714
5260 0.529411764706
5295 0.531440162272
5297 0.533468559838
5316 0.535496957404
5318 0.53752535497
5333 0.539553752535
5337 0.541582150101
5351 0.543610547667
5363 0.545638945233
5374 0.547667342799
5387 0.549695740365
5410 0.551724137931
5451 0.553752535497
5453 0.555780933063
5503 0.557809330629
5515 0.559837728195
5526 0.561866125761
5539 0.563894523327
5553 0.565922920892
5579 0.567951318458
5582 0.569979716024
5599 0.57200811359
5613 0.576064908722
5613 0.576064908722
5646 0.578093306288
5658 0.580121703854
5664 0.58215010142
5670 0.584178498986
5674 0.586206896552
5683 0.588235294118
5689 0.590263691684
5692 0.592292089249
5697 0.594320486815
5722 0.596348884381
5741 0.598377281947
5764 0.600405679513
5765 0.602434077079
5774 0.604462474645
5783 0.606490872211
5809 0.608519269777
5814 0.610547667343
5838 0.612576064909
5861 0.614604462475
5865 0.616632860041
5875 0.618661257606
5890 0.620689655172
5913 0.622718052738
5920 0.624746450304
5930 0.62677484787
5932 0.628803245436
5945 0.630831643002
5946 0.632860040568
5949 0.634888438134
5963 0.6369168357
5990 0.638945233266
6068 0.640973630832
6081 0.643002028398
6106 0.645030425963
6121 0.647058823529
6137 0.649087221095
6138 0.651115618661
6197 0.653144016227
6224 0.655172413793
6247 0.657200811359
6328 0.659229208925
6338 0.661257606491
6369 0.663286004057
6380 0.665314401623
6381 0.667342799189
6384 0.669371196755
6400 0.67139959432
6403 0.673427991886
6444 0.675456389452
6450 0.679513184584
6450 0.679513184584
6455 0.68154158215
6487 0.683569979716
6488 0.687626774848
6488 0.687626774848
6512 0.689655172414
6544 0.69168356998
6555 0.693711967546
6566 0.695740365112
6570 0.697768762677
6587 0.699797160243
6597 0.701825557809
6633 0.703853955375
6647 0.705882352941
6688 0.707910750507
6700 0.709939148073
6702 0.711967545639
6708 0.713995943205
6733 0.716024340771
6739 0.718052738337
6762 0.720081135903
6770 0.722109533469
6779 0.724137931034
6806 0.7261663286
6823 0.728194726166
6858 0.730223123732
6892 0.732251521298
6927 0.734279918864
6934 0.73630831643
6999 0.738336713996
7005 0.740365111562
7025 0.742393509128
7028 0.744421906694
7030 0.74645030426
7048 0.748478701826
7072 0.750507099391
7074 0.752535496957
7138 0.754563894523
7141 0.756592292089
7158 0.758620689655
7202 0.760649087221
7209 0.762677484787
7249 0.764705882353
7321 0.766734279919
7364 0.768762677485
7369 0.770791075051
7394 0.772819472617
7396 0.774847870183
7432 0.776876267748
7512 0.778904665314
7576 0.78093306288
7676 0.782961460446
7690 0.784989858012
7695 0.787018255578
7702 0.789046653144
7740 0.79107505071
7752 0.793103448276
7850 0.795131845842
7886 0.797160243408
7986 0.799188640974
7991 0.80121703854
7996 0.803245436105
7997 0.807302231237
7997 0.807302231237
8006 0.809330628803
8134 0.811359026369
8149 0.813387423935
8299 0.815415821501
8320 0.817444219067
8374 0.819472616633
8427 0.821501014199
8525 0.823529411765
8529 0.825557809331
8564 0.827586206897
8580 0.829614604462
8618 0.831643002028
8653 0.833671399594
8680 0.83569979716
8840 0.837728194726
8870 0.839756592292
8923 0.841784989858
8974 0.843813387424
9082 0.84584178499
9121 0.847870182556
9188 0.849898580122
9296 0.851926977688
9379 0.853955375254
9420 0.855983772819
9581 0.858012170385
9617 0.860040567951
9630 0.862068965517
9727 0.864097363083
9745 0.866125760649
9807 0.868154158215
9943 0.870182555781
10006 0.872210953347
10036 0.874239350913
10110 0.876267748479
10121 0.878296146045
10126 0.880324543611
10138 0.882352941176
10166 0.884381338742
10208 0.886409736308
10216 0.888438133874
10229 0.89046653144
10334 0.892494929006
10342 0.894523326572
10384 0.896551724138
10570 0.898580121704
10594 0.90060851927
10667 0.902636916836
10677 0.904665314402
10766 0.906693711968
10774 0.908722109533
10909 0.910750507099
10949 0.912778904665
11139 0.914807302231
11323 0.916835699797
11333 0.918864097363
11349 0.920892494929
11475 0.922920892495
11644 0.924949290061
11725 0.926977687627
11765 0.929006085193
11770 0.931034482759
11888 0.933062880325
12373 0.93509127789
12377 0.937119675456
12402 0.939148073022
12532 0.941176470588
12540 0.943204868154
12551 0.94523326572
12607 0.947261663286
12664 0.949290060852
12775 0.951318458418
12805 0.953346855984
12947 0.95537525355
13478 0.957403651116
13730 0.959432048682
13848 0.961460446247
14078 0.963488843813
14240 0.965517241379
14595 0.967545638945
14969 0.969574036511
15086 0.971602434077
15186 0.973630831643
15758 0.975659229209
16068 0.977687626775
16269 0.979716024341
16365 0.981744421907
17165 0.983772819473
17230 0.985801217039
18585 0.987829614604
21074 0.98985801217
21634 0.991886409736
21812 0.993914807302
46968 0.995943204868
106238 0.997971602434
155629 1.0
