33 0.00202429149798
642 0.00404858299595
850 0.00607287449393
1023 0.0080971659919
1214 0.0101214574899
1243 0.0121457489879
1356 0.0141700404858
1574 0.0161943319838
1795 0.0182186234818
1819 0.0202429149798
1856 0.0222672064777
1904 0.0242914979757
1940 0.0263157894737
1985 0.0283400809717
1989 0.0303643724696
1992 0.0323886639676
2033 0.0344129554656
2042 0.0364372469636
2066 0.0384615384615
2107 0.0404858299595
2111 0.0425101214575
2156 0.0445344129555
2164 0.0465587044534
2360 0.0485829959514
2386 0.0506072874494
2406 0.0526315789474
2627 0.0546558704453
2633 0.0566801619433
2637 0.0587044534413
2677 0.0607287449393
2725 0.0627530364372
2757 0.0647773279352
2789 0.0668016194332
2794 0.0688259109312
2842 0.0708502024291
3019 0.0728744939271
3042 0.0769230769231
3042 0.0769230769231
3050 0.0789473684211
3057 0.080971659919
3100 0.082995951417
3120 0.085020242915
3130 0.087044534413
3258 0.0890688259109
3281 0.0910931174089
3289 0.0931174089069
3307 0.0951417004049
3314 0.0971659919028
3325 0.0991902834008
3333 0.101214574899
3335 0.103238866397
3347 0.105263157895
3383 0.107287449393
3413 0.109311740891
3431 0.111336032389
3444 0.113360323887
3479 0.115384615385
3485 0.117408906883
3494 0.119433198381
3500 0.121457489879
3523 0.123481781377
3525 0.125506072874
3546 0.127530364372
3547 0.12955465587
3561 0.131578947368
3565 0.133603238866
3574 0.135627530364
3583 0.137651821862
3593 0.13967611336
3628 0.141700404858
3636 0.143724696356
3645 0.145748987854
3672 0.147773279352
3674 0.14979757085
3689 0.151821862348
3691 0.153846153846
3699 0.155870445344
3710 0.157894736842
3713 0.15991902834
3747 0.161943319838
3748 0.163967611336
3798 0.165991902834
3849 0.168016194332
3850 0.17004048583
3865 0.172064777328
3890 0.176113360324
3890 0.176113360324
3892 0.178137651822
3894 0.18016194332
3898 0.182186234818
3923 0.184210526316
3946 0.186234817814
3958 0.188259109312
3979 0.19028340081
3986 0.192307692308
4029 0.194331983806
4055 0.196356275304
4065 0.198380566802
4087 0.2004048583
4095 0.202429149798
4099 0.204453441296
4102 0.206477732794
4115 0.208502024291
4118 0.210526315789
4131 0.212550607287
4163 0.214574898785
4192 0.216599190283
4197 0.218623481781
4229 0.220647773279
4277 0.222672064777
4295 0.224696356275
4306 0.226720647773
4320 0.228744939271
4357 0.230769230769
4388 0.232793522267
4393 0.234817813765
4407 0.236842105263
4427 0.238866396761
4440 0.240890688259
4483 0.242914979757
4497 0.244939271255
4545 0.246963562753
4558 0.248987854251
4576 0.251012145749
4585 0.253036437247
4611 0.255060728745
4612 0.257085020243
4618 0.259109311741
4623 0.261133603239
4640 0.263157894737
4642 0.265182186235
4643 0.267206477733
4647 0.269230769231
4648 0.273279352227
4648 0.273279352227
4697 0.275303643725
4706 0.277327935223
4770 0.279352226721
4796 0.281376518219
4811 0.283400809717
4821 0.285425101215
4826 0.287449392713
4827 0.289473684211
4828 0.291497975709
4835 0.293522267206
4857 0.295546558704
4863 0.297570850202
4870 0.301619433198
4870 0.301619433198
4905 0.303643724696
4916 0.305668016194
4936 0.307692307692
4937 0.30971659919
4990 0.311740890688
5012 0.315789473684
5012 0.315789473684
5017 0.317813765182
5019 0.31983805668
5026 0.321862348178
5069 0.323886639676
5074 0.325910931174
5105 0.327935222672
5170 0.32995951417
5172 0.331983805668
5174 0.334008097166
5181 0.336032388664
5182 0.338056680162
5186 0.34008097166
5204 0.342105263158
5222 0.344129554656
5243 0.346153846154
5253 0.348178137652
5281 0.35020242915
5291 0.352226720648
5307 0.354251012146
5318 0.356275303644
5332 0.358299595142
5372 0.36032388664
5380 0.362348178138
5425 0.364372469636
5426 0.366396761134
5444 0.368421052632
5456 0.37044534413
5485 0.372469635628
5509 0.374493927126
5535 0.376518218623
5547 0.378542510121
5549 0.380566801619
5550 0.382591093117
5553 0.384615384615
5569 0.386639676113
5581 0.388663967611
5584 0.390688259109
5646 0.392712550607
5665 0.394736842105
5667 0.396761133603
5678 0.398785425101
5683 0.400809716599
5691 0.402834008097
5705 0.404858299595
5706 0.406882591093
5711 0.408906882591
5713 0.410931174089
5775 0.412955465587
5780 0.414979757085
5820 0.417004048583
5824 0.419028340081
5839 0.421052631579
5856 0.423076923077
5876 0.425101214575
5883 0.427125506073
5888 0.429149797571
5890 0.431174089069
5907 0.433198380567
5915 0.435222672065
5935 0.437246963563
5936 0.439271255061
5957 0.441295546559
5959 0.443319838057
5971 0.445344129555
5978 0.447368421053
5983 0.449392712551
5984 0.451417004049
5988 0.453441295547
5994 0.455465587045
5995 0.457489878543
5999 0.45951417004
6012 0.461538461538
6045 0.463562753036
6049 0.465587044534
6072 0.467611336032
6076 0.46963562753
6092 0.471659919028
6114 0.473684210526
6128 0.475708502024
6137 0.477732793522
6139 0.47975708502
6140 0.481781376518
6147 0.483805668016
6157 0.485829959514
6158 0.487854251012
6163 0.48987854251
6170 0.491902834008
6180 0.493927125506
6215 0.495951417004
6258 0.497975708502
6293 0.5
6298 0.502024291498
6350 0.504048582996
6357 0.506072874494
6360 0.508097165992
6371 0.51012145749
6381 0.512145748988
6396 0.514170040486
6450 0.516194331984
6474 0.518218623482
6522 0.52024291498
6525 0.522267206478
6558 0.524291497976
6570 0.526315789474
6634 0.528340080972
6636 0.53036437247
6649 0.532388663968
6658 0.534412955466
6678 0.536437246964
6688 0.538461538462
6691 0.54048582996
6715 0.542510121457
6748 0.544534412955
6757 0.546558704453
6762 0.548582995951
6776 0.550607287449
6795 0.552631578947
6818 0.554655870445
6841 0.556680161943
6863 0.558704453441
6924 0.560728744939
6936 0.562753036437
6937 0.564777327935
6951 0.566801619433
6961 0.568825910931
6989 0.570850202429
6994 0.572874493927
7002 0.574898785425
7003 0.578947368421
7003 0.578947368421
7046 0.580971659919
7090 0.582995951417
7111 0.585020242915
7119 0.587044534413
7130 0.589068825911
7196 0.591093117409
7224 0.593117408907
7238 0.595141700405
7244 0.597165991903
7247 0.599190283401
7291 0.601214574899
7303 0.603238866397
7307 0.605263157895
7317 0.609311740891
7317 0.609311740891
7321 0.611336032389
7413 0.613360323887
7433 0.615384615385
7477 0.617408906883
7483 0.619433198381
7531 0.621457489879
7542 0.623481781377
7572 0.625506072874
7594 0.627530364372
7644 0.62955465587
7664 0.631578947368
7668 0.633603238866
7671 0.635627530364
7689 0.637651821862
7724 0.63967611336
7761 0.641700404858
7763 0.643724696356
7778 0.645748987854
7786 0.647773279352
7796 0.64979757085
7862 0.651821862348
7878 0.653846153846
7919 0.655870445344
7928 0.657894736842
8000 0.65991902834
8004 0.661943319838
8010 0.663967611336
8015 0.665991902834
8037 0.668016194332
8039 0.67004048583
8060 0.672064777328
8095 0.674089068826
8102 0.676113360324
8129 0.678137651822
8165 0.68016194332
8226 0.682186234818
8234 0.684210526316
8237 0.686234817814
8241 0.688259109312
8254 0.69028340081
8256 0.692307692308
8268 0.694331983806
8286 0.696356275304
8331 0.698380566802
8341 0.7004048583
8342 0.702429149798
8350 0.706477732794
8350 0.706477732794
8364 0.708502024291
8377 0.710526315789
8381 0.712550607287
8391 0.714574898785
8418 0.716599190283
8420 0.718623481781
8435 0.720647773279
8480 0.724696356275
8480 0.724696356275
8498 0.726720647773
8507 0.728744939271
8572 0.730769230769
8594 0.732793522267
8705 0.734817813765
8794 0.736842105263
8797 0.738866396761
8804 0.740890688259
8875 0.742914979757
8885 0.744939271255
8905 0.746963562753
8908 0.748987854251
8916 0.751012145749
8989 0.753036437247
8993 0.755060728745
9036 0.757085020243
9037 0.759109311741
9085 0.761133603239
9111 0.763157894737
9117 0.765182186235
9147 0.767206477733
9156 0.769230769231
9172 0.771255060729
9228 0.773279352227
9354 0.775303643725
9432 0.777327935223
9516 0.779352226721
9533 0.781376518219
9570 0.783400809717
9608 0.785425101215
9611 0.787449392713
9626 0.789473684211
9808 0.791497975709
9816 0.793522267206
9880 0.795546558704
9908 0.797570850202
9921 0.7995951417
9930 0.801619433198
9936 0.803643724696
9955 0.805668016194
10044 0.807692307692
10051 0.80971659919
10099 0.811740890688
10101 0.813765182186
10146 0.815789473684
10163 0.817813765182
10215 0.81983805668
10290 0.821862348178
10351 0.823886639676
10406 0.825910931174
10470 0.827935222672
10474 0.82995951417
10573 0.831983805668
10626 0.834008097166
10648 0.836032388664
10667 0.838056680162
10772 0.84008097166
10801 0.842105263158
10857 0.844129554656
10893 0.846153846154
10911 0.848178137652
10958 0.85020242915
10985 0.852226720648
11036 0.854251012146
11092 0.856275303644
11111 0.858299595142
11260 0.86032388664
11321 0.862348178138
11351 0.864372469636
11534 0.866396761134
11538 0.868421052632
11590 0.87044534413
11604 0.872469635628
11666 0.874493927126
11783 0.876518218623
12050 0.878542510121
12140 0.880566801619
12272 0.882591093117
12536 0.884615384615
12541 0.886639676113
12546 0.888663967611
12573 0.890688259109
12647 0.892712550607
12759 0.894736842105
12770 0.896761133603
12884 0.898785425101
12937 0.900809716599
13163 0.902834008097
13277 0.904858299595
13315 0.906882591093
13452 0.908906882591
13474 0.910931174089
13629 0.912955465587
13630 0.914979757085
13633 0.917004048583
13766 0.919028340081
13782 0.921052631579
13818 0.923076923077
13985 0.925101214575
14046 0.927125506073
14157 0.929149797571
14204 0.931174089069
14769 0.933198380567
14771 0.935222672065
14824 0.937246963563
14844 0.939271255061
14905 0.941295546559
14921 0.943319838057
15034 0.945344129555
15368 0.947368421053
15467 0.949392712551
15641 0.951417004049
15775 0.953441295547
15863 0.955465587045
16109 0.957489878543
16290 0.95951417004
16347 0.961538461538
16424 0.963562753036
16500 0.965587044534
16570 0.967611336032
16659 0.96963562753
16770 0.971659919028
16961 0.973684210526
17300 0.975708502024
17925 0.977732793522
18613 0.97975708502
19361 0.981781376518
19832 0.983805668016
19854 0.985829959514
20302 0.987854251012
20715 0.98987854251
20826 0.991902834008
21135 0.993927125506
27367 0.995951417004
28474 0.997975708502
47501 1.0
