28 0.00202429149798
812 0.00404858299595
1050 0.00607287449393
1303 0.0080971659919
1537 0.0101214574899
1570 0.0121457489879
1770 0.0141700404858
2050 0.0161943319838
2329 0.0182186234818
2332 0.0202429149798
2337 0.0222672064777
2379 0.0242914979757
2388 0.0263157894737
2519 0.0283400809717
2534 0.0303643724696
2542 0.0323886639676
2552 0.0344129554656
2569 0.0364372469636
2575 0.0384615384615
2603 0.0404858299595
2689 0.0425101214575
2705 0.0445344129555
2753 0.0465587044534
2785 0.0485829959514
2950 0.0506072874494
3052 0.0526315789474
3084 0.0546558704453
3184 0.0566801619433
3312 0.0587044534413
3349 0.0607287449393
3363 0.0627530364372
3486 0.0647773279352
3535 0.0668016194332
3582 0.0688259109312
3589 0.0708502024291
3642 0.0728744939271
3666 0.0748987854251
3671 0.0769230769231
3693 0.0789473684211
3694 0.080971659919
3768 0.082995951417
3888 0.085020242915
3903 0.087044534413
3938 0.0890688259109
3968 0.0910931174089
4005 0.0931174089069
4008 0.0951417004049
4049 0.0971659919028
4127 0.0991902834008
4142 0.101214574899
4153 0.103238866397
4162 0.105263157895
4184 0.107287449393
4196 0.109311740891
4200 0.111336032389
4237 0.113360323887
4248 0.115384615385
4277 0.117408906883
4304 0.119433198381
4320 0.121457489879
4337 0.123481781377
4338 0.125506072874
4356 0.127530364372
4368 0.12955465587
4376 0.131578947368
4393 0.133603238866
4404 0.135627530364
4411 0.137651821862
4423 0.13967611336
4437 0.141700404858
4447 0.143724696356
4452 0.145748987854
4459 0.147773279352
4464 0.14979757085
4487 0.151821862348
4504 0.153846153846
4538 0.155870445344
4540 0.157894736842
4577 0.15991902834
4591 0.161943319838
4599 0.163967611336
4607 0.165991902834
4630 0.168016194332
4666 0.17004048583
4681 0.172064777328
4765 0.174089068826
4787 0.176113360324
4796 0.178137651822
4817 0.18016194332
4833 0.182186234818
4850 0.184210526316
4862 0.186234817814
4864 0.188259109312
4880 0.19028340081
4888 0.192307692308
4901 0.194331983806
4957 0.196356275304
4976 0.198380566802
5042 0.2004048583
5052 0.202429149798
5085 0.204453441296
5089 0.206477732794
5098 0.208502024291
5102 0.210526315789
5114 0.212550607287
5129 0.214574898785
5131 0.216599190283
5136 0.218623481781
5143 0.220647773279
5159 0.222672064777
5186 0.224696356275
5201 0.226720647773
5203 0.228744939271
5206 0.230769230769
5221 0.232793522267
5224 0.234817813765
5234 0.236842105263
5250 0.238866396761
5259 0.240890688259
5283 0.242914979757
5293 0.244939271255
5311 0.246963562753
5346 0.248987854251
5427 0.251012145749
5454 0.253036437247
5473 0.255060728745
5477 0.257085020243
5502 0.259109311741
5511 0.261133603239
5513 0.263157894737
5514 0.265182186235
5546 0.267206477733
5550 0.269230769231
5553 0.271255060729
5560 0.273279352227
5578 0.275303643725
5606 0.277327935223
5613 0.279352226721
5660 0.281376518219
5672 0.283400809717
5685 0.285425101215
5729 0.287449392713
5738 0.289473684211
5777 0.291497975709
5782 0.293522267206
5783 0.295546558704
5839 0.297570850202
5844 0.2995951417
5889 0.301619433198
5893 0.303643724696
5908 0.307692307692
5908 0.307692307692
5912 0.30971659919
5915 0.311740890688
5939 0.313765182186
5966 0.315789473684
5985 0.317813765182
6009 0.31983805668
6045 0.321862348178
6046 0.323886639676
6072 0.325910931174
6088 0.327935222672
6092 0.32995951417
6104 0.331983805668
6113 0.334008097166
6126 0.336032388664
6147 0.338056680162
6168 0.34008097166
6234 0.342105263158
6235 0.344129554656
6258 0.348178137652
6258 0.348178137652
6259 0.35020242915
6261 0.352226720648
6263 0.354251012146
6275 0.356275303644
6277 0.358299595142
6319 0.36032388664
6320 0.362348178138
6351 0.364372469636
6356 0.366396761134
6357 0.368421052632
6393 0.37044534413
6421 0.372469635628
6478 0.374493927126
6485 0.376518218623
6513 0.378542510121
6596 0.380566801619
6603 0.382591093117
6619 0.384615384615
6648 0.386639676113
6661 0.388663967611
6703 0.390688259109
6723 0.392712550607
6760 0.394736842105
6772 0.396761133603
6807 0.398785425101
6815 0.400809716599
6816 0.402834008097
6819 0.404858299595
6821 0.406882591093
6829 0.408906882591
6832 0.410931174089
6842 0.412955465587
6850 0.414979757085
6857 0.417004048583
6866 0.419028340081
6880 0.421052631579
6885 0.423076923077
6950 0.425101214575
6969 0.427125506073
7027 0.429149797571
7048 0.433198380567
7048 0.433198380567
7050 0.435222672065
7069 0.437246963563
7097 0.439271255061
7116 0.441295546559
7130 0.443319838057
7138 0.445344129555
7159 0.447368421053
7173 0.449392712551
7225 0.451417004049
7244 0.453441295547
7275 0.455465587045
7350 0.457489878543
7351 0.461538461538
7351 0.461538461538
7353 0.463562753036
7361 0.465587044534
7378 0.467611336032
7402 0.46963562753
7408 0.471659919028
7412 0.473684210526
7441 0.475708502024
7469 0.477732793522
7517 0.47975708502
7529 0.483805668016
7529 0.483805668016
7537 0.485829959514
7569 0.487854251012
7579 0.48987854251
7601 0.491902834008
7609 0.493927125506
7625 0.495951417004
7627 0.497975708502
7638 0.5
7670 0.502024291498
7682 0.504048582996
7684 0.506072874494
7694 0.508097165992
7706 0.51012145749
7709 0.512145748988
7722 0.514170040486
7751 0.518218623482
7751 0.518218623482
7784 0.52024291498
7789 0.524291497976
7789 0.524291497976
7826 0.526315789474
7828 0.528340080972
7844 0.53036437247
7849 0.532388663968
7854 0.534412955466
7880 0.536437246964
7890 0.538461538462
7897 0.54048582996
7906 0.542510121457
7908 0.544534412955
7917 0.546558704453
7933 0.548582995951
7938 0.550607287449
7951 0.552631578947
7970 0.554655870445
8004 0.556680161943
8006 0.558704453441
8029 0.560728744939
8036 0.562753036437
8129 0.564777327935
8173 0.566801619433
8176 0.568825910931
8184 0.570850202429
8188 0.572874493927
8192 0.574898785425
8198 0.576923076923
8214 0.578947368421
8240 0.580971659919
8263 0.582995951417
8267 0.585020242915
8322 0.587044534413
8325 0.589068825911
8341 0.591093117409
8375 0.593117408907
8376 0.595141700405
8386 0.597165991903
8394 0.599190283401
8398 0.601214574899
8414 0.603238866397
8442 0.605263157895
8456 0.607287449393
8473 0.609311740891
8479 0.611336032389
8514 0.613360323887
8543 0.615384615385
8568 0.617408906883
8577 0.619433198381
8592 0.621457489879
8605 0.623481781377
8624 0.625506072874
8668 0.627530364372
8670 0.62955465587
8792 0.631578947368
8806 0.633603238866
8853 0.635627530364
8864 0.637651821862
8870 0.63967611336
8946 0.641700404858
8962 0.643724696356
8975 0.645748987854
8996 0.647773279352
9011 0.64979757085
9012 0.651821862348
9038 0.653846153846
9055 0.655870445344
9111 0.657894736842
9114 0.65991902834
9117 0.661943319838
9121 0.663967611336
9177 0.665991902834
9183 0.668016194332
9194 0.67004048583
9229 0.672064777328
9271 0.676113360324
9271 0.676113360324
9272 0.678137651822
9281 0.68016194332
9398 0.682186234818
9420 0.684210526316
9464 0.686234817814
9478 0.688259109312
9480 0.69028340081
9492 0.692307692308
9524 0.694331983806
9543 0.696356275304
9578 0.698380566802
9579 0.7004048583
9725 0.702429149798
9774 0.704453441296
9776 0.706477732794
9777 0.708502024291
9781 0.710526315789
9814 0.712550607287
9822 0.714574898785
9824 0.716599190283
9860 0.718623481781
9884 0.720647773279
9887 0.722672064777
9926 0.724696356275
9935 0.726720647773
9938 0.728744939271
9985 0.730769230769
10002 0.732793522267
10024 0.734817813765
10034 0.736842105263
10054 0.738866396761
10098 0.740890688259
10133 0.742914979757
10153 0.744939271255
10188 0.746963562753
10218 0.748987854251
10285 0.751012145749
10293 0.753036437247
10391 0.757085020243
10391 0.757085020243
10406 0.759109311741
10459 0.761133603239
10468 0.763157894737
10485 0.765182186235
10487 0.767206477733
10511 0.769230769231
10599 0.771255060729
10616 0.773279352227
10664 0.775303643725
10680 0.777327935223
10762 0.779352226721
10774 0.781376518219
10812 0.783400809717
10851 0.785425101215
10954 0.787449392713
10959 0.789473684211
10963 0.791497975709
10964 0.793522267206
10997 0.795546558704
11010 0.797570850202
11011 0.7995951417
11024 0.801619433198
11080 0.803643724696
11139 0.805668016194
11140 0.807692307692
11162 0.80971659919
11165 0.811740890688
11290 0.813765182186
11316 0.815789473684
11317 0.817813765182
11433 0.81983805668
11471 0.821862348178
11512 0.823886639676
11533 0.825910931174
11593 0.827935222672
11595 0.82995951417
11637 0.831983805668
11638 0.834008097166
11694 0.836032388664
11762 0.838056680162
11802 0.84008097166
11817 0.842105263158
11869 0.844129554656
11915 0.846153846154
11931 0.848178137652
11983 0.85020242915
12036 0.852226720648
12069 0.854251012146
12147 0.856275303644
12231 0.858299595142
12241 0.86032388664
12404 0.862348178138
12416 0.864372469636
12419 0.866396761134
12621 0.868421052632
12649 0.87044534413
12652 0.872469635628
12725 0.874493927126
12769 0.876518218623
12809 0.878542510121
12839 0.880566801619
12878 0.882591093117
12909 0.884615384615
12946 0.886639676113
13077 0.888663967611
13129 0.890688259109
13219 0.892712550607
13285 0.894736842105
13321 0.896761133603
13382 0.898785425101
13452 0.900809716599
13683 0.902834008097
13738 0.904858299595
13813 0.906882591093
13866 0.908906882591
13977 0.910931174089
14135 0.912955465587
14276 0.914979757085
14288 0.917004048583
14302 0.919028340081
14490 0.921052631579
14649 0.923076923077
14710 0.925101214575
14711 0.927125506073
14869 0.929149797571
14965 0.931174089069
15079 0.933198380567
15190 0.935222672065
15245 0.937246963563
15502 0.939271255061
15716 0.941295546559
15733 0.943319838057
15930 0.945344129555
15991 0.947368421053
16148 0.949392712551
16323 0.951417004049
16669 0.953441295547
16678 0.955465587045
16819 0.957489878543
17378 0.95951417004
17570 0.961538461538
17621 0.963562753036
17688 0.965587044534
18467 0.967611336032
18483 0.96963562753
18526 0.971659919028
18556 0.973684210526
18979 0.975708502024
19049 0.977732793522
19218 0.97975708502
19553 0.981781376518
20307 0.983805668016
20776 0.985829959514
21096 0.987854251012
21577 0.98987854251
21776 0.991902834008
21838 0.993927125506
27188 0.995951417004
33894 0.997975708502
48173 1.0
