34 0.00202429149798
734 0.00404858299595
962 0.00607287449393
1179 0.0080971659919
1394 0.0101214574899
1399 0.0121457489879
1564 0.0141700404858
1821 0.0161943319838
1838 0.0182186234818
2109 0.0202429149798
2118 0.0222672064777
2172 0.0242914979757
2204 0.0263157894737
2250 0.0283400809717
2271 0.0303643724696
2279 0.0323886639676
2285 0.0344129554656
2289 0.0364372469636
2321 0.0384615384615
2329 0.0404858299595
2376 0.0425101214575
2380 0.0445344129555
2483 0.0465587044534
2714 0.0485829959514
2747 0.0506072874494
2780 0.0526315789474
2857 0.0546558704453
2868 0.0566801619433
2882 0.0587044534413
3011 0.0607287449393
3019 0.0627530364372
3058 0.0647773279352
3183 0.0668016194332
3202 0.0688259109312
3258 0.0728744939271
3258 0.0728744939271
3374 0.0748987854251
3428 0.0769230769231
3472 0.0789473684211
3533 0.080971659919
3552 0.082995951417
3559 0.085020242915
3583 0.087044534413
3617 0.0890688259109
3640 0.0910931174089
3691 0.0931174089069
3763 0.0951417004049
3774 0.0971659919028
3777 0.0991902834008
3796 0.101214574899
3799 0.103238866397
3818 0.105263157895
3849 0.107287449393
3856 0.109311740891
3870 0.111336032389
3871 0.113360323887
3913 0.115384615385
3928 0.117408906883
3929 0.119433198381
3957 0.121457489879
3970 0.123481781377
4002 0.125506072874
4032 0.127530364372
4041 0.12955465587
4054 0.131578947368
4062 0.133603238866
4073 0.135627530364
4081 0.137651821862
4084 0.13967611336
4127 0.141700404858
4134 0.143724696356
4145 0.145748987854
4175 0.147773279352
4178 0.14979757085
4191 0.151821862348
4194 0.153846153846
4199 0.155870445344
4207 0.157894736842
4215 0.15991902834
4240 0.161943319838
4265 0.163967611336
4270 0.165991902834
4294 0.168016194332
4338 0.17004048583
4348 0.172064777328
4388 0.174089068826
4421 0.176113360324
4422 0.178137651822
4428 0.18016194332
4430 0.182186234818
4431 0.184210526316
4481 0.186234817814
4520 0.188259109312
4525 0.19028340081
4617 0.192307692308
4659 0.194331983806
4664 0.196356275304
4686 0.198380566802
4687 0.2004048583
4689 0.202429149798
4704 0.204453441296
4720 0.206477732794
4736 0.208502024291
4759 0.210526315789
4760 0.212550607287
4762 0.214574898785
4820 0.216599190283
4832 0.218623481781
4839 0.220647773279
4890 0.222672064777
4897 0.224696356275
4928 0.226720647773
4930 0.228744939271
4933 0.230769230769
4940 0.232793522267
4967 0.234817813765
4980 0.236842105263
4993 0.238866396761
5026 0.240890688259
5034 0.242914979757
5042 0.244939271255
5084 0.246963562753
5088 0.248987854251
5102 0.251012145749
5135 0.253036437247
5145 0.255060728745
5156 0.257085020243
5161 0.259109311741
5194 0.261133603239
5216 0.263157894737
5237 0.265182186235
5241 0.267206477733
5251 0.269230769231
5253 0.271255060729
5317 0.273279352227
5321 0.275303643725
5332 0.277327935223
5356 0.279352226721
5368 0.281376518219
5382 0.283400809717
5390 0.285425101215
5400 0.287449392713
5437 0.289473684211
5462 0.291497975709
5477 0.293522267206
5482 0.295546558704
5485 0.297570850202
5494 0.2995951417
5498 0.301619433198
5500 0.303643724696
5502 0.305668016194
5513 0.307692307692
5554 0.30971659919
5555 0.311740890688
5577 0.313765182186
5604 0.315789473684
5612 0.317813765182
5615 0.31983805668
5634 0.321862348178
5640 0.323886639676
5667 0.325910931174
5675 0.327935222672
5692 0.32995951417
5738 0.331983805668
5769 0.334008097166
5778 0.336032388664
5830 0.338056680162
5834 0.34008097166
5864 0.342105263158
5871 0.344129554656
5937 0.346153846154
5957 0.348178137652
5974 0.35020242915
5982 0.352226720648
6012 0.354251012146
6014 0.358299595142
6014 0.358299595142
6019 0.36032388664
6023 0.362348178138
6039 0.364372469636
6049 0.366396761134
6059 0.368421052632
6067 0.37044534413
6077 0.372469635628
6084 0.374493927126
6096 0.376518218623
6102 0.378542510121
6118 0.380566801619
6137 0.382591093117
6158 0.384615384615
6180 0.386639676113
6192 0.388663967611
6218 0.390688259109
6237 0.392712550607
6256 0.394736842105
6261 0.396761133603
6279 0.398785425101
6288 0.400809716599
6294 0.402834008097
6314 0.404858299595
6315 0.406882591093
6333 0.408906882591
6347 0.410931174089
6357 0.412955465587
6381 0.414979757085
6397 0.417004048583
6422 0.419028340081
6435 0.421052631579
6461 0.423076923077
6506 0.425101214575
6510 0.427125506073
6570 0.429149797571
6591 0.431174089069
6593 0.433198380567
6608 0.435222672065
6626 0.439271255061
6626 0.439271255061
6641 0.441295546559
6656 0.443319838057
6685 0.445344129555
6718 0.447368421053
6748 0.449392712551
6777 0.451417004049
6792 0.453441295547
6804 0.455465587045
6825 0.457489878543
6843 0.45951417004
6856 0.461538461538
6885 0.463562753036
6893 0.465587044534
6911 0.467611336032
6913 0.46963562753
6923 0.471659919028
6924 0.473684210526
6928 0.475708502024
6963 0.47975708502
6963 0.47975708502
6966 0.481781376518
7023 0.483805668016
7038 0.485829959514
7042 0.487854251012
7056 0.48987854251
7060 0.491902834008
7079 0.493927125506
7091 0.495951417004
7092 0.497975708502
7098 0.5
7106 0.502024291498
7136 0.504048582996
7156 0.506072874494
7200 0.508097165992
7210 0.51012145749
7224 0.512145748988
7239 0.514170040486
7250 0.516194331984
7276 0.518218623482
7295 0.52024291498
7304 0.522267206478
7315 0.524291497976
7331 0.526315789474
7348 0.528340080972
7354 0.532388663968
7354 0.532388663968
7369 0.534412955466
7373 0.536437246964
7413 0.538461538462
7439 0.54048582996
7452 0.542510121457
7488 0.544534412955
7497 0.546558704453
7529 0.548582995951
7538 0.550607287449
7581 0.552631578947
7625 0.556680161943
7625 0.556680161943
7663 0.558704453441
7686 0.560728744939
7694 0.562753036437
7705 0.564777327935
7719 0.566801619433
7722 0.568825910931
7725 0.570850202429
7733 0.572874493927
7740 0.574898785425
7763 0.578947368421
7763 0.578947368421
7765 0.580971659919
7782 0.582995951417
7898 0.585020242915
7913 0.587044534413
7938 0.589068825911
7990 0.591093117409
8019 0.593117408907
8025 0.595141700405
8034 0.597165991903
8035 0.599190283401
8056 0.601214574899
8070 0.603238866397
8098 0.605263157895
8106 0.607287449393
8121 0.609311740891
8128 0.611336032389
8139 0.613360323887
8213 0.615384615385
8235 0.617408906883
8286 0.619433198381
8298 0.621457489879
8326 0.623481781377
8331 0.625506072874
8474 0.627530364372
8543 0.62955465587
8562 0.631578947368
8570 0.633603238866
8596 0.635627530364
8700 0.637651821862
8721 0.63967611336
8752 0.641700404858
8758 0.643724696356
8768 0.645748987854
8783 0.647773279352
8785 0.64979757085
8798 0.651821862348
8820 0.653846153846
8834 0.655870445344
8840 0.657894736842
8852 0.65991902834
8853 0.661943319838
8865 0.663967611336
8867 0.665991902834
8874 0.668016194332
8892 0.67004048583
8906 0.672064777328
8969 0.674089068826
8994 0.676113360324
8995 0.678137651822
8998 0.68016194332
9011 0.682186234818
9013 0.684210526316
9024 0.686234817814
9036 0.688259109312
9052 0.69028340081
9061 0.692307692308
9063 0.694331983806
9096 0.696356275304
9155 0.698380566802
9190 0.7004048583
9200 0.702429149798
9209 0.704453441296
9215 0.706477732794
9252 0.708502024291
9287 0.710526315789
9346 0.712550607287
9381 0.714574898785
9395 0.716599190283
9414 0.718623481781
9433 0.720647773279
9496 0.722672064777
9516 0.724696356275
9524 0.726720647773
9527 0.728744939271
9536 0.730769230769
9617 0.732793522267
9632 0.734817813765
9668 0.736842105263
9785 0.738866396761
9816 0.740890688259
9837 0.742914979757
9859 0.744939271255
9885 0.746963562753
9928 0.748987854251
9938 0.751012145749
10049 0.753036437247
10072 0.755060728745
10099 0.757085020243
10115 0.759109311741
10127 0.761133603239
10222 0.763157894737
10244 0.765182186235
10245 0.767206477733
10313 0.769230769231
10335 0.771255060729
10465 0.773279352227
10500 0.775303643725
10518 0.777327935223
10599 0.779352226721
10700 0.781376518219
10799 0.783400809717
10809 0.785425101215
10825 0.787449392713
10872 0.789473684211
10908 0.791497975709
11072 0.793522267206
11110 0.795546558704
11173 0.797570850202
11181 0.7995951417
11201 0.801619433198
11228 0.803643724696
11277 0.805668016194
11370 0.807692307692
11401 0.80971659919
11435 0.811740890688
11459 0.813765182186
11492 0.815789473684
11523 0.817813765182
11567 0.81983805668
11623 0.821862348178
11643 0.823886639676
11663 0.825910931174
11669 0.827935222672
11671 0.82995951417
11685 0.831983805668
11713 0.834008097166
11726 0.836032388664
11742 0.838056680162
11777 0.84008097166
11876 0.842105263158
11917 0.844129554656
11938 0.846153846154
11950 0.848178137652
12001 0.85020242915
12005 0.852226720648
12024 0.854251012146
12032 0.856275303644
12099 0.858299595142
12114 0.86032388664
12182 0.862348178138
12184 0.864372469636
12262 0.866396761134
12459 0.868421052632
12487 0.87044534413
12540 0.872469635628
12692 0.874493927126
12780 0.876518218623
12958 0.878542510121
13070 0.880566801619
13248 0.882591093117
13321 0.884615384615
13575 0.886639676113
13663 0.888663967611
13695 0.890688259109
13811 0.892712550607
13884 0.894736842105
13935 0.896761133603
13938 0.898785425101
14177 0.900809716599
14212 0.902834008097
14261 0.904858299595
14269 0.906882591093
14312 0.908906882591
14407 0.910931174089
14502 0.912955465587
14632 0.914979757085
14683 0.917004048583
14732 0.919028340081
14823 0.921052631579
14902 0.923076923077
15132 0.925101214575
15279 0.927125506073
15586 0.929149797571
15694 0.931174089069
16011 0.933198380567
16029 0.935222672065
16038 0.937246963563
16097 0.939271255061
16150 0.941295546559
16185 0.943319838057
16204 0.945344129555
16742 0.947368421053
16790 0.949392712551
16828 0.951417004049
16885 0.953441295547
16891 0.955465587045
17513 0.957489878543
17734 0.95951417004
17735 0.961538461538
17879 0.963562753036
17998 0.965587044534
18363 0.967611336032
18601 0.96963562753
18659 0.971659919028
18896 0.973684210526
19162 0.975708502024
19182 0.977732793522
19622 0.97975708502
20833 0.981781376518
21226 0.983805668016
21425 0.985829959514
21795 0.987854251012
22866 0.98987854251
24360 0.991902834008
29271 0.993927125506
31660 0.995951417004
36586 0.997975708502
439856 1.0
