30 0.00202429149798
634 0.00404858299595
837 0.00607287449393
1028 0.0080971659919
1177 0.0101214574899
1201 0.0121457489879
1352 0.0141700404858
1557 0.0161943319838
1734 0.0182186234818
1804 0.0202429149798
1806 0.0222672064777
1821 0.0242914979757
1867 0.0263157894737
1906 0.0283400809717
1940 0.0303643724696
1956 0.0323886639676
1979 0.0344129554656
1984 0.0364372469636
1985 0.0384615384615
1992 0.0404858299595
2067 0.0425101214575
2105 0.0445344129555
2122 0.0465587044534
2149 0.0485829959514
2299 0.0506072874494
2333 0.0526315789474
2378 0.0546558704453
2406 0.0566801619433
2458 0.0587044534413
2562 0.0607287449393
2589 0.0627530364372
2590 0.0647773279352
2731 0.0668016194332
2746 0.0688259109312
2770 0.0708502024291
2806 0.0728744939271
2812 0.0748987854251
2816 0.0769230769231
2829 0.0789473684211
2841 0.080971659919
2902 0.082995951417
2985 0.085020242915
3011 0.087044534413
3059 0.0890688259109
3077 0.0910931174089
3092 0.0931174089069
3130 0.0951417004049
3145 0.0971659919028
3157 0.0991902834008
3167 0.101214574899
3196 0.103238866397
3235 0.107287449393
3235 0.107287449393
3256 0.109311740891
3305 0.111336032389
3321 0.113360323887
3328 0.115384615385
3336 0.117408906883
3345 0.121457489879
3345 0.121457489879
3348 0.123481781377
3362 0.125506072874
3369 0.127530364372
3386 0.12955465587
3388 0.131578947368
3393 0.133603238866
3396 0.135627530364
3414 0.137651821862
3433 0.13967611336
3436 0.141700404858
3440 0.143724696356
3445 0.145748987854
3446 0.147773279352
3447 0.14979757085
3460 0.151821862348
3475 0.153846153846
3480 0.155870445344
3503 0.157894736842
3517 0.15991902834
3519 0.161943319838
3527 0.163967611336
3570 0.165991902834
3580 0.168016194332
3597 0.17004048583
3598 0.172064777328
3601 0.174089068826
3602 0.176113360324
3639 0.178137651822
3676 0.18016194332
3686 0.182186234818
3697 0.184210526316
3704 0.186234817814
3711 0.19028340081
3711 0.19028340081
3747 0.192307692308
3818 0.196356275304
3818 0.196356275304
3834 0.198380566802
3846 0.2004048583
3873 0.202429149798
3879 0.204453441296
3900 0.206477732794
3911 0.208502024291
3915 0.210526315789
3929 0.212550607287
3965 0.214574898785
3982 0.216599190283
3985 0.218623481781
3992 0.220647773279
3993 0.222672064777
4002 0.224696356275
4009 0.226720647773
4010 0.228744939271
4020 0.230769230769
4043 0.232793522267
4060 0.234817813765
4062 0.236842105263
4072 0.238866396761
4079 0.240890688259
4086 0.242914979757
4096 0.244939271255
4097 0.246963562753
4102 0.248987854251
4112 0.251012145749
4128 0.253036437247
4131 0.255060728745
4149 0.257085020243
4155 0.259109311741
4228 0.261133603239
4312 0.263157894737
4314 0.265182186235
4333 0.267206477733
4347 0.269230769231
4363 0.271255060729
4366 0.273279352227
4378 0.275303643725
4399 0.277327935223
4409 0.279352226721
4420 0.283400809717
4420 0.283400809717
4428 0.285425101215
4431 0.287449392713
4436 0.289473684211
4466 0.293522267206
4466 0.293522267206
4501 0.295546558704
4504 0.297570850202
4517 0.2995951417
4544 0.301619433198
4555 0.303643724696
4588 0.305668016194
4589 0.307692307692
4597 0.30971659919
4601 0.311740890688
4605 0.313765182186
4608 0.315789473684
4613 0.317813765182
4637 0.31983805668
4644 0.321862348178
4655 0.323886639676
4689 0.325910931174
4697 0.327935222672
4709 0.32995951417
4710 0.331983805668
4718 0.334008097166
4753 0.338056680162
4753 0.338056680162
4767 0.34008097166
4801 0.342105263158
4816 0.344129554656
4823 0.346153846154
4841 0.348178137652
4852 0.35020242915
4853 0.352226720648
4878 0.354251012146
4887 0.356275303644
4888 0.358299595142
4901 0.36032388664
4905 0.362348178138
4914 0.364372469636
4917 0.366396761134
4948 0.368421052632
4970 0.37044534413
4975 0.372469635628
4988 0.374493927126
5001 0.376518218623
5034 0.378542510121
5068 0.380566801619
5094 0.382591093117
5120 0.384615384615
5126 0.386639676113
5134 0.388663967611
5138 0.390688259109
5142 0.392712550607
5156 0.394736842105
5184 0.396761133603
5202 0.398785425101
5210 0.402834008097
5210 0.402834008097
5212 0.404858299595
5234 0.406882591093
5251 0.408906882591
5269 0.410931174089
5271 0.412955465587
5278 0.414979757085
5300 0.417004048583
5305 0.419028340081
5307 0.421052631579
5319 0.423076923077
5320 0.425101214575
5329 0.427125506073
5332 0.429149797571
5334 0.431174089069
5341 0.433198380567
5344 0.435222672065
5388 0.437246963563
5389 0.439271255061
5426 0.441295546559
5434 0.443319838057
5443 0.445344129555
5447 0.447368421053
5452 0.449392712551
5479 0.451417004049
5480 0.453441295547
5512 0.457489878543
5512 0.457489878543
5518 0.45951417004
5573 0.461538461538
5581 0.463562753036
5588 0.465587044534
5589 0.467611336032
5594 0.46963562753
5603 0.471659919028
5609 0.473684210526
5630 0.475708502024
5671 0.477732793522
5686 0.47975708502
5688 0.481781376518
5704 0.483805668016
5722 0.485829959514
5734 0.487854251012
5773 0.48987854251
5803 0.491902834008
5813 0.493927125506
5855 0.497975708502
5855 0.497975708502
5866 0.5
5881 0.502024291498
5922 0.506072874494
5922 0.506072874494
5930 0.51012145749
5930 0.51012145749
5931 0.512145748988
5935 0.514170040486
5943 0.516194331984
5960 0.52024291498
5960 0.52024291498
5982 0.522267206478
5985 0.524291497976
5992 0.526315789474
5994 0.528340080972
6012 0.53036437247
6024 0.532388663968
6032 0.534412955466
6036 0.536437246964
6040 0.538461538462
6098 0.54048582996
6100 0.542510121457
6123 0.544534412955
6128 0.546558704453
6137 0.548582995951
6152 0.550607287449
6173 0.552631578947
6174 0.554655870445
6180 0.556680161943
6194 0.558704453441
6200 0.560728744939
6238 0.562753036437
6244 0.564777327935
6260 0.566801619433
6284 0.568825910931
6319 0.570850202429
6320 0.572874493927
6324 0.574898785425
6355 0.576923076923
6372 0.578947368421
6384 0.580971659919
6387 0.582995951417
6407 0.585020242915
6436 0.587044534413
6460 0.589068825911
6487 0.593117408907
6487 0.593117408907
6494 0.595141700405
6508 0.597165991903
6524 0.599190283401
6528 0.601214574899
6536 0.603238866397
6543 0.605263157895
6552 0.607287449393
6567 0.609311740891
6568 0.611336032389
6574 0.613360323887
6578 0.615384615385
6585 0.617408906883
6601 0.619433198381
6605 0.621457489879
6613 0.623481781377
6615 0.625506072874
6619 0.627530364372
6634 0.62955465587
6640 0.631578947368
6766 0.633603238866
6820 0.635627530364
6825 0.637651821862
6834 0.63967611336
6860 0.641700404858
6863 0.643724696356
6872 0.645748987854
6897 0.647773279352
6898 0.64979757085
6929 0.651821862348
6958 0.653846153846
6968 0.655870445344
6972 0.657894736842
6986 0.65991902834
7010 0.661943319838
7017 0.663967611336
7043 0.665991902834
7072 0.668016194332
7112 0.67004048583
7151 0.672064777328
7152 0.674089068826
7154 0.676113360324
7223 0.68016194332
7223 0.68016194332
7227 0.682186234818
7247 0.684210526316
7269 0.686234817814
7278 0.688259109312
7287 0.69028340081
7307 0.692307692308
7330 0.694331983806
7398 0.696356275304
7418 0.698380566802
7473 0.7004048583
7499 0.702429149798
7505 0.704453441296
7524 0.706477732794
7535 0.708502024291
7555 0.710526315789
7562 0.712550607287
7575 0.716599190283
7575 0.716599190283
7593 0.718623481781
7608 0.720647773279
7655 0.722672064777
7673 0.724696356275
7679 0.726720647773
7682 0.728744939271
7684 0.730769230769
7703 0.732793522267
7707 0.734817813765
7725 0.736842105263
7729 0.738866396761
7766 0.740890688259
7826 0.742914979757
7836 0.744939271255
7888 0.746963562753
7943 0.748987854251
7957 0.751012145749
8041 0.753036437247
8050 0.755060728745
8069 0.757085020243
8106 0.759109311741
8124 0.761133603239
8132 0.763157894737
8135 0.765182186235
8141 0.767206477733
8164 0.769230769231
8175 0.771255060729
8268 0.773279352227
8281 0.775303643725
8307 0.777327935223
8320 0.779352226721
8365 0.781376518219
8366 0.783400809717
8385 0.785425101215
8456 0.787449392713
8489 0.789473684211
8521 0.791497975709
8536 0.793522267206
8565 0.795546558704
8596 0.797570850202
8632 0.7995951417
8641 0.801619433198
8660 0.803643724696
8667 0.805668016194
8703 0.807692307692
8722 0.80971659919
8850 0.811740890688
8905 0.813765182186
8958 0.815789473684
9030 0.817813765182
9031 0.81983805668
9037 0.821862348178
9047 0.823886639676
9163 0.825910931174
9170 0.827935222672
9185 0.82995951417
9186 0.831983805668
9202 0.834008097166
9225 0.836032388664
9324 0.838056680162
9375 0.84008097166
9383 0.842105263158
9439 0.844129554656
9451 0.846153846154
9458 0.848178137652
9464 0.85020242915
9537 0.852226720648
9580 0.854251012146
9649 0.858299595142
9649 0.858299595142
9735 0.86032388664
9762 0.862348178138
9788 0.864372469636
9813 0.866396761134
9824 0.868421052632
9923 0.87044534413
9924 0.872469635628
9960 0.874493927126
9967 0.876518218623
10012 0.878542510121
10015 0.880566801619
10078 0.882591093117
10123 0.884615384615
10203 0.886639676113
10220 0.888663967611
10227 0.890688259109
10244 0.892712550607
10281 0.894736842105
10400 0.896761133603
10402 0.898785425101
10428 0.900809716599
10446 0.902834008097
10485 0.904858299595
10490 0.906882591093
10624 0.908906882591
10798 0.910931174089
10812 0.912955465587
10937 0.914979757085
10938 0.917004048583
10939 0.919028340081
10961 0.921052631579
11218 0.923076923077
11244 0.925101214575
11414 0.927125506073
11558 0.929149797571
11611 0.931174089069
11641 0.933198380567
11736 0.935222672065
11768 0.937246963563
12054 0.939271255061
12303 0.941295546559
12336 0.943319838057
12543 0.947368421053
12543 0.947368421053
12631 0.949392712551
12652 0.951417004049
12771 0.953441295547
12793 0.955465587045
12846 0.957489878543
12922 0.95951417004
13041 0.961538461538
13565 0.963562753036
13570 0.965587044534
13700 0.967611336032
13857 0.96963562753
13937 0.971659919028
13952 0.973684210526
14061 0.975708502024
14190 0.977732793522
14514 0.97975708502
14625 0.981781376518
14782 0.983805668016
15607 0.985829959514
15695 0.987854251012
15965 0.98987854251
16674 0.991902834008
17525 0.993927125506
20744 0.995951417004
26194 0.997975708502
38016 1.0
