34 0.00202839756592
661 0.00405679513185
1023 0.00608519269777
1167 0.00811359026369
1271 0.0101419878296
1298 0.0121703853955
1441 0.0141987829615
1619 0.0162271805274
1945 0.0182555780933
2224 0.0202839756592
2251 0.0223123732252
2275 0.0243407707911
2302 0.026369168357
2352 0.0283975659229
2608 0.0304259634888
2875 0.0324543610548
2940 0.0344827586207
2962 0.0365111561866
2984 0.0385395537525
3121 0.0405679513185
3163 0.0425963488844
3168 0.0446247464503
3170 0.0466531440162
3215 0.0486815415822
3281 0.0507099391481
3437 0.052738336714
3511 0.0547667342799
3701 0.0567951318458
3912 0.0588235294118
3958 0.0608519269777
3993 0.0628803245436
4024 0.0649087221095
4414 0.0669371196755
4416 0.0689655172414
4486 0.0709939148073
4540 0.0730223123732
4560 0.0750507099391
4564 0.0770791075051
4624 0.079107505071
4641 0.0811359026369
4744 0.0831643002028
5000 0.0851926977688
5039 0.0872210953347
5059 0.0892494929006
5111 0.0912778904665
5183 0.0933062880325
5305 0.0953346855984
5339 0.0973630831643
5406 0.0993914807302
5451 0.101419878296
5529 0.103448275862
5623 0.105476673428
5709 0.107505070994
5803 0.10953346856
5836 0.111561866126
5869 0.113590263692
5895 0.115618661258
5921 0.117647058824
5954 0.119675456389
5966 0.121703853955
6000 0.123732251521
6041 0.125760649087
6166 0.127789046653
6229 0.129817444219
6262 0.131845841785
6322 0.133874239351
6404 0.135902636917
6409 0.137931034483
6489 0.139959432049
6528 0.141987829615
6569 0.144016227181
6588 0.146044624746
6603 0.148073022312
6649 0.150101419878
6652 0.152129817444
6669 0.15415821501
6673 0.156186612576
6719 0.158215010142
6758 0.160243407708
6877 0.162271805274
6904 0.16430020284
6913 0.166328600406
6940 0.168356997972
6977 0.170385395538
6980 0.172413793103
7036 0.174442190669
7098 0.176470588235
7166 0.178498985801
7261 0.180527383367
7268 0.182555780933
7376 0.184584178499
7377 0.186612576065
7382 0.188640973631
7388 0.190669371197
7394 0.192697768763
7648 0.194726166329
7678 0.196754563895
7759 0.19878296146
7771 0.200811359026
7801 0.202839756592
7836 0.204868154158
7880 0.206896551724
7928 0.20892494929
8033 0.210953346856
8041 0.212981744422
8129 0.215010141988
8183 0.217038539554
8220 0.21906693712
8290 0.221095334686
8303 0.223123732252
8364 0.225152129817
8386 0.227180527383
8392 0.229208924949
8408 0.231237322515
8422 0.233265720081
8423 0.235294117647
8666 0.237322515213
8701 0.239350912779
8735 0.241379310345
8881 0.243407707911
8912 0.245436105477
8963 0.247464503043
9043 0.249492900609
9140 0.251521298174
9160 0.25354969574
9182 0.255578093306
9278 0.257606490872
9289 0.259634888438
9322 0.261663286004
9347 0.26369168357
9422 0.265720081136
9449 0.267748478702
9517 0.269776876268
9521 0.271805273834
9532 0.2738336714
9534 0.275862068966
9568 0.277890466531
9603 0.279918864097
9651 0.281947261663
9690 0.283975659229
9724 0.286004056795
9738 0.288032454361
9780 0.290060851927
9793 0.292089249493
9805 0.294117647059
9829 0.296146044625
9853 0.298174442191
9888 0.300202839757
9898 0.302231237323
9945 0.304259634888
9995 0.306288032454
10046 0.30831643002
10119 0.310344827586
10122 0.312373225152
10150 0.314401622718
10158 0.316430020284
10224 0.31845841785
10260 0.320486815416
10316 0.322515212982
10319 0.324543610548
10345 0.326572008114
10457 0.330628803245
10457 0.330628803245
10523 0.332657200811
10568 0.334685598377
10582 0.336713995943
10615 0.338742393509
10628 0.340770791075
10671 0.342799188641
10692 0.344827586207
10740 0.346855983773
10743 0.348884381339
10753 0.350912778905
10768 0.352941176471
10785 0.354969574037
10791 0.356997971602
11023 0.359026369168
11081 0.361054766734
11101 0.3630831643
11103 0.365111561866
11151 0.367139959432
11200 0.369168356998
11204 0.371196754564
11207 0.37322515213
11272 0.375253549696
11483 0.377281947262
11606 0.379310344828
11615 0.381338742394
11750 0.383367139959
11759 0.385395537525
11766 0.387423935091
11800 0.389452332657
11803 0.391480730223
11872 0.393509127789
11911 0.395537525355
11932 0.397565922921
11968 0.399594320487
12079 0.401622718053
12084 0.403651115619
12116 0.405679513185
12131 0.407707910751
12135 0.409736308316
12198 0.411764705882
12308 0.413793103448
12315 0.415821501014
12498 0.41784989858
12521 0.419878296146
12610 0.421906693712
12614 0.423935091278
12672 0.425963488844
12787 0.42799188641
12840 0.430020283976
12898 0.432048681542
12932 0.434077079108
13031 0.436105476673
13079 0.438133874239
13446 0.440162271805
13471 0.442190669371
13489 0.444219066937
13519 0.446247464503
13588 0.448275862069
13702 0.450304259635
13705 0.452332657201
13741 0.454361054767
13777 0.456389452333
13885 0.458417849899
13923 0.460446247465
14001 0.46247464503
14008 0.464503042596
14013 0.466531440162
14131 0.468559837728
14163 0.470588235294
14284 0.47261663286
14341 0.474645030426
14351 0.476673427992
14436 0.478701825558
14447 0.480730223124
14467 0.48275862069
14588 0.484787018256
14700 0.486815415822
14744 0.488843813387
14795 0.490872210953
14810 0.492900608519
14821 0.494929006085
14887 0.496957403651
14899 0.498985801217
14977 0.501014198783
15014 0.503042596349
15200 0.505070993915
15309 0.507099391481
15413 0.509127789047
15530 0.511156186613
15578 0.513184584178
15602 0.515212981744
15773 0.51724137931
15787 0.519269776876
15809 0.521298174442
15875 0.523326572008
15879 0.525354969574
15976 0.52738336714
16003 0.529411764706
16027 0.531440162272
16114 0.533468559838
16130 0.535496957404
16496 0.53752535497
16527 0.539553752535
16531 0.541582150101
16576 0.543610547667
16613 0.545638945233
16938 0.547667342799
16945 0.549695740365
17187 0.551724137931
17373 0.553752535497
17397 0.555780933063
17399 0.557809330629
17531 0.559837728195
17910 0.561866125761
17961 0.563894523327
18280 0.565922920892
18308 0.567951318458
18392 0.569979716024
18406 0.57200811359
18469 0.574036511156
18760 0.576064908722
18986 0.578093306288
19115 0.580121703854
19384 0.58215010142
19398 0.584178498986
19726 0.586206896552
20014 0.588235294118
20015 0.590263691684
20087 0.592292089249
20098 0.594320486815
20176 0.596348884381
20335 0.598377281947
20564 0.600405679513
20706 0.602434077079
20903 0.604462474645
21075 0.606490872211
21164 0.608519269777
21173 0.610547667343
21193 0.612576064909
21246 0.614604462475
21286 0.616632860041
21342 0.618661257606
21431 0.620689655172
21458 0.622718052738
21464 0.624746450304
21527 0.62677484787
21604 0.628803245436
21613 0.630831643002
21672 0.632860040568
21900 0.634888438134
22058 0.6369168357
22128 0.638945233266
22180 0.640973630832
22188 0.643002028398
22222 0.645030425963
22431 0.647058823529
22442 0.649087221095
23055 0.651115618661
23164 0.653144016227
23593 0.655172413793
23748 0.657200811359
23819 0.659229208925
24159 0.661257606491
24218 0.663286004057
24418 0.665314401623
24474 0.667342799189
24502 0.669371196755
24511 0.67139959432
24745 0.673427991886
25134 0.675456389452
25367 0.677484787018
25449 0.679513184584
25913 0.68154158215
26152 0.683569979716
26553 0.685598377282
26668 0.687626774848
26744 0.689655172414
26800 0.69168356998
27350 0.693711967546
27399 0.695740365112
27690 0.697768762677
27732 0.699797160243
27780 0.701825557809
28078 0.703853955375
28250 0.705882352941
28380 0.707910750507
28453 0.709939148073
28511 0.711967545639
28712 0.713995943205
28998 0.716024340771
29268 0.718052738337
29313 0.720081135903
29728 0.722109533469
30188 0.724137931034
30343 0.7261663286
30619 0.728194726166
30667 0.730223123732
31371 0.732251521298
31395 0.734279918864
31479 0.73630831643
31602 0.738336713996
31640 0.740365111562
31964 0.742393509128
32355 0.744421906694
32684 0.74645030426
32871 0.748478701826
32873 0.750507099391
33031 0.752535496957
33541 0.754563894523
33655 0.756592292089
33763 0.758620689655
33834 0.760649087221
33926 0.762677484787
34421 0.764705882353
34972 0.766734279919
35899 0.768762677485
36562 0.770791075051
37351 0.772819472617
37361 0.774847870183
37633 0.776876267748
37980 0.778904665314
38329 0.78093306288
38948 0.782961460446
38968 0.784989858012
39111 0.787018255578
39141 0.789046653144
39225 0.79107505071
39811 0.793103448276
39857 0.795131845842
39999 0.797160243408
40041 0.799188640974
40808 0.80121703854
41178 0.803245436105
41288 0.805273833671
42083 0.807302231237
42088 0.809330628803
42112 0.811359026369
42258 0.813387423935
42596 0.815415821501
42612 0.817444219067
43172 0.819472616633
44095 0.821501014199
44214 0.823529411765
44363 0.825557809331
44560 0.827586206897
44787 0.829614604462
44806 0.831643002028
44988 0.833671399594
45390 0.83569979716
45617 0.837728194726
45776 0.839756592292
46010 0.841784989858
46203 0.843813387424
46406 0.84584178499
46498 0.847870182556
47635 0.849898580122
48253 0.851926977688
48529 0.853955375254
48621 0.855983772819
49006 0.858012170385
49030 0.860040567951
49911 0.862068965517
50186 0.864097363083
50209 0.866125760649
51018 0.868154158215
51902 0.870182555781
52238 0.872210953347
53403 0.874239350913
53621 0.876267748479
53801 0.878296146045
53998 0.880324543611
54418 0.882352941176
55242 0.884381338742
55261 0.886409736308
55397 0.888438133874
57046 0.89046653144
57821 0.892494929006
58299 0.894523326572
58651 0.896551724138
59386 0.898580121704
59459 0.90060851927
60787 0.902636916836
62467 0.904665314402
65133 0.906693711968
65942 0.908722109533
66303 0.910750507099
66852 0.912778904665
68395 0.914807302231
69085 0.916835699797
69123 0.918864097363
69132 0.920892494929
69537 0.922920892495
70153 0.924949290061
70324 0.926977687627
70933 0.929006085193
72064 0.931034482759
72583 0.933062880325
74648 0.93509127789
78459 0.937119675456
78578 0.939148073022
78945 0.941176470588
78969 0.943204868154
81600 0.94523326572
85816 0.947261663286
85827 0.949290060852
86032 0.951318458418
86166 0.953346855984
86689 0.95537525355
86842 0.957403651116
87842 0.959432048682
87883 0.961460446247
90889 0.963488843813
93736 0.965517241379
95073 0.967545638945
95775 0.969574036511
96008 0.971602434077
102228 0.973630831643
102295 0.975659229209
102758 0.977687626775
105771 0.979716024341
107428 0.981744421907
111076 0.983772819473
114452 0.985801217039
122458 0.987829614604
123199 0.98985801217
126398 0.991886409736
129656 0.993914807302
129917 0.995943204868
143709 0.997971602434
148405 1.0
