27 0.00202839756592
190 0.00405679513185
370 0.00608519269777
392 0.00811359026369
413 0.0101419878296
438 0.0121703853955
539 0.0141987829615
624 0.0162271805274
649 0.0182555780933
799 0.0202839756592
851 0.0223123732252
885 0.0243407707911
995 0.0283975659229
995 0.0283975659229
1017 0.0304259634888
1041 0.0324543610548
1060 0.0344827586207
1097 0.0365111561866
1098 0.0385395537525
1119 0.0405679513185
1131 0.0425963488844
1148 0.0446247464503
1342 0.0466531440162
1363 0.0486815415822
1369 0.0507099391481
1456 0.052738336714
1503 0.0547667342799
1518 0.0567951318458
1683 0.0588235294118
1748 0.0608519269777
1777 0.0628803245436
1849 0.0649087221095
1891 0.0669371196755
1892 0.0689655172414
1993 0.0709939148073
2040 0.0730223123732
2073 0.0750507099391
2178 0.0770791075051
2206 0.079107505071
2265 0.0811359026369
2287 0.0831643002028
2477 0.0851926977688
2483 0.0872210953347
2522 0.0892494929006
2566 0.0912778904665
2567 0.0933062880325
2586 0.0953346855984
2637 0.0973630831643
2768 0.0993914807302
2786 0.101419878296
2809 0.103448275862
2822 0.105476673428
2827 0.107505070994
2853 0.10953346856
2905 0.111561866126
2932 0.113590263692
2942 0.115618661258
2960 0.117647058824
2979 0.119675456389
3006 0.121703853955
3065 0.123732251521
3082 0.125760649087
3087 0.127789046653
3101 0.131845841785
3101 0.131845841785
3112 0.133874239351
3120 0.135902636917
3138 0.137931034483
3168 0.139959432049
3196 0.141987829615
3236 0.144016227181
3263 0.146044624746
3289 0.148073022312
3304 0.150101419878
3359 0.152129817444
3360 0.15415821501
3365 0.156186612576
3424 0.158215010142
3487 0.160243407708
3555 0.162271805274
3558 0.16430020284
3583 0.166328600406
3604 0.168356997972
3624 0.170385395538
3649 0.172413793103
3653 0.174442190669
3755 0.176470588235
3764 0.178498985801
3771 0.180527383367
3777 0.182555780933
3790 0.184584178499
3885 0.186612576065
3907 0.188640973631
3921 0.190669371197
3948 0.192697768763
3965 0.194726166329
4083 0.196754563895
4168 0.19878296146
4224 0.200811359026
4231 0.202839756592
4287 0.204868154158
4302 0.206896551724
4304 0.20892494929
4329 0.210953346856
4405 0.212981744422
4416 0.215010141988
4417 0.217038539554
4458 0.21906693712
4464 0.221095334686
4488 0.223123732252
4492 0.225152129817
4493 0.227180527383
4499 0.229208924949
4502 0.231237322515
4526 0.233265720081
4548 0.235294117647
4647 0.237322515213
4654 0.239350912779
4691 0.241379310345
4722 0.243407707911
4743 0.245436105477
4754 0.247464503043
4789 0.249492900609
4808 0.251521298174
4817 0.25354969574
4897 0.255578093306
4913 0.257606490872
4915 0.259634888438
4970 0.261663286004
4988 0.26369168357
5003 0.265720081136
5028 0.267748478702
5041 0.269776876268
5054 0.271805273834
5126 0.2738336714
5132 0.275862068966
5177 0.277890466531
5193 0.279918864097
5212 0.281947261663
5213 0.283975659229
5239 0.286004056795
5252 0.288032454361
5262 0.290060851927
5318 0.292089249493
5345 0.294117647059
5370 0.296146044625
5397 0.298174442191
5436 0.300202839757
5465 0.302231237323
5499 0.304259634888
5522 0.306288032454
5524 0.30831643002
5536 0.310344827586
5555 0.312373225152
5694 0.314401622718
5718 0.31845841785
5718 0.31845841785
5877 0.320486815416
5939 0.322515212982
5945 0.324543610548
5954 0.326572008114
6004 0.32860040568
6012 0.330628803245
6044 0.332657200811
6082 0.334685598377
6170 0.336713995943
6171 0.338742393509
6175 0.340770791075
6183 0.342799188641
6206 0.344827586207
6371 0.346855983773
6384 0.348884381339
6411 0.350912778905
6424 0.352941176471
6436 0.354969574037
6460 0.356997971602
6562 0.359026369168
6582 0.361054766734
6601 0.3630831643
6602 0.365111561866
6747 0.367139959432
6754 0.369168356998
6787 0.371196754564
6798 0.37322515213
6905 0.375253549696
6911 0.377281947262
6913 0.379310344828
6968 0.381338742394
6972 0.383367139959
7017 0.385395537525
7025 0.387423935091
7032 0.389452332657
7034 0.391480730223
7096 0.393509127789
7137 0.395537525355
7141 0.397565922921
7153 0.399594320487
7205 0.401622718053
7239 0.403651115619
7275 0.405679513185
7444 0.407707910751
7498 0.409736308316
7553 0.411764705882
7617 0.413793103448
7644 0.415821501014
7674 0.41784989858
7704 0.419878296146
7705 0.421906693712
7738 0.423935091278
7766 0.425963488844
7777 0.42799188641
7803 0.430020283976
7882 0.432048681542
7898 0.434077079108
7905 0.436105476673
7946 0.438133874239
7948 0.440162271805
7986 0.442190669371
8038 0.444219066937
8047 0.446247464503
8160 0.448275862069
8266 0.450304259635
8347 0.452332657201
8358 0.454361054767
8360 0.456389452333
8390 0.458417849899
8431 0.460446247465
8486 0.46247464503
8492 0.464503042596
8496 0.466531440162
8501 0.468559837728
8577 0.470588235294
8593 0.47261663286
8683 0.474645030426
8706 0.476673427992
8773 0.478701825558
8827 0.480730223124
8879 0.48275862069
8894 0.484787018256
8909 0.486815415822
8999 0.488843813387
9059 0.490872210953
9100 0.492900608519
9144 0.494929006085
9169 0.496957403651
9221 0.498985801217
9258 0.501014198783
9283 0.503042596349
9297 0.505070993915
9337 0.507099391481
9371 0.509127789047
9378 0.511156186613
9413 0.513184584178
9475 0.515212981744
9539 0.51724137931
9549 0.519269776876
9698 0.521298174442
9749 0.523326572008
9830 0.525354969574
9895 0.52738336714
9919 0.529411764706
9923 0.531440162272
9955 0.533468559838
9972 0.535496957404
10063 0.53752535497
10087 0.539553752535
10099 0.541582150101
10127 0.543610547667
10142 0.545638945233
10190 0.547667342799
10265 0.549695740365
10288 0.551724137931
10293 0.553752535497
10350 0.555780933063
10360 0.557809330629
10434 0.559837728195
10456 0.561866125761
10539 0.563894523327
10600 0.565922920892
10615 0.567951318458
10624 0.569979716024
10657 0.57200811359
10695 0.574036511156
10770 0.576064908722
10778 0.578093306288
10786 0.580121703854
10803 0.58215010142
10849 0.584178498986
10863 0.586206896552
10895 0.588235294118
10922 0.590263691684
10939 0.592292089249
10957 0.594320486815
11009 0.596348884381
11016 0.598377281947
11031 0.600405679513
11079 0.602434077079
11082 0.604462474645
11083 0.606490872211
11119 0.608519269777
11153 0.610547667343
11393 0.612576064909
11410 0.614604462475
11482 0.616632860041
11580 0.618661257606
11673 0.620689655172
11923 0.622718052738
12201 0.624746450304
12215 0.62677484787
12250 0.628803245436
12421 0.630831643002
12427 0.632860040568
12435 0.634888438134
12463 0.6369168357
12483 0.638945233266
12507 0.640973630832
12511 0.643002028398
12567 0.645030425963
12637 0.647058823529
12690 0.649087221095
12710 0.651115618661
12755 0.653144016227
12869 0.655172413793
13048 0.657200811359
13093 0.659229208925
13109 0.661257606491
13143 0.663286004057
13186 0.665314401623
13227 0.667342799189
13237 0.67139959432
13237 0.67139959432
13274 0.673427991886
13304 0.675456389452
13320 0.677484787018
13325 0.679513184584
13343 0.68154158215
13345 0.683569979716
13372 0.685598377282
13439 0.687626774848
13484 0.689655172414
13516 0.69168356998
13616 0.693711967546
13634 0.695740365112
13697 0.697768762677
13707 0.699797160243
13794 0.701825557809
13866 0.703853955375
13950 0.705882352941
13977 0.707910750507
14054 0.709939148073
14129 0.711967545639
14146 0.713995943205
14191 0.716024340771
14359 0.718052738337
14635 0.720081135903
14728 0.722109533469
14899 0.724137931034
14914 0.7261663286
15071 0.728194726166
15083 0.730223123732
15456 0.732251521298
15503 0.734279918864
15644 0.73630831643
15796 0.738336713996
16201 0.740365111562
16360 0.742393509128
16391 0.744421906694
16426 0.74645030426
16517 0.748478701826
16576 0.750507099391
16599 0.752535496957
16736 0.754563894523
17110 0.756592292089
17165 0.758620689655
17391 0.760649087221
17405 0.762677484787
17536 0.764705882353
17686 0.766734279919
17865 0.768762677485
17870 0.770791075051
17871 0.772819472617
17981 0.774847870183
18027 0.776876267748
18125 0.778904665314
18138 0.78093306288
18273 0.782961460446
18284 0.784989858012
18376 0.787018255578
18531 0.789046653144
18684 0.79107505071
18929 0.793103448276
19415 0.795131845842
20174 0.797160243408
20183 0.799188640974
20731 0.80121703854
20750 0.803245436105
20759 0.805273833671
20772 0.807302231237
20939 0.809330628803
21152 0.811359026369
21298 0.813387423935
21366 0.815415821501
21695 0.817444219067
21820 0.819472616633
21999 0.821501014199
22044 0.823529411765
22140 0.825557809331
22656 0.827586206897
23246 0.829614604462
23279 0.831643002028
23343 0.833671399594
23690 0.83569979716
23691 0.837728194726
24191 0.839756592292
24817 0.841784989858
24955 0.843813387424
25007 0.84584178499
25343 0.847870182556
25389 0.849898580122
25588 0.851926977688
25630 0.853955375254
26975 0.855983772819
27189 0.858012170385
27851 0.860040567951
28273 0.862068965517
29325 0.864097363083
29969 0.866125760649
32957 0.868154158215
33294 0.870182555781
33884 0.872210953347
34468 0.874239350913
34907 0.876267748479
35135 0.878296146045
35361 0.880324543611
35794 0.882352941176
35981 0.884381338742
36074 0.886409736308
36412 0.888438133874
36651 0.89046653144
36786 0.892494929006
37800 0.894523326572
38109 0.896551724138
39641 0.898580121704
41174 0.90060851927
41354 0.902636916836
41461 0.904665314402
42444 0.906693711968
42815 0.908722109533
44166 0.910750507099
44686 0.912778904665
45825 0.914807302231
46551 0.916835699797
47243 0.918864097363
48378 0.920892494929
48557 0.922920892495
49349 0.924949290061
49816 0.926977687627
49918 0.929006085193
52630 0.931034482759
55327 0.933062880325
55769 0.93509127789
56478 0.937119675456
57026 0.939148073022
58613 0.941176470588
58668 0.943204868154
60153 0.94523326572
61991 0.947261663286
64599 0.949290060852
66036 0.951318458418
66096 0.953346855984
66676 0.95537525355
70353 0.957403651116
74728 0.959432048682
74992 0.961460446247
75191 0.963488843813
77101 0.965517241379
78633 0.967545638945
78887 0.969574036511
81883 0.971602434077
83639 0.973630831643
85276 0.975659229209
85636 0.977687626775
87875 0.979716024341
88620 0.981744421907
89481 0.983772819473
93546 0.985801217039
94370 0.987829614604
97566 0.98985801217
104710 0.991886409736
111869 0.993914807302
111924 0.995943204868
125944 0.997971602434
184428 1.0
