34 0.00202429149798
355 0.00404858299595
549 0.00607287449393
636 0.0080971659919
669 0.0101214574899
710 0.0121457489879
738 0.0141700404858
851 0.0161943319838
882 0.0182186234818
1045 0.0202429149798
1052 0.0222672064777
1068 0.0242914979757
1074 0.0263157894737
1117 0.0303643724696
1117 0.0303643724696
1131 0.0323886639676
1134 0.0344129554656
1139 0.0364372469636
1177 0.0384615384615
1215 0.0404858299595
1220 0.0425101214575
1231 0.0445344129555
1255 0.0465587044534
1260 0.0485829959514
1272 0.0506072874494
1291 0.0526315789474
1320 0.0546558704453
1363 0.0566801619433
1387 0.0587044534413
1399 0.0607287449393
1505 0.0627530364372
1513 0.0647773279352
1528 0.0668016194332
1548 0.0688259109312
1602 0.0708502024291
1625 0.0728744939271
1652 0.0748987854251
1666 0.0769230769231
1683 0.0789473684211
1711 0.080971659919
1749 0.082995951417
1754 0.087044534413
1754 0.087044534413
1766 0.0890688259109
1786 0.0910931174089
1789 0.0931174089069
1792 0.0951417004049
1806 0.0971659919028
1832 0.0991902834008
1834 0.101214574899
1851 0.103238866397
1858 0.105263157895
1863 0.107287449393
1874 0.109311740891
1902 0.111336032389
1904 0.113360323887
1905 0.115384615385
1913 0.117408906883
1915 0.119433198381
1922 0.121457489879
1924 0.123481781377
1926 0.125506072874
1933 0.127530364372
1945 0.12955465587
1964 0.133603238866
1964 0.133603238866
1980 0.135627530364
2031 0.137651821862
2032 0.13967611336
2037 0.141700404858
2042 0.143724696356
2048 0.145748987854
2055 0.147773279352
2061 0.14979757085
2066 0.151821862348
2067 0.153846153846
2092 0.155870445344
2096 0.15991902834
2096 0.15991902834
2100 0.161943319838
2110 0.163967611336
2129 0.165991902834
2139 0.168016194332
2144 0.17004048583
2146 0.172064777328
2152 0.174089068826
2156 0.176113360324
2158 0.178137651822
2173 0.18016194332
2174 0.182186234818
2190 0.184210526316
2194 0.186234817814
2199 0.188259109312
2202 0.19028340081
2210 0.192307692308
2222 0.194331983806
2248 0.196356275304
2251 0.2004048583
2251 0.2004048583
2254 0.202429149798
2268 0.204453441296
2272 0.206477732794
2273 0.208502024291
2280 0.210526315789
2284 0.212550607287
2296 0.214574898785
2298 0.216599190283
2335 0.218623481781
2336 0.220647773279
2357 0.222672064777
2359 0.224696356275
2360 0.226720647773
2373 0.228744939271
2381 0.232793522267
2381 0.232793522267
2408 0.234817813765
2418 0.236842105263
2435 0.238866396761
2445 0.240890688259
2454 0.242914979757
2466 0.244939271255
2480 0.246963562753
2481 0.248987854251
2485 0.251012145749
2487 0.253036437247
2505 0.257085020243
2505 0.257085020243
2508 0.259109311741
2511 0.261133603239
2531 0.263157894737
2540 0.265182186235
2548 0.267206477733
2549 0.269230769231
2552 0.271255060729
2571 0.273279352227
2579 0.275303643725
2612 0.277327935223
2618 0.279352226721
2619 0.283400809717
2619 0.283400809717
2625 0.285425101215
2635 0.287449392713
2642 0.289473684211
2643 0.291497975709
2661 0.293522267206
2663 0.295546558704
2664 0.297570850202
2696 0.2995951417
2698 0.301619433198
2699 0.303643724696
2711 0.305668016194
2730 0.307692307692
2737 0.30971659919
2739 0.311740890688
2743 0.313765182186
2746 0.315789473684
2749 0.317813765182
2753 0.31983805668
2765 0.323886639676
2765 0.323886639676
2767 0.325910931174
2772 0.327935222672
2777 0.32995951417
2780 0.331983805668
2784 0.334008097166
2816 0.336032388664
2823 0.338056680162
2824 0.34008097166
2832 0.342105263158
2842 0.344129554656
2856 0.348178137652
2856 0.348178137652
2863 0.35020242915
2871 0.352226720648
2876 0.354251012146
2891 0.356275303644
2903 0.358299595142
2907 0.36032388664
2909 0.362348178138
2914 0.364372469636
2930 0.366396761134
2937 0.368421052632
2938 0.37044534413
2958 0.374493927126
2958 0.374493927126
2963 0.376518218623
2971 0.378542510121
2976 0.380566801619
2981 0.382591093117
2993 0.386639676113
2993 0.386639676113
2994 0.388663967611
3000 0.390688259109
3001 0.392712550607
3031 0.394736842105
3041 0.398785425101
3041 0.398785425101
3042 0.400809716599
3044 0.402834008097
3061 0.404858299595
3078 0.406882591093
3082 0.408906882591
3083 0.410931174089
3104 0.412955465587
3115 0.414979757085
3116 0.417004048583
3120 0.419028340081
3140 0.421052631579
3141 0.423076923077
3149 0.425101214575
3156 0.427125506073
3161 0.429149797571
3162 0.431174089069
3163 0.433198380567
3166 0.435222672065
3170 0.437246963563
3187 0.439271255061
3190 0.441295546559
3202 0.443319838057
3208 0.445344129555
3213 0.449392712551
3213 0.449392712551
3216 0.451417004049
3217 0.453441295547
3224 0.455465587045
3247 0.457489878543
3248 0.45951417004
3259 0.461538461538
3268 0.463562753036
3271 0.465587044534
3287 0.46963562753
3287 0.46963562753
3314 0.471659919028
3340 0.473684210526
3341 0.475708502024
3368 0.477732793522
3393 0.47975708502
3400 0.481781376518
3407 0.483805668016
3422 0.485829959514
3430 0.487854251012
3454 0.491902834008
3454 0.491902834008
3455 0.493927125506
3470 0.495951417004
3473 0.497975708502
3493 0.5
3515 0.502024291498
3531 0.504048582996
3537 0.508097165992
3537 0.508097165992
3544 0.51012145749
3548 0.514170040486
3548 0.514170040486
3550 0.516194331984
3551 0.518218623482
3554 0.52024291498
3559 0.522267206478
3560 0.524291497976
3565 0.526315789474
3573 0.528340080972
3587 0.53036437247
3597 0.532388663968
3609 0.534412955466
3616 0.536437246964
3657 0.538461538462
3662 0.54048582996
3667 0.542510121457
3683 0.544534412955
3695 0.546558704453
3700 0.548582995951
3720 0.550607287449
3733 0.552631578947
3737 0.554655870445
3744 0.556680161943
3779 0.558704453441
3781 0.560728744939
3788 0.562753036437
3793 0.564777327935
3823 0.566801619433
3828 0.568825910931
3841 0.570850202429
3854 0.572874493927
3863 0.574898785425
3872 0.576923076923
3939 0.580971659919
3939 0.580971659919
3976 0.582995951417
4030 0.585020242915
4042 0.587044534413
4043 0.589068825911
4044 0.591093117409
4045 0.593117408907
4051 0.595141700405
4069 0.597165991903
4073 0.599190283401
4110 0.601214574899
4115 0.603238866397
4125 0.605263157895
4138 0.607287449393
4145 0.609311740891
4156 0.611336032389
4164 0.615384615385
4164 0.615384615385
4165 0.617408906883
4174 0.619433198381
4177 0.621457489879
4184 0.623481781377
4191 0.625506072874
4196 0.627530364372
4197 0.62955465587
4204 0.631578947368
4216 0.633603238866
4219 0.635627530364
4228 0.637651821862
4255 0.63967611336
4262 0.641700404858
4267 0.643724696356
4272 0.645748987854
4281 0.647773279352
4307 0.651821862348
4307 0.651821862348
4320 0.653846153846
4333 0.655870445344
4334 0.657894736842
4344 0.65991902834
4354 0.661943319838
4367 0.665991902834
4367 0.665991902834
4370 0.668016194332
4371 0.67004048583
4375 0.672064777328
4385 0.674089068826
4409 0.676113360324
4415 0.678137651822
4435 0.68016194332
4489 0.682186234818
4496 0.684210526316
4505 0.686234817814
4548 0.688259109312
4549 0.69028340081
4558 0.692307692308
4559 0.694331983806
4566 0.696356275304
4576 0.698380566802
4595 0.7004048583
4623 0.702429149798
4641 0.704453441296
4642 0.708502024291
4642 0.708502024291
4661 0.710526315789
4679 0.712550607287
4684 0.714574898785
4685 0.716599190283
4691 0.718623481781
4702 0.720647773279
4703 0.722672064777
4709 0.724696356275
4711 0.726720647773
4738 0.728744939271
4794 0.730769230769
4802 0.732793522267
4829 0.734817813765
4845 0.736842105263
4888 0.738866396761
4895 0.740890688259
4907 0.744939271255
4907 0.744939271255
4939 0.746963562753
4949 0.748987854251
4982 0.751012145749
4987 0.753036437247
5051 0.755060728745
5058 0.757085020243
5069 0.761133603239
5069 0.761133603239
5070 0.763157894737
5092 0.765182186235
5115 0.767206477733
5152 0.769230769231
5161 0.771255060729
5201 0.773279352227
5225 0.775303643725
5244 0.777327935223
5255 0.779352226721
5310 0.781376518219
5313 0.783400809717
5321 0.785425101215
5341 0.787449392713
5371 0.789473684211
5382 0.791497975709
5402 0.793522267206
5433 0.795546558704
5456 0.797570850202
5480 0.7995951417
5485 0.801619433198
5489 0.803643724696
5510 0.805668016194
5527 0.807692307692
5531 0.80971659919
5533 0.811740890688
5546 0.813765182186
5547 0.815789473684
5550 0.817813765182
5553 0.81983805668
5570 0.821862348178
5577 0.823886639676
5591 0.825910931174
5592 0.827935222672
5613 0.82995951417
5614 0.831983805668
5640 0.834008097166
5670 0.836032388664
5735 0.838056680162
5741 0.84008097166
5750 0.842105263158
5759 0.844129554656
5777 0.846153846154
5811 0.848178137652
5851 0.85020242915
5984 0.852226720648
5985 0.854251012146
6033 0.856275303644
6037 0.858299595142
6049 0.86032388664
6075 0.862348178138
6181 0.864372469636
6194 0.866396761134
6196 0.868421052632
6209 0.87044534413
6214 0.872469635628
6217 0.874493927126
6264 0.878542510121
6264 0.878542510121
6326 0.880566801619
6339 0.882591093117
6340 0.884615384615
6357 0.886639676113
6369 0.888663967611
6416 0.890688259109
6422 0.892712550607
6430 0.894736842105
6476 0.896761133603
6524 0.898785425101
6564 0.900809716599
6572 0.902834008097
6584 0.904858299595
6608 0.906882591093
6761 0.908906882591
6763 0.910931174089
6827 0.912955465587
6853 0.914979757085
6943 0.917004048583
7006 0.919028340081
7049 0.921052631579
7111 0.923076923077
7170 0.925101214575
7300 0.927125506073
7390 0.929149797571
7393 0.931174089069
7424 0.933198380567
7486 0.935222672065
7563 0.937246963563
7585 0.939271255061
7596 0.941295546559
7597 0.943319838057
7600 0.945344129555
7628 0.947368421053
7678 0.949392712551
7703 0.951417004049
7859 0.953441295547
7861 0.955465587045
7864 0.957489878543
7871 0.95951417004
8045 0.961538461538
8054 0.963562753036
8129 0.965587044534
8179 0.967611336032
8204 0.96963562753
8214 0.971659919028
8305 0.973684210526
8493 0.975708502024
8631 0.977732793522
8835 0.97975708502
9001 0.981781376518
9026 0.983805668016
9239 0.985829959514
9539 0.987854251012
9728 0.98987854251
9810 0.991902834008
11372 0.993927125506
11878 0.995951417004
15412 0.997975708502
36235 1.0
