30 0.00202429149798
466 0.00404858299595
754 0.00607287449393
845 0.0080971659919
864 0.0101214574899
950 0.0121457489879
967 0.0141700404858
1120 0.0161943319838
1313 0.0182186234818
1321 0.0202429149798
1334 0.0222672064777
1338 0.0242914979757
1391 0.0263157894737
1400 0.0283400809717
1407 0.0303643724696
1410 0.0323886639676
1422 0.0344129554656
1426 0.0364372469636
1436 0.0384615384615
1447 0.0404858299595
1506 0.0425101214575
1536 0.0445344129555
1554 0.0465587044534
1607 0.0485829959514
1657 0.0506072874494
1661 0.0526315789474
1677 0.0546558704453
1802 0.0566801619433
1819 0.0587044534413
1821 0.0607287449393
1889 0.0627530364372
1951 0.0647773279352
1955 0.0668016194332
1965 0.0688259109312
2055 0.0708502024291
2078 0.0728744939271
2114 0.0748987854251
2119 0.0769230769231
2148 0.0789473684211
2152 0.080971659919
2180 0.082995951417
2185 0.085020242915
2240 0.087044534413
2266 0.0890688259109
2268 0.0910931174089
2273 0.0931174089069
2291 0.0951417004049
2306 0.0971659919028
2312 0.0991902834008
2313 0.101214574899
2331 0.103238866397
2342 0.105263157895
2369 0.107287449393
2391 0.109311740891
2394 0.111336032389
2407 0.113360323887
2435 0.115384615385
2437 0.117408906883
2443 0.119433198381
2445 0.121457489879
2464 0.123481781377
2466 0.125506072874
2510 0.127530364372
2512 0.131578947368
2512 0.131578947368
2513 0.133603238866
2514 0.135627530364
2515 0.137651821862
2519 0.13967611336
2543 0.141700404858
2570 0.143724696356
2575 0.145748987854
2596 0.147773279352
2598 0.14979757085
2600 0.151821862348
2601 0.153846153846
2619 0.155870445344
2635 0.157894736842
2659 0.15991902834
2664 0.161943319838
2682 0.163967611336
2686 0.165991902834
2693 0.168016194332
2700 0.17004048583
2702 0.172064777328
2719 0.174089068826
2721 0.176113360324
2744 0.178137651822
2756 0.182186234818
2756 0.182186234818
2761 0.184210526316
2763 0.186234817814
2768 0.188259109312
2773 0.19028340081
2787 0.192307692308
2792 0.194331983806
2794 0.198380566802
2794 0.198380566802
2803 0.2004048583
2828 0.202429149798
2856 0.204453441296
2874 0.206477732794
2884 0.208502024291
2890 0.210526315789
2892 0.212550607287
2897 0.214574898785
2898 0.216599190283
2922 0.218623481781
2938 0.220647773279
2942 0.222672064777
2953 0.224696356275
2956 0.226720647773
2965 0.228744939271
2972 0.232793522267
2972 0.232793522267
2989 0.234817813765
3003 0.236842105263
3008 0.238866396761
3015 0.240890688259
3019 0.242914979757
3021 0.244939271255
3038 0.246963562753
3047 0.248987854251
3048 0.251012145749
3105 0.253036437247
3107 0.255060728745
3115 0.257085020243
3132 0.259109311741
3150 0.261133603239
3155 0.263157894737
3157 0.265182186235
3166 0.267206477733
3178 0.269230769231
3180 0.271255060729
3182 0.273279352227
3214 0.275303643725
3215 0.277327935223
3229 0.279352226721
3240 0.281376518219
3247 0.283400809717
3272 0.285425101215
3287 0.287449392713
3291 0.289473684211
3295 0.291497975709
3298 0.293522267206
3318 0.295546558704
3326 0.297570850202
3329 0.2995951417
3358 0.301619433198
3380 0.303643724696
3383 0.305668016194
3384 0.307692307692
3385 0.30971659919
3397 0.311740890688
3411 0.313765182186
3414 0.315789473684
3437 0.317813765182
3438 0.31983805668
3470 0.321862348178
3474 0.323886639676
3476 0.325910931174
3483 0.327935222672
3496 0.32995951417
3501 0.331983805668
3506 0.334008097166
3530 0.336032388664
3532 0.338056680162
3534 0.34008097166
3554 0.342105263158
3563 0.344129554656
3573 0.346153846154
3586 0.348178137652
3598 0.35020242915
3600 0.352226720648
3604 0.354251012146
3619 0.356275303644
3622 0.358299595142
3623 0.36032388664
3634 0.362348178138
3643 0.364372469636
3654 0.366396761134
3662 0.368421052632
3671 0.37044534413
3680 0.372469635628
3686 0.374493927126
3699 0.376518218623
3707 0.378542510121
3733 0.380566801619
3751 0.382591093117
3759 0.384615384615
3779 0.386639676113
3810 0.388663967611
3819 0.390688259109
3837 0.392712550607
3851 0.394736842105
3853 0.396761133603
3859 0.398785425101
3861 0.400809716599
3866 0.402834008097
3877 0.406882591093
3877 0.406882591093
3882 0.408906882591
3883 0.410931174089
3892 0.412955465587
3903 0.414979757085
3918 0.417004048583
3921 0.419028340081
3934 0.421052631579
3936 0.423076923077
3976 0.425101214575
3985 0.427125506073
4004 0.429149797571
4025 0.431174089069
4066 0.433198380567
4075 0.435222672065
4077 0.437246963563
4102 0.439271255061
4103 0.441295546559
4112 0.443319838057
4114 0.445344129555
4119 0.447368421053
4133 0.449392712551
4137 0.451417004049
4144 0.453441295547
4147 0.455465587045
4154 0.457489878543
4158 0.45951417004
4178 0.461538461538
4180 0.463562753036
4182 0.465587044534
4184 0.467611336032
4188 0.46963562753
4191 0.471659919028
4199 0.473684210526
4211 0.475708502024
4227 0.477732793522
4228 0.47975708502
4238 0.481781376518
4253 0.483805668016
4261 0.485829959514
4269 0.487854251012
4303 0.48987854251
4305 0.491902834008
4314 0.493927125506
4317 0.495951417004
4319 0.5
4319 0.5
4327 0.502024291498
4330 0.504048582996
4332 0.506072874494
4335 0.508097165992
4339 0.51012145749
4386 0.512145748988
4387 0.514170040486
4401 0.516194331984
4406 0.518218623482
4413 0.52024291498
4422 0.522267206478
4436 0.524291497976
4446 0.526315789474
4469 0.528340080972
4473 0.53036437247
4476 0.532388663968
4486 0.536437246964
4486 0.536437246964
4507 0.538461538462
4524 0.54048582996
4526 0.542510121457
4569 0.544534412955
4583 0.546558704453
4620 0.548582995951
4623 0.550607287449
4629 0.552631578947
4638 0.554655870445
4645 0.556680161943
4660 0.558704453441
4681 0.560728744939
4718 0.562753036437
4721 0.564777327935
4724 0.566801619433
4746 0.568825910931
4747 0.570850202429
4749 0.572874493927
4755 0.574898785425
4757 0.576923076923
4764 0.578947368421
4765 0.580971659919
4773 0.582995951417
4777 0.585020242915
4780 0.587044534413
4787 0.589068825911
4793 0.591093117409
4796 0.593117408907
4809 0.595141700405
4826 0.597165991903
4836 0.599190283401
4876 0.603238866397
4876 0.603238866397
4899 0.605263157895
4905 0.607287449393
4931 0.609311740891
4981 0.613360323887
4981 0.613360323887
5013 0.615384615385
5089 0.617408906883
5102 0.619433198381
5120 0.621457489879
5132 0.623481781377
5144 0.625506072874
5167 0.62955465587
5167 0.62955465587
5188 0.631578947368
5190 0.633603238866
5216 0.635627530364
5234 0.637651821862
5239 0.63967611336
5252 0.641700404858
5292 0.643724696356
5307 0.645748987854
5319 0.647773279352
5341 0.64979757085
5346 0.651821862348
5350 0.653846153846
5356 0.655870445344
5366 0.657894736842
5369 0.65991902834
5371 0.661943319838
5388 0.663967611336
5392 0.665991902834
5393 0.668016194332
5407 0.67004048583
5450 0.672064777328
5468 0.674089068826
5474 0.676113360324
5475 0.678137651822
5478 0.68016194332
5498 0.682186234818
5503 0.684210526316
5507 0.686234817814
5528 0.688259109312
5550 0.69028340081
5554 0.692307692308
5555 0.694331983806
5561 0.696356275304
5613 0.698380566802
5629 0.7004048583
5657 0.702429149798
5663 0.704453441296
5690 0.706477732794
5701 0.708502024291
5709 0.712550607287
5709 0.712550607287
5716 0.714574898785
5718 0.716599190283
5782 0.718623481781
5795 0.720647773279
5828 0.722672064777
5836 0.724696356275
5838 0.726720647773
5883 0.728744939271
5922 0.730769230769
5940 0.732793522267
5964 0.734817813765
5966 0.736842105263
6001 0.738866396761
6029 0.740890688259
6040 0.742914979757
6055 0.744939271255
6079 0.746963562753
6093 0.748987854251
6105 0.751012145749
6126 0.753036437247
6150 0.755060728745
6165 0.757085020243
6170 0.759109311741
6183 0.761133603239
6196 0.763157894737
6199 0.765182186235
6200 0.767206477733
6240 0.769230769231
6258 0.771255060729
6273 0.773279352227
6286 0.775303643725
6293 0.777327935223
6307 0.779352226721
6310 0.781376518219
6323 0.783400809717
6329 0.785425101215
6347 0.787449392713
6370 0.789473684211
6411 0.791497975709
6441 0.793522267206
6447 0.795546558704
6477 0.797570850202
6513 0.7995951417
6518 0.801619433198
6532 0.803643724696
6570 0.805668016194
6591 0.807692307692
6626 0.80971659919
6630 0.811740890688
6718 0.813765182186
6748 0.815789473684
6825 0.817813765182
6866 0.81983805668
6872 0.821862348178
6878 0.823886639676
6900 0.825910931174
6949 0.827935222672
6955 0.82995951417
6959 0.831983805668
7036 0.834008097166
7107 0.836032388664
7142 0.838056680162
7218 0.84008097166
7225 0.842105263158
7288 0.844129554656
7308 0.846153846154
7344 0.848178137652
7354 0.85020242915
7443 0.852226720648
7458 0.854251012146
7460 0.856275303644
7464 0.858299595142
7506 0.86032388664
7609 0.862348178138
7623 0.864372469636
7839 0.866396761134
7863 0.868421052632
7873 0.87044534413
7876 0.872469635628
7878 0.874493927126
7879 0.876518218623
7899 0.878542510121
7922 0.880566801619
7979 0.882591093117
7990 0.884615384615
8013 0.886639676113
8041 0.888663967611
8052 0.890688259109
8080 0.892712550607
8130 0.894736842105
8182 0.896761133603
8195 0.898785425101
8231 0.900809716599
8349 0.902834008097
8432 0.904858299595
8438 0.906882591093
8439 0.908906882591
8507 0.910931174089
8517 0.912955465587
8631 0.917004048583
8631 0.917004048583
8695 0.919028340081
8705 0.921052631579
8740 0.923076923077
8865 0.925101214575
9021 0.927125506073
9162 0.929149797571
9175 0.931174089069
9330 0.933198380567
9598 0.935222672065
9686 0.937246963563
9696 0.939271255061
9738 0.941295546559
9787 0.943319838057
9790 0.945344129555
9869 0.947368421053
9903 0.949392712551
9922 0.951417004049
9966 0.953441295547
10093 0.955465587045
10272 0.957489878543
10282 0.95951417004
10303 0.961538461538
10319 0.963562753036
10381 0.965587044534
10390 0.967611336032
10398 0.96963562753
10566 0.971659919028
10635 0.973684210526
10696 0.975708502024
10747 0.977732793522
10781 0.97975708502
11348 0.981781376518
11415 0.983805668016
11536 0.985829959514
11732 0.987854251012
11990 0.98987854251
13695 0.991902834008
14840 0.993927125506
17614 0.995951417004
19302 0.997975708502
37744 1.0
