27 0.00202429149798
377 0.00404858299595
574 0.00607287449393
647 0.0080971659919
656 0.0101214574899
707 0.0121457489879
737 0.0141700404858
862 0.0161943319838
1016 0.0182186234818
1044 0.0202429149798
1063 0.0222672064777
1077 0.0242914979757
1087 0.0263157894737
1091 0.0283400809717
1092 0.0303643724696
1114 0.0344129554656
1114 0.0344129554656
1122 0.0364372469636
1154 0.0384615384615
1168 0.0404858299595
1172 0.0425101214575
1256 0.0445344129555
1261 0.0465587044534
1262 0.0485829959514
1345 0.0506072874494
1355 0.0526315789474
1376 0.0546558704453
1398 0.0566801619433
1403 0.0587044534413
1416 0.0607287449393
1511 0.0627530364372
1513 0.0647773279352
1516 0.0668016194332
1528 0.0708502024291
1528 0.0708502024291
1550 0.0728744939271
1584 0.0748987854251
1675 0.0769230769231
1717 0.0789473684211
1731 0.080971659919
1780 0.082995951417
1807 0.087044534413
1807 0.087044534413
1828 0.0910931174089
1828 0.0910931174089
1831 0.0931174089069
1847 0.0951417004049
1858 0.0971659919028
1859 0.0991902834008
1876 0.101214574899
1877 0.103238866397
1896 0.105263157895
1905 0.107287449393
1931 0.111336032389
1931 0.111336032389
1939 0.113360323887
1944 0.115384615385
1945 0.117408906883
1947 0.119433198381
1966 0.121457489879
1973 0.123481781377
1985 0.125506072874
2013 0.127530364372
2028 0.12955465587
2029 0.131578947368
2030 0.133603238866
2035 0.135627530364
2046 0.13967611336
2046 0.13967611336
2055 0.141700404858
2056 0.143724696356
2058 0.145748987854
2085 0.147773279352
2093 0.14979757085
2094 0.151821862348
2106 0.153846153846
2109 0.155870445344
2113 0.157894736842
2121 0.15991902834
2123 0.165991902834
2123 0.165991902834
2123 0.165991902834
2139 0.168016194332
2142 0.17004048583
2147 0.172064777328
2161 0.174089068826
2173 0.176113360324
2174 0.178137651822
2184 0.18016194332
2195 0.182186234818
2212 0.184210526316
2221 0.186234817814
2238 0.188259109312
2240 0.19028340081
2244 0.192307692308
2256 0.194331983806
2292 0.196356275304
2303 0.198380566802
2305 0.202429149798
2305 0.202429149798
2318 0.204453441296
2354 0.206477732794
2363 0.208502024291
2385 0.210526315789
2394 0.212550607287
2410 0.214574898785
2411 0.216599190283
2413 0.218623481781
2427 0.220647773279
2428 0.222672064777
2445 0.224696356275
2448 0.226720647773
2460 0.228744939271
2461 0.230769230769
2466 0.232793522267
2474 0.234817813765
2475 0.236842105263
2525 0.238866396761
2534 0.240890688259
2536 0.242914979757
2543 0.244939271255
2559 0.246963562753
2577 0.248987854251
2585 0.251012145749
2592 0.253036437247
2613 0.255060728745
2616 0.257085020243
2618 0.259109311741
2626 0.261133603239
2631 0.263157894737
2637 0.265182186235
2645 0.267206477733
2646 0.269230769231
2649 0.271255060729
2652 0.273279352227
2653 0.275303643725
2656 0.277327935223
2659 0.279352226721
2665 0.281376518219
2673 0.283400809717
2676 0.285425101215
2685 0.287449392713
2699 0.289473684211
2700 0.291497975709
2705 0.293522267206
2722 0.297570850202
2722 0.297570850202
2728 0.2995951417
2747 0.301619433198
2757 0.303643724696
2759 0.305668016194
2768 0.307692307692
2770 0.30971659919
2781 0.311740890688
2794 0.313765182186
2829 0.315789473684
2847 0.317813765182
2850 0.31983805668
2853 0.323886639676
2853 0.323886639676
2863 0.325910931174
2865 0.327935222672
2878 0.32995951417
2881 0.331983805668
2882 0.334008097166
2893 0.336032388664
2905 0.338056680162
2907 0.34008097166
2921 0.342105263158
2953 0.344129554656
2954 0.348178137652
2954 0.348178137652
2962 0.35020242915
2963 0.352226720648
2970 0.354251012146
2982 0.356275303644
2983 0.358299595142
2986 0.36032388664
2992 0.362348178138
2994 0.364372469636
3005 0.366396761134
3014 0.368421052632
3026 0.37044534413
3041 0.372469635628
3042 0.374493927126
3047 0.376518218623
3050 0.378542510121
3074 0.380566801619
3087 0.382591093117
3088 0.384615384615
3102 0.386639676113
3114 0.388663967611
3119 0.390688259109
3130 0.392712550607
3169 0.394736842105
3177 0.396761133603
3186 0.398785425101
3192 0.400809716599
3204 0.402834008097
3206 0.404858299595
3212 0.406882591093
3214 0.410931174089
3214 0.410931174089
3220 0.412955465587
3223 0.414979757085
3226 0.417004048583
3236 0.419028340081
3238 0.421052631579
3246 0.423076923077
3255 0.425101214575
3256 0.427125506073
3268 0.429149797571
3283 0.431174089069
3288 0.433198380567
3318 0.435222672065
3326 0.437246963563
3339 0.439271255061
3348 0.441295546559
3350 0.443319838057
3352 0.445344129555
3356 0.447368421053
3363 0.449392712551
3392 0.451417004049
3395 0.453441295547
3397 0.455465587045
3418 0.457489878543
3431 0.45951417004
3437 0.461538461538
3441 0.463562753036
3448 0.465587044534
3455 0.467611336032
3469 0.46963562753
3470 0.471659919028
3473 0.473684210526
3475 0.475708502024
3482 0.477732793522
3485 0.47975708502
3499 0.481781376518
3506 0.483805668016
3542 0.485829959514
3546 0.487854251012
3559 0.491902834008
3559 0.491902834008
3565 0.493927125506
3574 0.495951417004
3579 0.497975708502
3601 0.5
3603 0.502024291498
3606 0.504048582996
3625 0.506072874494
3633 0.508097165992
3635 0.51012145749
3642 0.512145748988
3649 0.514170040486
3655 0.516194331984
3670 0.518218623482
3679 0.522267206478
3679 0.522267206478
3689 0.524291497976
3701 0.526315789474
3702 0.528340080972
3715 0.53036437247
3717 0.532388663968
3720 0.534412955466
3736 0.536437246964
3740 0.538461538462
3743 0.54048582996
3757 0.542510121457
3770 0.544534412955
3780 0.546558704453
3783 0.548582995951
3823 0.550607287449
3862 0.552631578947
3864 0.554655870445
3888 0.556680161943
3889 0.558704453441
3897 0.560728744939
3916 0.562753036437
3919 0.564777327935
3928 0.566801619433
3946 0.568825910931
3963 0.570850202429
3964 0.572874493927
3986 0.574898785425
4014 0.576923076923
4055 0.578947368421
4060 0.580971659919
4079 0.582995951417
4139 0.585020242915
4141 0.587044534413
4145 0.589068825911
4197 0.591093117409
4211 0.593117408907
4218 0.595141700405
4240 0.597165991903
4253 0.601214574899
4253 0.601214574899
4261 0.603238866397
4263 0.605263157895
4266 0.607287449393
4272 0.609311740891
4280 0.611336032389
4294 0.613360323887
4298 0.615384615385
4305 0.619433198381
4305 0.619433198381
4311 0.621457489879
4332 0.623481781377
4341 0.625506072874
4343 0.627530364372
4344 0.62955465587
4369 0.631578947368
4378 0.633603238866
4381 0.635627530364
4391 0.637651821862
4394 0.63967611336
4418 0.643724696356
4418 0.643724696356
4423 0.645748987854
4425 0.647773279352
4434 0.64979757085
4452 0.651821862348
4464 0.653846153846
4472 0.655870445344
4474 0.657894736842
4489 0.65991902834
4519 0.661943319838
4534 0.663967611336
4540 0.665991902834
4547 0.668016194332
4576 0.67004048583
4583 0.672064777328
4597 0.674089068826
4606 0.676113360324
4616 0.678137651822
4619 0.68016194332
4627 0.682186234818
4635 0.684210526316
4645 0.688259109312
4645 0.688259109312
4652 0.69028340081
4681 0.692307692308
4696 0.694331983806
4704 0.696356275304
4707 0.698380566802
4718 0.7004048583
4756 0.702429149798
4775 0.704453441296
4783 0.706477732794
4810 0.708502024291
4865 0.710526315789
4868 0.712550607287
4877 0.714574898785
4883 0.716599190283
4902 0.718623481781
4912 0.720647773279
4955 0.722672064777
4981 0.724696356275
4984 0.726720647773
4995 0.730769230769
4995 0.730769230769
5023 0.732793522267
5030 0.734817813765
5046 0.736842105263
5078 0.738866396761
5094 0.740890688259
5127 0.742914979757
5139 0.744939271255
5155 0.746963562753
5167 0.748987854251
5172 0.751012145749
5178 0.753036437247
5183 0.755060728745
5306 0.757085020243
5333 0.759109311741
5343 0.761133603239
5384 0.763157894737
5393 0.765182186235
5427 0.767206477733
5433 0.769230769231
5451 0.773279352227
5451 0.773279352227
5452 0.775303643725
5487 0.777327935223
5488 0.779352226721
5490 0.781376518219
5544 0.783400809717
5572 0.785425101215
5627 0.787449392713
5632 0.789473684211
5636 0.791497975709
5649 0.793522267206
5670 0.795546558704
5688 0.797570850202
5710 0.7995951417
5718 0.803643724696
5718 0.803643724696
5748 0.805668016194
5753 0.807692307692
5762 0.80971659919
5798 0.811740890688
5842 0.813765182186
5858 0.815789473684
5867 0.817813765182
5954 0.81983805668
5961 0.821862348178
5965 0.823886639676
5982 0.825910931174
6004 0.82995951417
6004 0.82995951417
6034 0.831983805668
6078 0.834008097166
6107 0.836032388664
6110 0.838056680162
6142 0.84008097166
6156 0.842105263158
6160 0.844129554656
6162 0.846153846154
6176 0.848178137652
6233 0.85020242915
6257 0.852226720648
6273 0.854251012146
6286 0.856275303644
6296 0.858299595142
6308 0.86032388664
6329 0.862348178138
6392 0.864372469636
6406 0.866396761134
6440 0.868421052632
6480 0.87044534413
6501 0.872469635628
6508 0.874493927126
6579 0.876518218623
6620 0.878542510121
6672 0.880566801619
6709 0.882591093117
6715 0.884615384615
6735 0.886639676113
6752 0.888663967611
6764 0.890688259109
6814 0.892712550607
6862 0.894736842105
7009 0.896761133603
7030 0.898785425101
7058 0.900809716599
7078 0.902834008097
7113 0.904858299595
7154 0.906882591093
7200 0.908906882591
7343 0.910931174089
7359 0.912955465587
7361 0.914979757085
7377 0.917004048583
7524 0.919028340081
7580 0.921052631579
7605 0.923076923077
7651 0.925101214575
7690 0.927125506073
7735 0.929149797571
7779 0.931174089069
7806 0.933198380567
7951 0.935222672065
8120 0.937246963563
8148 0.939271255061
8165 0.941295546559
8193 0.943319838057
8229 0.945344129555
8245 0.947368421053
8302 0.949392712551
8373 0.951417004049
8520 0.953441295547
8575 0.955465587045
8624 0.957489878543
8660 0.95951417004
8667 0.961538461538
8668 0.963562753036
8693 0.965587044534
8793 0.967611336032
8797 0.96963562753
8821 0.971659919028
9032 0.973684210526
9131 0.975708502024
9138 0.977732793522
9153 0.97975708502
9467 0.981781376518
9768 0.983805668016
10459 0.985829959514
11432 0.987854251012
11758 0.98987854251
12405 0.991902834008
12637 0.993927125506
13010 0.995951417004
16568 0.997975708502
34729 1.0
