29 0.00202839756592
987 0.00405679513185
1308 0.00608519269777
1610 0.00811359026369
1903 0.0101419878296
1927 0.0121703853955
2183 0.0141987829615
2536 0.0162271805274
2741 0.0182555780933
2816 0.0202839756592
2877 0.0223123732252
2894 0.0243407707911
2947 0.026369168357
3123 0.0283975659229
3143 0.0304259634888
3147 0.0324543610548
3167 0.0344827586207
3169 0.0365111561866
3174 0.0385395537525
3196 0.0405679513185
3200 0.0425963488844
3230 0.0446247464503
3265 0.0466531440162
3377 0.0486815415822
3640 0.0507099391481
3751 0.052738336714
3778 0.0547667342799
3798 0.0567951318458
3847 0.0588235294118
4107 0.0608519269777
4141 0.0628803245436
4163 0.0649087221095
4391 0.0669371196755
4434 0.0689655172414
4437 0.0709939148073
4482 0.0730223123732
4491 0.0750507099391
4501 0.0770791075051
4570 0.079107505071
4597 0.0811359026369
4727 0.0831643002028
4753 0.0851926977688
4814 0.0872210953347
4866 0.0892494929006
4892 0.0912778904665
4956 0.0933062880325
4981 0.0953346855984
4987 0.0973630831643
5015 0.0993914807302
5075 0.101419878296
5094 0.103448275862
5116 0.105476673428
5142 0.107505070994
5176 0.10953346856
5190 0.111561866126
5191 0.113590263692
5200 0.115618661258
5303 0.117647058824
5311 0.119675456389
5312 0.121703853955
5315 0.123732251521
5348 0.127789046653
5348 0.127789046653
5365 0.129817444219
5367 0.131845841785
5389 0.133874239351
5413 0.135902636917
5435 0.137931034483
5436 0.139959432049
5450 0.141987829615
5466 0.144016227181
5470 0.146044624746
5487 0.148073022312
5512 0.150101419878
5520 0.152129817444
5522 0.15415821501
5524 0.156186612576
5545 0.158215010142
5565 0.160243407708
5583 0.162271805274
5614 0.16430020284
5677 0.166328600406
5684 0.168356997972
5697 0.170385395538
5748 0.172413793103
5785 0.174442190669
5792 0.176470588235
5794 0.178498985801
5837 0.180527383367
5935 0.182555780933
5968 0.184584178499
5976 0.186612576065
5993 0.188640973631
6007 0.190669371197
6031 0.192697768763
6043 0.194726166329
6054 0.196754563895
6109 0.19878296146
6132 0.200811359026
6161 0.202839756592
6216 0.204868154158
6238 0.206896551724
6242 0.20892494929
6250 0.210953346856
6320 0.212981744422
6340 0.215010141988
6351 0.217038539554
6372 0.21906693712
6395 0.221095334686
6401 0.223123732252
6413 0.225152129817
6415 0.227180527383
6418 0.229208924949
6432 0.231237322515
6446 0.233265720081
6465 0.235294117647
6497 0.237322515213
6516 0.239350912779
6545 0.241379310345
6548 0.243407707911
6550 0.245436105477
6565 0.247464503043
6583 0.249492900609
6620 0.251521298174
6621 0.25354969574
6635 0.255578093306
6673 0.257606490872
6716 0.259634888438
6727 0.261663286004
6736 0.26369168357
6773 0.265720081136
6785 0.267748478702
6854 0.269776876268
6858 0.271805273834
6918 0.2738336714
6928 0.275862068966
6959 0.277890466531
6976 0.279918864097
6983 0.281947261663
7068 0.283975659229
7113 0.288032454361
7113 0.288032454361
7120 0.290060851927
7155 0.292089249493
7174 0.294117647059
7220 0.296146044625
7236 0.298174442191
7241 0.300202839757
7262 0.302231237323
7268 0.304259634888
7279 0.306288032454
7282 0.30831643002
7307 0.310344827586
7315 0.312373225152
7323 0.314401622718
7333 0.316430020284
7349 0.31845841785
7363 0.320486815416
7382 0.322515212982
7400 0.324543610548
7431 0.326572008114
7444 0.32860040568
7497 0.330628803245
7523 0.332657200811
7556 0.334685598377
7561 0.336713995943
7579 0.338742393509
7627 0.340770791075
7650 0.342799188641
7767 0.348884381339
7767 0.348884381339
7767 0.348884381339
7772 0.350912778905
7790 0.352941176471
7796 0.354969574037
7821 0.356997971602
7843 0.359026369168
7846 0.361054766734
7873 0.3630831643
7895 0.365111561866
7931 0.367139959432
7938 0.369168356998
7939 0.371196754564
7966 0.37322515213
8013 0.375253549696
8021 0.377281947262
8085 0.379310344828
8091 0.381338742394
8098 0.383367139959
8121 0.385395537525
8139 0.387423935091
8161 0.389452332657
8167 0.391480730223
8279 0.393509127789
8297 0.395537525355
8341 0.397565922921
8357 0.399594320487
8367 0.401622718053
8377 0.403651115619
8378 0.405679513185
8390 0.407707910751
8405 0.409736308316
8438 0.411764705882
8468 0.413793103448
8476 0.415821501014
8485 0.41784989858
8486 0.419878296146
8489 0.421906693712
8494 0.423935091278
8509 0.425963488844
8542 0.42799188641
8601 0.430020283976
8627 0.432048681542
8628 0.434077079108
8631 0.436105476673
8715 0.438133874239
8729 0.440162271805
8741 0.442190669371
8767 0.444219066937
8775 0.446247464503
8799 0.448275862069
8806 0.450304259635
8808 0.452332657201
8825 0.454361054767
8864 0.456389452333
8886 0.458417849899
8899 0.460446247465
8909 0.46247464503
8968 0.464503042596
9004 0.466531440162
9023 0.468559837728
9050 0.470588235294
9083 0.47261663286
9125 0.474645030426
9129 0.476673427992
9201 0.478701825558
9213 0.480730223124
9260 0.48275862069
9268 0.484787018256
9289 0.486815415822
9300 0.488843813387
9338 0.490872210953
9371 0.492900608519
9372 0.494929006085
9383 0.496957403651
9413 0.498985801217
9418 0.501014198783
9420 0.503042596349
9428 0.505070993915
9432 0.507099391481
9435 0.509127789047
9436 0.511156186613
9492 0.513184584178
9496 0.515212981744
9523 0.51724137931
9533 0.519269776876
9544 0.521298174442
9545 0.523326572008
9551 0.525354969574
9603 0.52738336714
9627 0.529411764706
9646 0.531440162272
9647 0.533468559838
9668 0.535496957404
9670 0.53752535497
9700 0.539553752535
9703 0.541582150101
9735 0.543610547667
9770 0.545638945233
9782 0.547667342799
9786 0.549695740365
9800 0.551724137931
9856 0.553752535497
9916 0.555780933063
9936 0.557809330629
9941 0.559837728195
9978 0.561866125761
9979 0.563894523327
10013 0.565922920892
10041 0.567951318458
10060 0.569979716024
10108 0.57200811359
10126 0.574036511156
10133 0.576064908722
10148 0.578093306288
10155 0.580121703854
10174 0.58215010142
10185 0.584178498986
10222 0.586206896552
10232 0.588235294118
10268 0.590263691684
10313 0.592292089249
10337 0.594320486815
10343 0.596348884381
10356 0.598377281947
10372 0.600405679513
10407 0.602434077079
10426 0.604462474645
10428 0.606490872211
10441 0.608519269777
10458 0.610547667343
10506 0.612576064909
10532 0.614604462475
10534 0.616632860041
10556 0.618661257606
10612 0.620689655172
10658 0.622718052738
10679 0.624746450304
10701 0.62677484787
10735 0.628803245436
10755 0.630831643002
10765 0.632860040568
10783 0.634888438134
10796 0.6369168357
10821 0.638945233266
10902 0.640973630832
10920 0.643002028398
10983 0.645030425963
11000 0.647058823529
11001 0.649087221095
11008 0.651115618661
11014 0.653144016227
11044 0.655172413793
11054 0.657200811359
11097 0.659229208925
11115 0.661257606491
11136 0.663286004057
11165 0.665314401623
11245 0.667342799189
11279 0.669371196755
11283 0.67139959432
11302 0.673427991886
11323 0.675456389452
11384 0.677484787018
11389 0.679513184584
11408 0.68154158215
11564 0.683569979716
11640 0.685598377282
11649 0.687626774848
11701 0.689655172414
11729 0.69168356998
11771 0.693711967546
11785 0.695740365112
11794 0.697768762677
11831 0.699797160243
11841 0.701825557809
11866 0.703853955375
11887 0.705882352941
11912 0.707910750507
11960 0.709939148073
11966 0.711967545639
11994 0.713995943205
12016 0.716024340771
12026 0.718052738337
12118 0.720081135903
12123 0.722109533469
12140 0.724137931034
12258 0.7261663286
12294 0.728194726166
12329 0.730223123732
12362 0.732251521298
12381 0.734279918864
12458 0.73630831643
12479 0.738336713996
12541 0.740365111562
12560 0.742393509128
12563 0.744421906694
12699 0.74645030426
12713 0.748478701826
12844 0.750507099391
12848 0.752535496957
12851 0.754563894523
12871 0.756592292089
12876 0.758620689655
12934 0.760649087221
12944 0.762677484787
12986 0.764705882353
13023 0.766734279919
13120 0.768762677485
13183 0.770791075051
13189 0.772819472617
13278 0.774847870183
13294 0.778904665314
13294 0.778904665314
13309 0.78093306288
13342 0.782961460446
13432 0.784989858012
13440 0.787018255578
13465 0.789046653144
13491 0.79107505071
13498 0.793103448276
13631 0.795131845842
13651 0.797160243408
13713 0.799188640974
13746 0.80121703854
13873 0.803245436105
13876 0.805273833671
13882 0.807302231237
13885 0.809330628803
13899 0.811359026369
13908 0.813387423935
13956 0.815415821501
13996 0.817444219067
14034 0.819472616633
14119 0.821501014199
14142 0.823529411765
14210 0.825557809331
14313 0.827586206897
14477 0.829614604462
14484 0.831643002028
14569 0.833671399594
14582 0.83569979716
14751 0.837728194726
14830 0.839756592292
14885 0.841784989858
14935 0.843813387424
14992 0.84584178499
15044 0.847870182556
15082 0.849898580122
15090 0.851926977688
15183 0.853955375254
15232 0.855983772819
15239 0.858012170385
15254 0.860040567951
15295 0.862068965517
15582 0.864097363083
15625 0.866125760649
15726 0.868154158215
15747 0.870182555781
15851 0.872210953347
15923 0.874239350913
15953 0.876267748479
16030 0.878296146045
16057 0.880324543611
16077 0.882352941176
16163 0.884381338742
16226 0.886409736308
16249 0.888438133874
16600 0.89046653144
16694 0.892494929006
16784 0.894523326572
16814 0.896551724138
16913 0.898580121704
17008 0.90060851927
17134 0.902636916836
17141 0.904665314402
17228 0.906693711968
17363 0.908722109533
17462 0.910750507099
17509 0.912778904665
17735 0.914807302231
17912 0.916835699797
17939 0.918864097363
17954 0.920892494929
17973 0.922920892495
18125 0.924949290061
18338 0.926977687627
18359 0.929006085193
18475 0.931034482759
18516 0.933062880325
18597 0.93509127789
18727 0.937119675456
19378 0.939148073022
19402 0.941176470588
19494 0.943204868154
19533 0.94523326572
19563 0.947261663286
20104 0.949290060852
20440 0.951318458418
20820 0.953346855984
20931 0.95537525355
21031 0.957403651116
21106 0.959432048682
21587 0.961460446247
21819 0.963488843813
22089 0.965517241379
22141 0.967545638945
22857 0.969574036511
23253 0.971602434077
23577 0.973630831643
23614 0.975659229209
24029 0.977687626775
24112 0.979716024341
24159 0.981744421907
25021 0.983772819473
25301 0.985801217039
25569 0.987829614604
26561 0.98985801217
30597 0.991886409736
38741 0.993914807302
46649 0.995943204868
62758 0.997971602434
3049718 1.0
