29 0.00202429149798
380 0.00404858299595
596 0.00607287449393
677 0.0080971659919
710 0.0101214574899
729 0.0121457489879
754 0.0141700404858
881 0.0161943319838
1054 0.0182186234818
1091 0.0202429149798
1145 0.0222672064777
1167 0.0242914979757
1175 0.0263157894737
1215 0.0283400809717
1265 0.0303643724696
1286 0.0323886639676
1321 0.0344129554656
1350 0.0364372469636
1418 0.0384615384615
1519 0.0404858299595
1533 0.0425101214575
1590 0.0445344129555
1612 0.0465587044534
1626 0.0485829959514
1703 0.0506072874494
1862 0.0526315789474
1881 0.0546558704453
1890 0.0566801619433
1916 0.0587044534413
1925 0.0607287449393
1957 0.0627530364372
1976 0.0647773279352
1990 0.0668016194332
1997 0.0688259109312
2046 0.0708502024291
2074 0.0728744939271
2118 0.0748987854251
2129 0.0769230769231
2135 0.0789473684211
2150 0.080971659919
2291 0.082995951417
2297 0.085020242915
2298 0.087044534413
2299 0.0890688259109
2336 0.0910931174089
2344 0.0931174089069
2388 0.0951417004049
2398 0.0971659919028
2408 0.0991902834008
2409 0.101214574899
2457 0.103238866397
2489 0.105263157895
2592 0.107287449393
2597 0.109311740891
2630 0.111336032389
2658 0.113360323887
2669 0.115384615385
2707 0.117408906883
2709 0.119433198381
2713 0.121457489879
2726 0.123481781377
2771 0.125506072874
2773 0.127530364372
2778 0.12955465587
2796 0.131578947368
2810 0.133603238866
2814 0.135627530364
2823 0.137651821862
2848 0.13967611336
2859 0.141700404858
2878 0.143724696356
2899 0.145748987854
2917 0.14979757085
2917 0.14979757085
2928 0.151821862348
2932 0.153846153846
2938 0.155870445344
2954 0.157894736842
2962 0.15991902834
3002 0.161943319838
3003 0.163967611336
3005 0.165991902834
3021 0.168016194332
3027 0.17004048583
3031 0.172064777328
3032 0.174089068826
3035 0.176113360324
3050 0.178137651822
3082 0.18016194332
3085 0.182186234818
3124 0.184210526316
3129 0.186234817814
3155 0.19028340081
3155 0.19028340081
3184 0.192307692308
3186 0.194331983806
3214 0.196356275304
3216 0.198380566802
3230 0.2004048583
3241 0.202429149798
3250 0.204453441296
3277 0.206477732794
3294 0.208502024291
3297 0.210526315789
3300 0.212550607287
3341 0.214574898785
3353 0.216599190283
3361 0.218623481781
3443 0.220647773279
3451 0.222672064777
3455 0.224696356275
3467 0.226720647773
3493 0.228744939271
3499 0.230769230769
3501 0.232793522267
3517 0.234817813765
3525 0.236842105263
3554 0.238866396761
3556 0.240890688259
3567 0.242914979757
3584 0.244939271255
3603 0.246963562753
3620 0.248987854251
3654 0.251012145749
3661 0.253036437247
3675 0.255060728745
3693 0.257085020243
3694 0.259109311741
3722 0.261133603239
3726 0.263157894737
3727 0.265182186235
3733 0.267206477733
3770 0.269230769231
3809 0.271255060729
3813 0.273279352227
3814 0.275303643725
3824 0.277327935223
3829 0.279352226721
3837 0.281376518219
3847 0.283400809717
3852 0.285425101215
3858 0.287449392713
3866 0.289473684211
3868 0.291497975709
3872 0.293522267206
3914 0.295546558704
3936 0.297570850202
3967 0.2995951417
3971 0.301619433198
3977 0.303643724696
3991 0.305668016194
4032 0.307692307692
4042 0.30971659919
4050 0.311740890688
4068 0.313765182186
4074 0.315789473684
4078 0.317813765182
4110 0.31983805668
4128 0.321862348178
4154 0.323886639676
4188 0.325910931174
4223 0.327935222672
4230 0.32995951417
4232 0.331983805668
4235 0.334008097166
4247 0.336032388664
4273 0.338056680162
4275 0.34008097166
4326 0.342105263158
4341 0.344129554656
4372 0.346153846154
4378 0.348178137652
4418 0.35020242915
4420 0.352226720648
4425 0.354251012146
4434 0.356275303644
4435 0.358299595142
4454 0.36032388664
4461 0.362348178138
4470 0.364372469636
4471 0.366396761134
4533 0.368421052632
4590 0.37044534413
4631 0.372469635628
4636 0.374493927126
4643 0.376518218623
4650 0.378542510121
4651 0.380566801619
4683 0.382591093117
4717 0.384615384615
4726 0.386639676113
4734 0.388663967611
4739 0.390688259109
4745 0.392712550607
4775 0.394736842105
4803 0.396761133603
4815 0.398785425101
4832 0.400809716599
4836 0.402834008097
4844 0.404858299595
4856 0.406882591093
4865 0.408906882591
4872 0.410931174089
4875 0.412955465587
4892 0.414979757085
4895 0.417004048583
4911 0.419028340081
4918 0.421052631579
4925 0.423076923077
4926 0.425101214575
4938 0.427125506073
4941 0.429149797571
4961 0.431174089069
4969 0.433198380567
4970 0.435222672065
4979 0.437246963563
4984 0.439271255061
4992 0.441295546559
5008 0.443319838057
5026 0.447368421053
5026 0.447368421053
5074 0.449392712551
5075 0.451417004049
5080 0.453441295547
5104 0.455465587045
5113 0.457489878543
5124 0.45951417004
5127 0.461538461538
5134 0.463562753036
5141 0.465587044534
5142 0.46963562753
5142 0.46963562753
5149 0.471659919028
5152 0.473684210526
5158 0.475708502024
5183 0.477732793522
5190 0.47975708502
5219 0.481781376518
5243 0.483805668016
5248 0.485829959514
5257 0.487854251012
5264 0.48987854251
5316 0.491902834008
5335 0.493927125506
5342 0.495951417004
5354 0.497975708502
5379 0.5
5382 0.502024291498
5401 0.504048582996
5405 0.506072874494
5422 0.508097165992
5425 0.51012145749
5441 0.512145748988
5467 0.514170040486
5468 0.516194331984
5470 0.518218623482
5488 0.52024291498
5490 0.522267206478
5497 0.524291497976
5534 0.526315789474
5582 0.528340080972
5600 0.53036437247
5628 0.532388663968
5637 0.534412955466
5667 0.536437246964
5706 0.538461538462
5717 0.54048582996
5753 0.542510121457
5763 0.544534412955
5767 0.546558704453
5813 0.548582995951
5827 0.550607287449
5837 0.552631578947
5867 0.554655870445
5872 0.558704453441
5872 0.558704453441
5893 0.560728744939
5901 0.562753036437
5906 0.564777327935
5918 0.566801619433
5948 0.568825910931
5961 0.570850202429
5966 0.572874493927
5974 0.574898785425
6000 0.576923076923
6014 0.578947368421
6028 0.580971659919
6033 0.582995951417
6084 0.585020242915
6098 0.587044534413
6105 0.589068825911
6108 0.591093117409
6132 0.593117408907
6186 0.595141700405
6263 0.597165991903
6264 0.599190283401
6278 0.601214574899
6283 0.603238866397
6292 0.605263157895
6313 0.607287449393
6326 0.609311740891
6331 0.611336032389
6337 0.613360323887
6358 0.615384615385
6367 0.617408906883
6371 0.619433198381
6377 0.621457489879
6397 0.623481781377
6404 0.625506072874
6476 0.627530364372
6490 0.62955465587
6493 0.631578947368
6568 0.633603238866
6576 0.635627530364
6590 0.637651821862
6625 0.63967611336
6652 0.641700404858
6662 0.643724696356
6714 0.645748987854
6720 0.647773279352
6731 0.64979757085
6739 0.651821862348
6766 0.653846153846
6773 0.655870445344
6778 0.657894736842
6786 0.65991902834
6791 0.661943319838
6806 0.663967611336
6822 0.665991902834
6845 0.668016194332
6877 0.67004048583
6883 0.672064777328
6890 0.674089068826
6891 0.676113360324
6907 0.678137651822
6913 0.68016194332
6941 0.682186234818
6965 0.684210526316
6977 0.686234817814
6985 0.688259109312
6987 0.69028340081
6989 0.692307692308
7001 0.694331983806
7006 0.696356275304
7009 0.698380566802
7036 0.7004048583
7055 0.702429149798
7062 0.704453441296
7080 0.706477732794
7133 0.708502024291
7140 0.710526315789
7171 0.712550607287
7251 0.714574898785
7291 0.716599190283
7307 0.718623481781
7346 0.720647773279
7367 0.722672064777
7395 0.724696356275
7414 0.726720647773
7417 0.728744939271
7448 0.730769230769
7458 0.732793522267
7466 0.734817813765
7473 0.736842105263
7504 0.738866396761
7508 0.740890688259
7522 0.742914979757
7551 0.744939271255
7616 0.746963562753
7669 0.748987854251
7741 0.751012145749
7744 0.753036437247
7746 0.755060728745
7760 0.757085020243
7795 0.759109311741
7840 0.761133603239
7846 0.763157894737
7938 0.765182186235
7939 0.767206477733
7963 0.769230769231
7980 0.771255060729
8002 0.773279352227
8059 0.775303643725
8147 0.777327935223
8192 0.779352226721
8297 0.781376518219
8308 0.783400809717
8327 0.785425101215
8341 0.787449392713
8375 0.789473684211
8438 0.791497975709
8454 0.793522267206
8487 0.795546558704
8527 0.797570850202
8528 0.7995951417
8587 0.801619433198
8588 0.803643724696
8594 0.807692307692
8594 0.807692307692
8595 0.80971659919
8644 0.811740890688
8781 0.813765182186
8808 0.815789473684
9015 0.817813765182
9020 0.81983805668
9059 0.821862348178
9199 0.823886639676
9266 0.825910931174
9354 0.827935222672
9406 0.82995951417
9543 0.831983805668
9583 0.834008097166
9589 0.836032388664
9609 0.838056680162
9691 0.84008097166
9732 0.844129554656
9732 0.844129554656
9738 0.846153846154
9761 0.848178137652
9781 0.85020242915
9813 0.852226720648
9888 0.854251012146
9954 0.856275303644
10003 0.858299595142
10009 0.86032388664
10012 0.862348178138
10021 0.864372469636
10106 0.866396761134
10273 0.868421052632
10400 0.87044534413
10404 0.872469635628
10498 0.874493927126
10547 0.876518218623
10617 0.878542510121
10619 0.880566801619
10623 0.882591093117
11015 0.884615384615
11087 0.886639676113
11098 0.888663967611
11148 0.890688259109
11207 0.892712550607
11248 0.894736842105
11504 0.896761133603
11754 0.898785425101
11931 0.900809716599
12013 0.902834008097
12318 0.904858299595
12529 0.906882591093
12597 0.908906882591
12986 0.910931174089
13025 0.912955465587
13150 0.914979757085
13287 0.917004048583
13653 0.919028340081
13680 0.921052631579
14094 0.923076923077
14550 0.925101214575
14581 0.927125506073
14933 0.929149797571
15141 0.931174089069
15144 0.933198380567
15636 0.935222672065
15710 0.937246963563
15778 0.939271255061
15919 0.941295546559
16114 0.943319838057
16134 0.945344129555
16271 0.947368421053
16603 0.949392712551
16812 0.951417004049
16898 0.953441295547
16899 0.955465587045
17137 0.957489878543
17441 0.95951417004
18345 0.961538461538
20360 0.963562753036
20530 0.965587044534
20721 0.967611336032
22190 0.96963562753
22967 0.971659919028
23202 0.973684210526
23372 0.975708502024
24643 0.977732793522
25000 0.97975708502
25340 0.981781376518
30769 0.983805668016
32787 0.985829959514
39432 0.987854251012
41129 0.98987854251
42224 0.991902834008
45930 0.993927125506
50808 0.995951417004
66494 0.997975708502
67995 1.0
