33 0.00202429149798
370 0.00404858299595
594 0.00607287449393
657 0.0080971659919
670 0.0101214574899
731 0.0121457489879
740 0.0141700404858
882 0.0161943319838
1051 0.0182186234818
1088 0.0202429149798
1103 0.0222672064777
1137 0.0242914979757
1159 0.0263157894737
1176 0.0283400809717
1180 0.0303643724696
1187 0.0323886639676
1257 0.0344129554656
1258 0.0364372469636
1308 0.0384615384615
1328 0.0404858299595
1335 0.0425101214575
1344 0.0445344129555
1370 0.0465587044534
1478 0.0485829959514
1494 0.0506072874494
1562 0.0526315789474
1586 0.0546558704453
1587 0.0566801619433
1589 0.0587044534413
1590 0.0607287449393
1615 0.0627530364372
1676 0.0647773279352
1766 0.0668016194332
1850 0.0688259109312
1858 0.0708502024291
1898 0.0728744939271
1926 0.0748987854251
1934 0.0769230769231
1938 0.0789473684211
1952 0.080971659919
1954 0.082995951417
1958 0.085020242915
1976 0.087044534413
1992 0.0890688259109
2014 0.0910931174089
2023 0.0931174089069
2031 0.0951417004049
2043 0.0971659919028
2059 0.0991902834008
2068 0.101214574899
2088 0.103238866397
2092 0.105263157895
2202 0.107287449393
2204 0.109311740891
2214 0.111336032389
2225 0.113360323887
2227 0.115384615385
2228 0.117408906883
2230 0.119433198381
2257 0.121457489879
2261 0.123481781377
2292 0.125506072874
2293 0.127530364372
2320 0.12955465587
2323 0.131578947368
2325 0.133603238866
2344 0.135627530364
2348 0.137651821862
2350 0.13967611336
2421 0.141700404858
2427 0.143724696356
2428 0.145748987854
2436 0.147773279352
2438 0.14979757085
2446 0.151821862348
2459 0.153846153846
2473 0.155870445344
2487 0.157894736842
2493 0.15991902834
2494 0.161943319838
2550 0.163967611336
2558 0.165991902834
2562 0.17004048583
2562 0.17004048583
2576 0.172064777328
2578 0.174089068826
2612 0.176113360324
2614 0.178137651822
2644 0.18016194332
2646 0.182186234818
2653 0.184210526316
2659 0.186234817814
2679 0.188259109312
2693 0.19028340081
2701 0.192307692308
2717 0.194331983806
2725 0.196356275304
2739 0.198380566802
2740 0.2004048583
2742 0.202429149798
2747 0.204453441296
2760 0.208502024291
2760 0.208502024291
2769 0.210526315789
2771 0.212550607287
2787 0.214574898785
2797 0.216599190283
2807 0.218623481781
2812 0.220647773279
2822 0.222672064777
2825 0.224696356275
2855 0.226720647773
2857 0.228744939271
2863 0.230769230769
2870 0.232793522267
2909 0.234817813765
2939 0.236842105263
2940 0.238866396761
2941 0.240890688259
2951 0.242914979757
2958 0.244939271255
2996 0.246963562753
3025 0.248987854251
3028 0.251012145749
3034 0.253036437247
3039 0.255060728745
3040 0.257085020243
3046 0.259109311741
3066 0.261133603239
3075 0.263157894737
3089 0.265182186235
3095 0.267206477733
3100 0.269230769231
3127 0.271255060729
3132 0.273279352227
3139 0.275303643725
3141 0.277327935223
3145 0.281376518219
3145 0.281376518219
3147 0.283400809717
3160 0.285425101215
3185 0.287449392713
3197 0.289473684211
3217 0.291497975709
3222 0.293522267206
3231 0.295546558704
3243 0.2995951417
3243 0.2995951417
3249 0.301619433198
3260 0.303643724696
3268 0.305668016194
3277 0.307692307692
3279 0.30971659919
3281 0.311740890688
3291 0.313765182186
3308 0.315789473684
3320 0.317813765182
3328 0.31983805668
3348 0.321862348178
3354 0.323886639676
3381 0.325910931174
3383 0.327935222672
3385 0.32995951417
3390 0.331983805668
3391 0.334008097166
3400 0.336032388664
3407 0.338056680162
3408 0.34008097166
3412 0.342105263158
3452 0.344129554656
3465 0.346153846154
3474 0.348178137652
3486 0.35020242915
3487 0.352226720648
3527 0.354251012146
3529 0.356275303644
3531 0.358299595142
3537 0.362348178138
3537 0.362348178138
3547 0.364372469636
3551 0.366396761134
3566 0.368421052632
3571 0.37044534413
3605 0.372469635628
3613 0.374493927126
3616 0.376518218623
3649 0.378542510121
3651 0.380566801619
3661 0.382591093117
3664 0.384615384615
3680 0.386639676113
3696 0.388663967611
3702 0.392712550607
3702 0.392712550607
3716 0.394736842105
3719 0.396761133603
3765 0.398785425101
3767 0.400809716599
3772 0.402834008097
3784 0.404858299595
3788 0.406882591093
3793 0.408906882591
3835 0.410931174089
3836 0.414979757085
3836 0.414979757085
3865 0.417004048583
3866 0.419028340081
3869 0.423076923077
3869 0.423076923077
3874 0.425101214575
3876 0.429149797571
3876 0.429149797571
3889 0.431174089069
3900 0.433198380567
3912 0.435222672065
3917 0.437246963563
3920 0.439271255061
3925 0.441295546559
3963 0.443319838057
3968 0.445344129555
3977 0.447368421053
3987 0.449392712551
3994 0.451417004049
4003 0.453441295547
4021 0.455465587045
4024 0.457489878543
4066 0.45951417004
4069 0.461538461538
4083 0.463562753036
4091 0.465587044534
4098 0.467611336032
4112 0.46963562753
4113 0.471659919028
4141 0.473684210526
4148 0.475708502024
4160 0.477732793522
4166 0.47975708502
4204 0.481781376518
4213 0.483805668016
4228 0.485829959514
4283 0.487854251012
4284 0.48987854251
4299 0.491902834008
4300 0.493927125506
4305 0.495951417004
4318 0.497975708502
4380 0.5
4382 0.502024291498
4387 0.504048582996
4388 0.506072874494
4396 0.508097165992
4399 0.51012145749
4401 0.512145748988
4412 0.514170040486
4416 0.516194331984
4418 0.518218623482
4420 0.52024291498
4426 0.522267206478
4428 0.524291497976
4459 0.526315789474
4460 0.53036437247
4460 0.53036437247
4466 0.532388663968
4467 0.534412955466
4496 0.536437246964
4503 0.538461538462
4540 0.54048582996
4563 0.542510121457
4571 0.544534412955
4579 0.546558704453
4606 0.548582995951
4608 0.550607287449
4618 0.552631578947
4628 0.554655870445
4629 0.556680161943
4640 0.558704453441
4654 0.560728744939
4667 0.562753036437
4707 0.564777327935
4731 0.566801619433
4744 0.568825910931
4749 0.570850202429
4800 0.572874493927
4806 0.574898785425
4813 0.576923076923
4824 0.578947368421
4865 0.580971659919
4894 0.582995951417
4895 0.585020242915
4954 0.587044534413
4967 0.589068825911
4985 0.591093117409
4996 0.593117408907
5015 0.595141700405
5033 0.597165991903
5053 0.599190283401
5070 0.601214574899
5071 0.603238866397
5077 0.605263157895
5078 0.607287449393
5093 0.609311740891
5102 0.611336032389
5103 0.613360323887
5109 0.615384615385
5121 0.617408906883
5134 0.619433198381
5135 0.621457489879
5147 0.623481781377
5150 0.625506072874
5169 0.627530364372
5194 0.62955465587
5215 0.631578947368
5222 0.633603238866
5227 0.635627530364
5235 0.637651821862
5247 0.63967611336
5249 0.641700404858
5252 0.643724696356
5269 0.645748987854
5273 0.647773279352
5304 0.64979757085
5309 0.651821862348
5314 0.653846153846
5367 0.655870445344
5372 0.657894736842
5395 0.65991902834
5409 0.661943319838
5460 0.663967611336
5466 0.665991902834
5474 0.668016194332
5485 0.67004048583
5530 0.672064777328
5535 0.674089068826
5564 0.676113360324
5571 0.678137651822
5589 0.68016194332
5594 0.682186234818
5629 0.684210526316
5649 0.686234817814
5652 0.688259109312
5667 0.69028340081
5678 0.692307692308
5690 0.694331983806
5709 0.696356275304
5726 0.698380566802
5729 0.7004048583
5731 0.702429149798
5736 0.704453441296
5737 0.706477732794
5756 0.708502024291
5772 0.710526315789
5782 0.712550607287
5789 0.714574898785
5792 0.716599190283
5813 0.718623481781
5817 0.720647773279
5836 0.722672064777
5843 0.724696356275
5874 0.726720647773
5899 0.728744939271
5920 0.730769230769
5926 0.732793522267
5969 0.734817813765
6033 0.736842105263
6053 0.740890688259
6053 0.740890688259
6054 0.742914979757
6137 0.744939271255
6159 0.746963562753
6178 0.748987854251
6190 0.751012145749
6244 0.753036437247
6274 0.755060728745
6278 0.757085020243
6290 0.759109311741
6303 0.761133603239
6378 0.763157894737
6379 0.765182186235
6408 0.767206477733
6415 0.769230769231
6433 0.771255060729
6443 0.773279352227
6464 0.775303643725
6494 0.777327935223
6505 0.779352226721
6515 0.781376518219
6523 0.783400809717
6535 0.785425101215
6542 0.787449392713
6558 0.789473684211
6587 0.793522267206
6587 0.793522267206
6607 0.795546558704
6660 0.797570850202
6677 0.7995951417
6692 0.801619433198
6710 0.803643724696
6713 0.805668016194
6847 0.807692307692
6874 0.80971659919
6907 0.811740890688
6934 0.813765182186
7009 0.815789473684
7016 0.817813765182
7105 0.81983805668
7135 0.821862348178
7146 0.823886639676
7171 0.825910931174
7176 0.827935222672
7287 0.82995951417
7291 0.831983805668
7314 0.834008097166
7465 0.836032388664
7485 0.838056680162
7512 0.84008097166
7539 0.842105263158
7543 0.844129554656
7557 0.846153846154
7566 0.848178137652
7579 0.85020242915
7604 0.852226720648
7611 0.854251012146
7670 0.856275303644
7805 0.858299595142
7834 0.86032388664
7896 0.862348178138
7932 0.864372469636
8017 0.866396761134
8139 0.868421052632
8186 0.87044534413
8217 0.874493927126
8217 0.874493927126
8261 0.876518218623
8290 0.878542510121
8293 0.880566801619
8362 0.882591093117
8375 0.884615384615
8416 0.886639676113
8465 0.888663967611
8523 0.890688259109
8531 0.892712550607
8771 0.894736842105
8776 0.896761133603
8790 0.898785425101
8876 0.900809716599
8919 0.902834008097
9006 0.904858299595
9042 0.906882591093
9044 0.908906882591
9046 0.910931174089
9289 0.912955465587
9297 0.914979757085
9310 0.917004048583
9329 0.919028340081
9395 0.921052631579
9490 0.923076923077
9591 0.925101214575
9618 0.927125506073
9638 0.929149797571
9661 0.931174089069
9786 0.933198380567
10011 0.935222672065
10038 0.937246963563
10130 0.939271255061
10428 0.941295546559
10729 0.943319838057
10870 0.945344129555
10931 0.947368421053
10990 0.949392712551
11276 0.951417004049
11755 0.953441295547
11924 0.955465587045
11988 0.957489878543
12033 0.95951417004
12117 0.961538461538
12168 0.963562753036
12451 0.965587044534
12627 0.967611336032
12786 0.96963562753
12826 0.971659919028
13225 0.973684210526
13607 0.975708502024
13787 0.977732793522
14313 0.97975708502
14500 0.981781376518
14967 0.983805668016
15456 0.985829959514
16504 0.987854251012
17928 0.98987854251
18285 0.991902834008
18513 0.993927125506
19893 0.995951417004
21279 0.997975708502
37634 1.0
