34 0.00202429149798
301 0.00404858299595
438 0.00607287449393
500 0.0080971659919
511 0.0101214574899
540 0.0121457489879
557 0.0141700404858
649 0.0161943319838
755 0.0182186234818
775 0.0202429149798
787 0.0222672064777
799 0.0242914979757
814 0.0263157894737
821 0.0283400809717
832 0.0303643724696
840 0.0323886639676
868 0.0344129554656
878 0.0364372469636
895 0.0384615384615
897 0.0404858299595
899 0.0425101214575
912 0.0445344129555
934 0.0465587044534
938 0.0485829959514
939 0.0506072874494
972 0.0526315789474
978 0.0546558704453
1013 0.0566801619433
1027 0.0587044534413
1056 0.0607287449393
1093 0.0627530364372
1105 0.0647773279352
1157 0.0688259109312
1157 0.0688259109312
1185 0.0708502024291
1190 0.0728744939271
1243 0.0748987854251
1251 0.0769230769231
1252 0.0789473684211
1297 0.080971659919
1309 0.085020242915
1309 0.085020242915
1312 0.087044534413
1317 0.0890688259109
1325 0.0910931174089
1344 0.0931174089069
1348 0.0951417004049
1360 0.0971659919028
1365 0.0991902834008
1369 0.101214574899
1382 0.103238866397
1396 0.105263157895
1397 0.107287449393
1401 0.109311740891
1416 0.111336032389
1419 0.113360323887
1434 0.115384615385
1451 0.117408906883
1459 0.119433198381
1466 0.121457489879
1477 0.123481781377
1492 0.125506072874
1496 0.127530364372
1500 0.12955465587
1510 0.133603238866
1510 0.133603238866
1524 0.135627530364
1531 0.137651821862
1536 0.13967611336
1537 0.141700404858
1545 0.143724696356
1548 0.145748987854
1553 0.147773279352
1554 0.14979757085
1565 0.151821862348
1567 0.153846153846
1578 0.155870445344
1582 0.157894736842
1583 0.15991902834
1592 0.161943319838
1604 0.163967611336
1611 0.165991902834
1615 0.168016194332
1632 0.17004048583
1642 0.172064777328
1661 0.174089068826
1663 0.176113360324
1678 0.178137651822
1679 0.18016194332
1690 0.182186234818
1696 0.184210526316
1716 0.186234817814
1731 0.188259109312
1733 0.19028340081
1738 0.192307692308
1746 0.194331983806
1754 0.196356275304
1758 0.198380566802
1777 0.2004048583
1793 0.202429149798
1794 0.204453441296
1803 0.206477732794
1807 0.208502024291
1808 0.210526315789
1817 0.212550607287
1843 0.214574898785
1850 0.216599190283
1859 0.218623481781
1865 0.220647773279
1869 0.222672064777
1874 0.224696356275
1875 0.228744939271
1875 0.228744939271
1882 0.230769230769
1884 0.232793522267
1887 0.236842105263
1887 0.236842105263
1896 0.238866396761
1901 0.240890688259
1902 0.242914979757
1918 0.244939271255
1922 0.246963562753
1925 0.248987854251
1928 0.251012145749
1931 0.253036437247
1937 0.255060728745
1940 0.257085020243
1945 0.259109311741
1946 0.261133603239
1961 0.263157894737
1964 0.265182186235
1971 0.267206477733
1985 0.269230769231
2000 0.271255060729
2024 0.273279352227
2035 0.275303643725
2041 0.277327935223
2062 0.279352226721
2063 0.281376518219
2066 0.283400809717
2098 0.285425101215
2102 0.287449392713
2104 0.289473684211
2112 0.291497975709
2113 0.293522267206
2114 0.295546558704
2115 0.297570850202
2118 0.2995951417
2121 0.301619433198
2122 0.303643724696
2123 0.305668016194
2127 0.307692307692
2129 0.30971659919
2130 0.311740890688
2133 0.313765182186
2137 0.315789473684
2139 0.31983805668
2139 0.31983805668
2150 0.321862348178
2157 0.323886639676
2161 0.325910931174
2163 0.327935222672
2176 0.32995951417
2182 0.331983805668
2187 0.336032388664
2187 0.336032388664
2192 0.34008097166
2192 0.34008097166
2215 0.342105263158
2220 0.344129554656
2224 0.346153846154
2226 0.348178137652
2227 0.352226720648
2227 0.352226720648
2240 0.354251012146
2244 0.356275303644
2246 0.358299595142
2249 0.36032388664
2253 0.362348178138
2255 0.364372469636
2257 0.368421052632
2257 0.368421052632
2281 0.372469635628
2281 0.372469635628
2283 0.374493927126
2286 0.376518218623
2313 0.378542510121
2319 0.380566801619
2326 0.382591093117
2332 0.384615384615
2337 0.386639676113
2342 0.388663967611
2346 0.390688259109
2354 0.392712550607
2394 0.394736842105
2395 0.396761133603
2400 0.398785425101
2404 0.400809716599
2418 0.402834008097
2437 0.406882591093
2437 0.406882591093
2441 0.408906882591
2442 0.410931174089
2444 0.412955465587
2449 0.414979757085
2452 0.417004048583
2454 0.419028340081
2463 0.421052631579
2475 0.423076923077
2488 0.425101214575
2494 0.427125506073
2499 0.429149797571
2510 0.431174089069
2522 0.433198380567
2540 0.435222672065
2548 0.437246963563
2551 0.439271255061
2553 0.441295546559
2556 0.443319838057
2561 0.447368421053
2561 0.447368421053
2565 0.449392712551
2566 0.451417004049
2577 0.453441295547
2579 0.457489878543
2579 0.457489878543
2585 0.45951417004
2600 0.461538461538
2601 0.463562753036
2620 0.465587044534
2627 0.467611336032
2631 0.46963562753
2634 0.471659919028
2641 0.473684210526
2642 0.475708502024
2657 0.477732793522
2663 0.47975708502
2668 0.481781376518
2684 0.483805668016
2687 0.485829959514
2695 0.48987854251
2695 0.48987854251
2701 0.491902834008
2725 0.493927125506
2737 0.495951417004
2741 0.497975708502
2743 0.5
2748 0.502024291498
2750 0.504048582996
2765 0.506072874494
2766 0.508097165992
2770 0.51012145749
2776 0.512145748988
2785 0.514170040486
2796 0.516194331984
2799 0.518218623482
2806 0.52024291498
2819 0.522267206478
2821 0.524291497976
2831 0.526315789474
2837 0.528340080972
2854 0.53036437247
2861 0.532388663968
2870 0.534412955466
2880 0.536437246964
2891 0.538461538462
2908 0.54048582996
2915 0.542510121457
2920 0.544534412955
2930 0.546558704453
2957 0.548582995951
2965 0.552631578947
2965 0.552631578947
2968 0.554655870445
2975 0.556680161943
2982 0.558704453441
2988 0.560728744939
3014 0.562753036437
3023 0.564777327935
3047 0.566801619433
3059 0.568825910931
3073 0.570850202429
3074 0.572874493927
3080 0.574898785425
3082 0.576923076923
3083 0.578947368421
3085 0.580971659919
3088 0.582995951417
3091 0.587044534413
3091 0.587044534413
3105 0.589068825911
3108 0.591093117409
3109 0.593117408907
3158 0.595141700405
3178 0.597165991903
3179 0.599190283401
3184 0.601214574899
3192 0.603238866397
3196 0.607287449393
3196 0.607287449393
3225 0.609311740891
3232 0.611336032389
3233 0.613360323887
3247 0.615384615385
3249 0.617408906883
3259 0.619433198381
3263 0.621457489879
3278 0.623481781377
3307 0.625506072874
3321 0.627530364372
3327 0.62955465587
3334 0.631578947368
3336 0.633603238866
3338 0.635627530364
3345 0.637651821862
3346 0.63967611336
3361 0.641700404858
3368 0.643724696356
3373 0.645748987854
3375 0.647773279352
3408 0.651821862348
3408 0.651821862348
3417 0.653846153846
3428 0.655870445344
3441 0.657894736842
3451 0.65991902834
3459 0.661943319838
3472 0.663967611336
3474 0.665991902834
3498 0.668016194332
3507 0.67004048583
3530 0.672064777328
3531 0.674089068826
3547 0.676113360324
3549 0.678137651822
3562 0.682186234818
3562 0.682186234818
3578 0.684210526316
3599 0.686234817814
3605 0.688259109312
3615 0.69028340081
3618 0.692307692308
3638 0.694331983806
3646 0.696356275304
3654 0.698380566802
3665 0.7004048583
3671 0.702429149798
3676 0.704453441296
3688 0.706477732794
3689 0.708502024291
3696 0.710526315789
3709 0.712550607287
3739 0.714574898785
3771 0.716599190283
3792 0.718623481781
3793 0.720647773279
3803 0.722672064777
3817 0.724696356275
3840 0.726720647773
3847 0.728744939271
3868 0.730769230769
3875 0.732793522267
3929 0.734817813765
3951 0.736842105263
3972 0.738866396761
4011 0.740890688259
4028 0.742914979757
4029 0.744939271255
4045 0.746963562753
4050 0.748987854251
4060 0.751012145749
4097 0.755060728745
4097 0.755060728745
4103 0.757085020243
4106 0.759109311741
4108 0.761133603239
4121 0.763157894737
4130 0.765182186235
4135 0.767206477733
4170 0.769230769231
4185 0.771255060729
4223 0.773279352227
4237 0.775303643725
4264 0.777327935223
4273 0.779352226721
4291 0.781376518219
4314 0.783400809717
4319 0.785425101215
4353 0.787449392713
4356 0.789473684211
4370 0.791497975709
4372 0.793522267206
4377 0.795546558704
4380 0.797570850202
4398 0.7995951417
4419 0.801619433198
4440 0.803643724696
4450 0.805668016194
4520 0.807692307692
4523 0.80971659919
4546 0.811740890688
4552 0.813765182186
4569 0.815789473684
4628 0.817813765182
4637 0.81983805668
4654 0.821862348178
4662 0.823886639676
4675 0.825910931174
4689 0.827935222672
4695 0.82995951417
4751 0.831983805668
4768 0.834008097166
4775 0.836032388664
4795 0.838056680162
4804 0.84008097166
4814 0.842105263158
4822 0.844129554656
4828 0.846153846154
4834 0.848178137652
4841 0.85020242915
4853 0.852226720648
4864 0.854251012146
4910 0.856275303644
5034 0.858299595142
5060 0.86032388664
5062 0.862348178138
5067 0.864372469636
5069 0.866396761134
5088 0.868421052632
5093 0.87044534413
5178 0.872469635628
5206 0.874493927126
5256 0.876518218623
5263 0.878542510121
5313 0.880566801619
5320 0.882591093117
5366 0.884615384615
5391 0.886639676113
5401 0.888663967611
5403 0.890688259109
5465 0.892712550607
5496 0.894736842105
5508 0.896761133603
5559 0.898785425101
5566 0.900809716599
5569 0.902834008097
5610 0.904858299595
5643 0.906882591093
5700 0.908906882591
5709 0.910931174089
5844 0.912955465587
5920 0.914979757085
5931 0.917004048583
5933 0.919028340081
5964 0.921052631579
5982 0.923076923077
6032 0.925101214575
6110 0.927125506073
6123 0.929149797571
6142 0.931174089069
6173 0.933198380567
6206 0.935222672065
6268 0.937246963563
6299 0.939271255061
6310 0.941295546559
6311 0.943319838057
6370 0.945344129555
6380 0.947368421053
6408 0.949392712551
6411 0.951417004049
6438 0.953441295547
6719 0.955465587045
6721 0.957489878543
6835 0.95951417004
6964 0.961538461538
7064 0.963562753036
7157 0.965587044534
7176 0.967611336032
7207 0.96963562753
7214 0.971659919028
7742 0.973684210526
7941 0.975708502024
8081 0.977732793522
8236 0.97975708502
8299 0.981781376518
8588 0.983805668016
8757 0.985829959514
9566 0.987854251012
9882 0.98987854251
11877 0.991902834008
15855 0.993927125506
19526 0.995951417004
33618 0.997975708502
131877 1.0
