30 0.00202429149798
636 0.00404858299595
860 0.00607287449393
1039 0.0080971659919
1210 0.0101214574899
1221 0.0121457489879
1369 0.0141700404858
1593 0.0161943319838
1815 0.0182186234818
1888 0.0202429149798
1926 0.0222672064777
1973 0.0242914979757
1996 0.0263157894737
2054 0.0283400809717
2055 0.0303643724696
2082 0.0323886639676
2143 0.0344129554656
2174 0.0384615384615
2174 0.0384615384615
2251 0.0404858299595
2373 0.0425101214575
2495 0.0445344129555
2617 0.0465587044534
2670 0.0485829959514
2728 0.0506072874494
2753 0.0526315789474
2766 0.0566801619433
2766 0.0566801619433
2782 0.0587044534413
2826 0.0607287449393
2882 0.0627530364372
2886 0.0647773279352
2944 0.0668016194332
3186 0.0688259109312
3208 0.0708502024291
3244 0.0728744939271
3305 0.0748987854251
3357 0.0769230769231
3456 0.0789473684211
3492 0.080971659919
3497 0.082995951417
3558 0.085020242915
3567 0.087044534413
3628 0.0890688259109
3634 0.0910931174089
3644 0.0931174089069
3655 0.0951417004049
3672 0.0971659919028
3698 0.0991902834008
3739 0.101214574899
3744 0.103238866397
3774 0.105263157895
3790 0.107287449393
3796 0.109311740891
3813 0.111336032389
3846 0.113360323887
3852 0.115384615385
3890 0.117408906883
3925 0.119433198381
3952 0.121457489879
3962 0.123481781377
3992 0.125506072874
4004 0.127530364372
4007 0.12955465587
4063 0.131578947368
4071 0.135627530364
4071 0.135627530364
4119 0.137651821862
4131 0.13967611336
4139 0.141700404858
4155 0.143724696356
4172 0.145748987854
4174 0.147773279352
4248 0.14979757085
4301 0.151821862348
4316 0.153846153846
4343 0.155870445344
4348 0.157894736842
4387 0.15991902834
4412 0.163967611336
4412 0.163967611336
4423 0.165991902834
4450 0.168016194332
4505 0.17004048583
4518 0.172064777328
4538 0.174089068826
4544 0.176113360324
4545 0.178137651822
4551 0.18016194332
4636 0.182186234818
4666 0.184210526316
4684 0.186234817814
4793 0.188259109312
4795 0.19028340081
4809 0.192307692308
4817 0.194331983806
4838 0.196356275304
4850 0.198380566802
4875 0.2004048583
4897 0.202429149798
4909 0.204453441296
4941 0.206477732794
4952 0.208502024291
4981 0.210526315789
4982 0.212550607287
4984 0.214574898785
4997 0.216599190283
4999 0.218623481781
5036 0.220647773279
5049 0.222672064777
5062 0.224696356275
5109 0.226720647773
5112 0.228744939271
5120 0.230769230769
5129 0.232793522267
5163 0.234817813765
5166 0.236842105263
5169 0.238866396761
5216 0.240890688259
5308 0.242914979757
5312 0.244939271255
5316 0.246963562753
5326 0.248987854251
5339 0.251012145749
5361 0.253036437247
5405 0.257085020243
5405 0.257085020243
5413 0.259109311741
5426 0.261133603239
5427 0.263157894737
5436 0.265182186235
5441 0.267206477733
5450 0.269230769231
5451 0.271255060729
5471 0.273279352227
5476 0.275303643725
5481 0.277327935223
5491 0.279352226721
5493 0.281376518219
5495 0.283400809717
5500 0.287449392713
5500 0.287449392713
5549 0.289473684211
5553 0.291497975709
5574 0.293522267206
5582 0.295546558704
5614 0.297570850202
5653 0.2995951417
5656 0.301619433198
5657 0.303643724696
5687 0.305668016194
5708 0.307692307692
5721 0.30971659919
5733 0.311740890688
5738 0.313765182186
5781 0.315789473684
5800 0.317813765182
5802 0.31983805668
5844 0.321862348178
5898 0.323886639676
5913 0.325910931174
5924 0.327935222672
5929 0.32995951417
5932 0.331983805668
5948 0.334008097166
5997 0.336032388664
6009 0.338056680162
6011 0.34008097166
6022 0.342105263158
6024 0.344129554656
6028 0.346153846154
6066 0.348178137652
6074 0.35020242915
6107 0.352226720648
6116 0.354251012146
6148 0.356275303644
6187 0.358299595142
6221 0.36032388664
6302 0.362348178138
6303 0.364372469636
6318 0.366396761134
6328 0.368421052632
6338 0.37044534413
6340 0.372469635628
6342 0.374493927126
6344 0.376518218623
6387 0.378542510121
6434 0.380566801619
6465 0.382591093117
6482 0.384615384615
6489 0.386639676113
6525 0.388663967611
6544 0.390688259109
6599 0.392712550607
6618 0.394736842105
6685 0.396761133603
6687 0.398785425101
6713 0.400809716599
6727 0.404858299595
6727 0.404858299595
6732 0.406882591093
6739 0.408906882591
6751 0.410931174089
6752 0.412955465587
6761 0.414979757085
6762 0.417004048583
6786 0.419028340081
6794 0.421052631579
6800 0.423076923077
6819 0.425101214575
6904 0.427125506073
6915 0.429149797571
6930 0.431174089069
6933 0.433198380567
6951 0.435222672065
6953 0.437246963563
6957 0.439271255061
6960 0.441295546559
6997 0.443319838057
7015 0.445344129555
7027 0.447368421053
7034 0.451417004049
7034 0.451417004049
7036 0.453441295547
7057 0.455465587045
7074 0.457489878543
7093 0.461538461538
7093 0.461538461538
7133 0.463562753036
7194 0.465587044534
7197 0.467611336032
7208 0.46963562753
7224 0.471659919028
7236 0.473684210526
7249 0.475708502024
7267 0.47975708502
7267 0.47975708502
7290 0.481781376518
7298 0.483805668016
7324 0.485829959514
7325 0.487854251012
7342 0.48987854251
7370 0.491902834008
7383 0.493927125506
7442 0.495951417004
7451 0.497975708502
7474 0.5
7520 0.502024291498
7524 0.504048582996
7529 0.506072874494
7590 0.508097165992
7593 0.51012145749
7648 0.512145748988
7693 0.514170040486
7731 0.516194331984
7741 0.518218623482
7753 0.52024291498
7781 0.522267206478
7806 0.524291497976
7841 0.526315789474
7890 0.528340080972
7929 0.53036437247
7974 0.532388663968
7998 0.534412955466
8007 0.536437246964
8027 0.538461538462
8041 0.54048582996
8058 0.542510121457
8085 0.544534412955
8095 0.546558704453
8124 0.548582995951
8203 0.550607287449
8204 0.552631578947
8211 0.554655870445
8212 0.556680161943
8243 0.558704453441
8247 0.560728744939
8270 0.562753036437
8312 0.564777327935
8323 0.566801619433
8341 0.568825910931
8363 0.570850202429
8370 0.572874493927
8372 0.574898785425
8374 0.576923076923
8395 0.578947368421
8399 0.580971659919
8406 0.582995951417
8410 0.585020242915
8425 0.587044534413
8427 0.589068825911
8432 0.591093117409
8465 0.593117408907
8495 0.595141700405
8556 0.597165991903
8573 0.599190283401
8583 0.601214574899
8649 0.603238866397
8677 0.605263157895
8695 0.607287449393
8796 0.609311740891
8810 0.611336032389
8811 0.613360323887
8829 0.615384615385
8830 0.617408906883
8839 0.619433198381
8883 0.621457489879
8886 0.623481781377
8905 0.625506072874
8935 0.627530364372
8956 0.62955465587
8981 0.631578947368
9030 0.633603238866
9058 0.635627530364
9088 0.637651821862
9091 0.63967611336
9116 0.641700404858
9153 0.643724696356
9162 0.645748987854
9193 0.647773279352
9249 0.64979757085
9258 0.651821862348
9281 0.653846153846
9283 0.655870445344
9291 0.657894736842
9307 0.65991902834
9325 0.661943319838
9376 0.663967611336
9388 0.665991902834
9413 0.668016194332
9437 0.67004048583
9445 0.672064777328
9454 0.674089068826
9461 0.676113360324
9464 0.678137651822
9468 0.68016194332
9543 0.682186234818
9577 0.684210526316
9592 0.686234817814
9608 0.688259109312
9616 0.69028340081
9657 0.692307692308
9659 0.694331983806
9698 0.696356275304
9703 0.698380566802
9767 0.7004048583
9776 0.702429149798
9782 0.704453441296
9794 0.706477732794
9795 0.708502024291
9797 0.710526315789
9820 0.712550607287
9859 0.714574898785
9861 0.716599190283
9906 0.718623481781
9935 0.720647773279
9979 0.722672064777
10004 0.724696356275
10046 0.726720647773
10047 0.728744939271
10082 0.730769230769
10264 0.732793522267
10300 0.734817813765
10346 0.736842105263
10350 0.738866396761
10401 0.740890688259
10402 0.742914979757
10426 0.744939271255
10447 0.746963562753
10455 0.748987854251
10564 0.751012145749
10596 0.753036437247
10611 0.755060728745
10656 0.757085020243
10723 0.759109311741
10795 0.761133603239
10818 0.763157894737
10868 0.765182186235
10956 0.767206477733
10976 0.769230769231
11065 0.771255060729
11141 0.773279352227
11151 0.775303643725
11237 0.777327935223
11252 0.779352226721
11260 0.781376518219
11270 0.783400809717
11278 0.785425101215
11459 0.787449392713
11547 0.789473684211
11616 0.791497975709
11627 0.793522267206
11686 0.795546558704
11825 0.797570850202
11842 0.7995951417
12028 0.801619433198
12031 0.803643724696
12084 0.805668016194
12228 0.807692307692
12249 0.80971659919
12323 0.811740890688
12329 0.813765182186
12402 0.815789473684
12413 0.817813765182
12502 0.81983805668
12533 0.821862348178
12562 0.823886639676
12596 0.825910931174
12689 0.827935222672
12785 0.82995951417
12876 0.831983805668
12890 0.834008097166
13101 0.836032388664
13261 0.838056680162
13360 0.84008097166
13425 0.842105263158
13548 0.844129554656
13736 0.846153846154
13850 0.848178137652
14023 0.85020242915
14085 0.852226720648
14155 0.854251012146
14172 0.856275303644
14295 0.858299595142
14365 0.86032388664
14388 0.862348178138
14395 0.864372469636
14421 0.866396761134
14484 0.868421052632
14532 0.87044534413
14954 0.872469635628
15041 0.874493927126
15082 0.876518218623
15162 0.878542510121
15268 0.880566801619
15313 0.882591093117
15334 0.884615384615
15414 0.886639676113
15479 0.888663967611
15580 0.890688259109
15642 0.892712550607
15819 0.894736842105
16195 0.896761133603
16267 0.898785425101
16360 0.900809716599
16395 0.902834008097
16403 0.904858299595
16639 0.906882591093
16751 0.908906882591
16847 0.910931174089
16956 0.912955465587
17003 0.914979757085
17670 0.917004048583
17672 0.919028340081
17936 0.921052631579
17980 0.923076923077
18448 0.925101214575
18556 0.927125506073
18635 0.929149797571
18870 0.931174089069
18903 0.933198380567
18927 0.935222672065
18948 0.937246963563
19120 0.939271255061
19362 0.941295546559
19892 0.943319838057
20156 0.945344129555
20205 0.947368421053
20436 0.949392712551
20824 0.951417004049
21030 0.953441295547
21575 0.955465587045
21911 0.957489878543
22026 0.95951417004
22392 0.961538461538
22538 0.963562753036
22582 0.965587044534
23117 0.967611336032
23429 0.96963562753
23556 0.971659919028
23822 0.973684210526
23834 0.975708502024
23836 0.977732793522
25382 0.97975708502
26309 0.981781376518
26542 0.983805668016
27008 0.985829959514
27573 0.987854251012
28654 0.98987854251
30773 0.991902834008
30931 0.993927125506
32935 0.995951417004
42841 0.997975708502
43807 1.0
