29 0.00202429149798
330 0.00404858299595
483 0.00607287449393
537 0.0080971659919
554 0.0101214574899
587 0.0121457489879
594 0.0141700404858
676 0.0161943319838
778 0.0182186234818
901 0.0202429149798
908 0.0222672064777
910 0.0242914979757
917 0.0263157894737
939 0.0283400809717
950 0.0303643724696
957 0.0323886639676
974 0.0344129554656
975 0.0364372469636
977 0.0384615384615
1014 0.0404858299595
1075 0.0425101214575
1141 0.0445344129555
1157 0.0465587044534
1218 0.0485829959514
1245 0.0506072874494
1246 0.0526315789474
1294 0.0546558704453
1324 0.0566801619433
1390 0.0587044534413
1407 0.0607287449393
1429 0.0627530364372
1434 0.0647773279352
1456 0.0668016194332
1464 0.0688259109312
1467 0.0708502024291
1503 0.0728744939271
1519 0.0748987854251
1573 0.0769230769231
1586 0.0789473684211
1597 0.080971659919
1619 0.082995951417
1663 0.085020242915
1665 0.087044534413
1666 0.0890688259109
1671 0.0910931174089
1737 0.0931174089069
1783 0.0951417004049
1792 0.0971659919028
1824 0.0991902834008
1830 0.101214574899
1850 0.103238866397
1886 0.105263157895
1892 0.107287449393
1902 0.109311740891
1956 0.111336032389
1963 0.113360323887
1972 0.115384615385
1979 0.119433198381
1979 0.119433198381
2007 0.121457489879
2025 0.123481781377
2030 0.125506072874
2033 0.127530364372
2034 0.12955465587
2079 0.131578947368
2083 0.133603238866
2085 0.135627530364
2101 0.137651821862
2117 0.13967611336
2129 0.141700404858
2134 0.143724696356
2151 0.145748987854
2160 0.147773279352
2195 0.14979757085
2200 0.151821862348
2214 0.153846153846
2217 0.155870445344
2220 0.15991902834
2220 0.15991902834
2229 0.161943319838
2230 0.163967611336
2232 0.165991902834
2279 0.168016194332
2284 0.17004048583
2305 0.172064777328
2310 0.174089068826
2325 0.176113360324
2341 0.178137651822
2343 0.18016194332
2350 0.182186234818
2378 0.184210526316
2390 0.186234817814
2399 0.188259109312
2406 0.19028340081
2418 0.192307692308
2446 0.194331983806
2452 0.196356275304
2454 0.198380566802
2461 0.2004048583
2476 0.202429149798
2513 0.204453441296
2536 0.208502024291
2536 0.208502024291
2552 0.210526315789
2558 0.212550607287
2573 0.214574898785
2586 0.216599190283
2591 0.218623481781
2597 0.220647773279
2621 0.222672064777
2626 0.224696356275
2629 0.226720647773
2636 0.228744939271
2647 0.230769230769
2669 0.232793522267
2684 0.236842105263
2684 0.236842105263
2743 0.238866396761
2754 0.240890688259
2794 0.242914979757
2804 0.244939271255
2812 0.246963562753
2865 0.248987854251
2890 0.251012145749
2900 0.253036437247
2936 0.257085020243
2936 0.257085020243
2940 0.259109311741
2946 0.261133603239
2949 0.265182186235
2949 0.265182186235
2966 0.267206477733
2971 0.269230769231
2973 0.271255060729
2976 0.273279352227
2984 0.275303643725
3018 0.277327935223
3022 0.279352226721
3031 0.281376518219
3069 0.283400809717
3079 0.285425101215
3109 0.287449392713
3120 0.289473684211
3149 0.291497975709
3152 0.293522267206
3165 0.295546558704
3176 0.297570850202
3203 0.2995951417
3221 0.301619433198
3240 0.305668016194
3240 0.305668016194
3254 0.307692307692
3266 0.30971659919
3284 0.311740890688
3312 0.313765182186
3313 0.315789473684
3316 0.317813765182
3341 0.31983805668
3350 0.321862348178
3355 0.323886639676
3385 0.325910931174
3388 0.327935222672
3399 0.331983805668
3399 0.331983805668
3419 0.334008097166
3432 0.336032388664
3437 0.338056680162
3445 0.34008097166
3452 0.342105263158
3457 0.344129554656
3467 0.346153846154
3470 0.348178137652
3473 0.35020242915
3490 0.352226720648
3492 0.354251012146
3500 0.356275303644
3527 0.358299595142
3581 0.362348178138
3581 0.362348178138
3585 0.364372469636
3596 0.366396761134
3598 0.368421052632
3601 0.37044534413
3609 0.372469635628
3610 0.374493927126
3612 0.376518218623
3614 0.378542510121
3669 0.380566801619
3684 0.382591093117
3687 0.384615384615
3694 0.386639676113
3701 0.388663967611
3702 0.390688259109
3735 0.394736842105
3735 0.394736842105
3755 0.396761133603
3770 0.398785425101
3786 0.400809716599
3793 0.402834008097
3803 0.404858299595
3808 0.406882591093
3812 0.408906882591
3816 0.410931174089
3832 0.412955465587
3834 0.414979757085
3839 0.419028340081
3839 0.419028340081
3841 0.421052631579
3876 0.423076923077
3880 0.425101214575
3885 0.427125506073
3898 0.429149797571
3917 0.431174089069
3966 0.433198380567
3993 0.435222672065
4013 0.437246963563
4027 0.439271255061
4034 0.441295546559
4044 0.443319838057
4053 0.445344129555
4054 0.447368421053
4059 0.449392712551
4067 0.451417004049
4083 0.453441295547
4097 0.455465587045
4112 0.457489878543
4115 0.45951417004
4156 0.461538461538
4167 0.463562753036
4185 0.465587044534
4210 0.467611336032
4247 0.46963562753
4259 0.471659919028
4260 0.473684210526
4264 0.475708502024
4265 0.477732793522
4272 0.47975708502
4277 0.481781376518
4286 0.483805668016
4289 0.485829959514
4299 0.487854251012
4301 0.48987854251
4309 0.491902834008
4318 0.493927125506
4325 0.495951417004
4336 0.497975708502
4343 0.5
4370 0.502024291498
4377 0.504048582996
4394 0.506072874494
4403 0.508097165992
4419 0.51012145749
4443 0.512145748988
4507 0.514170040486
4511 0.516194331984
4522 0.518218623482
4551 0.52024291498
4609 0.522267206478
4624 0.524291497976
4645 0.53036437247
4645 0.53036437247
4645 0.53036437247
4653 0.532388663968
4675 0.534412955466
4709 0.536437246964
4776 0.538461538462
4784 0.54048582996
4804 0.542510121457
4832 0.544534412955
4838 0.546558704453
4841 0.548582995951
4862 0.550607287449
4868 0.552631578947
4878 0.554655870445
4891 0.556680161943
4897 0.558704453441
4920 0.560728744939
4931 0.562753036437
4936 0.564777327935
4940 0.566801619433
4942 0.568825910931
4945 0.570850202429
4963 0.572874493927
4965 0.574898785425
4992 0.576923076923
4996 0.578947368421
4998 0.580971659919
5001 0.582995951417
5002 0.585020242915
5032 0.587044534413
5033 0.589068825911
5093 0.591093117409
5103 0.593117408907
5118 0.595141700405
5132 0.597165991903
5167 0.599190283401
5175 0.601214574899
5176 0.603238866397
5193 0.605263157895
5200 0.607287449393
5207 0.609311740891
5211 0.611336032389
5226 0.613360323887
5239 0.615384615385
5244 0.617408906883
5255 0.619433198381
5291 0.621457489879
5305 0.623481781377
5309 0.625506072874
5345 0.627530364372
5371 0.62955465587
5384 0.631578947368
5398 0.633603238866
5450 0.635627530364
5461 0.637651821862
5499 0.63967611336
5532 0.641700404858
5544 0.643724696356
5553 0.645748987854
5575 0.647773279352
5587 0.64979757085
5613 0.651821862348
5643 0.653846153846
5653 0.655870445344
5706 0.657894736842
5710 0.65991902834
5734 0.663967611336
5734 0.663967611336
5742 0.665991902834
5746 0.668016194332
5752 0.67004048583
5771 0.672064777328
5776 0.674089068826
5779 0.676113360324
5785 0.678137651822
5790 0.682186234818
5790 0.682186234818
5799 0.684210526316
5827 0.686234817814
5832 0.688259109312
5842 0.69028340081
5856 0.692307692308
5857 0.694331983806
5887 0.696356275304
5891 0.698380566802
5930 0.7004048583
5951 0.702429149798
5952 0.704453441296
5977 0.706477732794
5991 0.708502024291
5993 0.710526315789
6018 0.712550607287
6027 0.714574898785
6034 0.716599190283
6051 0.718623481781
6068 0.720647773279
6103 0.722672064777
6123 0.724696356275
6154 0.726720647773
6187 0.728744939271
6207 0.730769230769
6215 0.732793522267
6280 0.734817813765
6291 0.736842105263
6319 0.738866396761
6327 0.742914979757
6327 0.742914979757
6357 0.744939271255
6362 0.746963562753
6382 0.748987854251
6399 0.751012145749
6425 0.753036437247
6444 0.755060728745
6457 0.757085020243
6462 0.759109311741
6482 0.761133603239
6483 0.763157894737
6517 0.765182186235
6537 0.767206477733
6545 0.769230769231
6568 0.771255060729
6580 0.773279352227
6600 0.775303643725
6751 0.777327935223
6752 0.779352226721
6832 0.781376518219
6834 0.783400809717
6838 0.785425101215
6840 0.787449392713
6841 0.789473684211
6843 0.791497975709
6883 0.793522267206
6911 0.795546558704
6915 0.797570850202
6968 0.7995951417
7062 0.801619433198
7073 0.803643724696
7168 0.805668016194
7178 0.807692307692
7246 0.80971659919
7303 0.811740890688
7320 0.815789473684
7320 0.815789473684
7392 0.817813765182
7472 0.81983805668
7486 0.821862348178
7498 0.823886639676
7506 0.825910931174
7603 0.827935222672
7654 0.82995951417
7713 0.831983805668
7754 0.834008097166
7803 0.836032388664
7938 0.838056680162
7959 0.84008097166
7960 0.842105263158
7981 0.844129554656
7993 0.846153846154
8026 0.848178137652
8053 0.85020242915
8058 0.852226720648
8172 0.854251012146
8202 0.856275303644
8222 0.858299595142
8275 0.86032388664
8304 0.862348178138
8318 0.864372469636
8396 0.866396761134
8469 0.868421052632
8480 0.87044534413
8843 0.872469635628
8918 0.874493927126
8932 0.876518218623
8954 0.878542510121
9016 0.880566801619
9018 0.882591093117
9192 0.884615384615
9274 0.886639676113
9407 0.888663967611
9583 0.890688259109
9588 0.892712550607
9627 0.894736842105
9644 0.896761133603
9875 0.898785425101
9927 0.900809716599
9928 0.902834008097
9947 0.904858299595
10079 0.906882591093
10310 0.908906882591
10629 0.910931174089
10950 0.912955465587
11114 0.914979757085
11126 0.917004048583
11216 0.919028340081
11241 0.921052631579
11650 0.923076923077
11926 0.925101214575
12700 0.927125506073
12844 0.929149797571
13261 0.931174089069
13376 0.933198380567
13777 0.935222672065
13889 0.937246963563
14089 0.939271255061
14283 0.941295546559
14340 0.943319838057
14388 0.945344129555
14397 0.947368421053
14406 0.949392712551
14732 0.951417004049
14847 0.953441295547
15226 0.955465587045
15489 0.957489878543
15515 0.95951417004
15652 0.961538461538
16131 0.963562753036
16270 0.965587044534
16523 0.967611336032
16611 0.96963562753
16957 0.971659919028
17634 0.973684210526
18971 0.975708502024
19486 0.977732793522
20149 0.97975708502
20223 0.981781376518
20479 0.983805668016
21155 0.985829959514
21450 0.987854251012
21961 0.98987854251
30090 0.991902834008
31664 0.993927125506
36406 0.995951417004
55007 0.997975708502
68507 1.0
