27 0.00202839756592
903 0.00405679513185
1324 0.00608519269777
1489 0.00811359026369
1815 0.0101419878296
1839 0.0121703853955
2021 0.0141987829615
2369 0.0162271805274
2776 0.0182555780933
2826 0.0202839756592
2963 0.0223123732252
3096 0.0243407707911
3145 0.026369168357
3208 0.0283975659229
3256 0.0304259634888
3338 0.0324543610548
3357 0.0344827586207
3562 0.0365111561866
3775 0.0385395537525
4005 0.0405679513185
4103 0.0425963488844
4315 0.0446247464503
4389 0.0466531440162
4390 0.0486815415822
4396 0.0507099391481
4502 0.052738336714
4638 0.0547667342799
4758 0.0567951318458
4822 0.0588235294118
4951 0.0608519269777
5024 0.0628803245436
5380 0.0649087221095
5410 0.0669371196755
5479 0.0689655172414
5575 0.0709939148073
5629 0.0730223123732
5860 0.0750507099391
5886 0.0770791075051
6161 0.079107505071
6236 0.0811359026369
6239 0.0831643002028
6241 0.0851926977688
6424 0.0872210953347
6429 0.0892494929006
6596 0.0912778904665
6620 0.0933062880325
6685 0.0953346855984
6741 0.0973630831643
6795 0.0993914807302
6807 0.101419878296
6818 0.103448275862
6845 0.105476673428
6992 0.107505070994
6993 0.10953346856
6995 0.111561866126
7003 0.113590263692
7034 0.115618661258
7123 0.117647058824
7149 0.119675456389
7211 0.121703853955
7283 0.123732251521
7311 0.125760649087
7334 0.127789046653
7376 0.129817444219
7382 0.131845841785
7502 0.135902636917
7502 0.135902636917
7600 0.137931034483
7705 0.139959432049
7731 0.141987829615
7776 0.144016227181
7823 0.146044624746
7862 0.148073022312
7906 0.150101419878
7918 0.152129817444
7929 0.15415821501
8027 0.156186612576
8148 0.158215010142
8152 0.160243407708
8215 0.162271805274
8225 0.16430020284
8259 0.166328600406
8265 0.168356997972
8269 0.170385395538
8286 0.172413793103
8348 0.174442190669
8364 0.176470588235
8387 0.178498985801
8438 0.180527383367
8444 0.182555780933
8487 0.184584178499
8505 0.186612576065
8552 0.188640973631
8599 0.190669371197
8631 0.192697768763
8725 0.194726166329
8765 0.196754563895
8795 0.19878296146
8848 0.200811359026
8870 0.202839756592
8887 0.204868154158
8908 0.206896551724
8932 0.20892494929
8973 0.210953346856
9029 0.212981744422
9135 0.215010141988
9176 0.217038539554
9204 0.21906693712
9257 0.221095334686
9282 0.223123732252
9305 0.225152129817
9317 0.227180527383
9324 0.229208924949
9486 0.231237322515
9524 0.233265720081
9616 0.235294117647
9619 0.237322515213
9708 0.239350912779
9746 0.241379310345
9750 0.243407707911
9811 0.245436105477
9826 0.247464503043
9840 0.249492900609
9864 0.251521298174
9918 0.25354969574
10103 0.255578093306
10124 0.257606490872
10127 0.259634888438
10152 0.261663286004
10170 0.26369168357
10261 0.265720081136
10290 0.267748478702
10353 0.269776876268
10371 0.271805273834
10385 0.2738336714
10438 0.275862068966
10471 0.277890466531
10478 0.279918864097
10575 0.281947261663
10585 0.283975659229
10602 0.286004056795
10613 0.290060851927
10613 0.290060851927
10637 0.292089249493
10686 0.294117647059
10734 0.296146044625
10811 0.298174442191
10815 0.300202839757
10820 0.302231237323
10900 0.304259634888
10944 0.306288032454
11027 0.30831643002
11196 0.310344827586
11212 0.312373225152
11218 0.314401622718
11278 0.316430020284
11301 0.31845841785
11304 0.320486815416
11345 0.322515212982
11347 0.324543610548
11396 0.326572008114
11408 0.32860040568
11422 0.330628803245
11517 0.332657200811
11539 0.334685598377
11688 0.336713995943
11696 0.338742393509
11725 0.340770791075
11748 0.342799188641
11778 0.344827586207
11886 0.346855983773
11890 0.348884381339
11899 0.350912778905
12126 0.352941176471
12157 0.354969574037
12192 0.356997971602
12228 0.359026369168
12236 0.361054766734
12306 0.3630831643
12335 0.365111561866
12399 0.367139959432
12417 0.369168356998
12446 0.371196754564
12512 0.37322515213
12622 0.375253549696
12750 0.377281947262
12802 0.379310344828
12836 0.381338742394
12872 0.383367139959
12904 0.385395537525
12982 0.387423935091
13031 0.389452332657
13040 0.391480730223
13072 0.393509127789
13078 0.395537525355
13130 0.397565922921
13131 0.399594320487
13183 0.401622718053
13185 0.403651115619
13240 0.405679513185
13254 0.407707910751
13301 0.409736308316
13457 0.411764705882
13496 0.413793103448
13565 0.415821501014
13568 0.41784989858
13590 0.419878296146
13625 0.421906693712
13688 0.423935091278
13741 0.425963488844
13769 0.42799188641
13794 0.430020283976
13810 0.432048681542
13919 0.434077079108
13921 0.436105476673
13941 0.438133874239
13953 0.440162271805
13990 0.442190669371
14001 0.444219066937
14065 0.446247464503
14127 0.448275862069
14141 0.450304259635
14160 0.452332657201
14222 0.454361054767
14227 0.456389452333
14291 0.458417849899
14325 0.460446247465
14367 0.46247464503
14406 0.464503042596
14464 0.466531440162
14538 0.468559837728
14617 0.470588235294
14692 0.47261663286
14825 0.474645030426
14887 0.476673427992
14927 0.478701825558
14980 0.480730223124
15019 0.48275862069
15028 0.484787018256
15073 0.486815415822
15221 0.488843813387
15244 0.490872210953
15261 0.492900608519
15355 0.494929006085
15379 0.496957403651
15513 0.498985801217
15642 0.501014198783
15663 0.503042596349
15724 0.505070993915
15768 0.507099391481
15850 0.509127789047
15875 0.511156186613
15896 0.513184584178
15940 0.515212981744
16161 0.51724137931
16189 0.519269776876
16274 0.521298174442
16396 0.523326572008
16425 0.525354969574
16451 0.52738336714
16512 0.529411764706
16520 0.531440162272
16527 0.533468559838
16678 0.535496957404
16734 0.53752535497
16809 0.539553752535
16884 0.541582150101
16980 0.543610547667
17022 0.545638945233
17085 0.547667342799
17131 0.549695740365
17314 0.551724137931
17422 0.553752535497
17651 0.555780933063
17665 0.557809330629
17747 0.559837728195
17868 0.561866125761
17909 0.563894523327
18105 0.565922920892
18111 0.567951318458
18248 0.569979716024
18305 0.57200811359
18359 0.574036511156
18391 0.576064908722
18422 0.578093306288
18504 0.580121703854
18881 0.58215010142
18914 0.584178498986
18948 0.586206896552
18973 0.588235294118
19019 0.590263691684
19038 0.592292089249
19251 0.594320486815
19416 0.596348884381
19520 0.598377281947
19521 0.600405679513
19779 0.602434077079
19854 0.604462474645
19942 0.606490872211
19956 0.608519269777
19991 0.610547667343
20063 0.612576064909
20218 0.614604462475
20294 0.616632860041
20313 0.618661257606
20533 0.620689655172
20683 0.622718052738
20733 0.624746450304
20756 0.62677484787
20842 0.630831643002
20842 0.630831643002
20927 0.632860040568
20973 0.634888438134
21008 0.6369168357
21198 0.638945233266
21281 0.640973630832
21305 0.643002028398
21547 0.645030425963
21741 0.647058823529
21763 0.649087221095
21782 0.651115618661
21806 0.653144016227
21827 0.655172413793
21919 0.657200811359
21992 0.659229208925
22236 0.661257606491
22457 0.663286004057
22517 0.665314401623
22649 0.667342799189
22654 0.669371196755
22704 0.67139959432
22742 0.673427991886
22753 0.675456389452
22870 0.677484787018
23151 0.679513184584
23171 0.68154158215
23326 0.683569979716
23422 0.685598377282
23441 0.687626774848
23476 0.689655172414
23477 0.69168356998
23556 0.693711967546
23630 0.695740365112
23711 0.697768762677
24182 0.699797160243
24368 0.701825557809
24655 0.703853955375
24728 0.705882352941
24925 0.707910750507
24936 0.709939148073
24982 0.711967545639
25633 0.713995943205
25684 0.716024340771
25755 0.718052738337
25799 0.720081135903
26715 0.722109533469
26778 0.724137931034
26801 0.7261663286
26806 0.728194726166
26842 0.730223123732
27129 0.732251521298
27319 0.734279918864
27544 0.73630831643
27573 0.738336713996
27635 0.740365111562
27718 0.742393509128
28243 0.744421906694
28643 0.74645030426
28724 0.748478701826
28915 0.750507099391
29334 0.752535496957
29464 0.754563894523
29842 0.756592292089
30015 0.758620689655
30201 0.760649087221
30253 0.762677484787
30424 0.764705882353
30597 0.766734279919
30919 0.768762677485
31028 0.770791075051
31302 0.772819472617
31482 0.774847870183
31915 0.776876267748
31996 0.778904665314
32133 0.78093306288
32578 0.782961460446
32804 0.784989858012
32816 0.787018255578
33345 0.789046653144
33683 0.79107505071
34388 0.793103448276
34956 0.795131845842
35054 0.797160243408
35109 0.799188640974
35286 0.80121703854
35372 0.803245436105
35375 0.805273833671
36068 0.807302231237
36090 0.809330628803
36994 0.811359026369
37409 0.813387423935
37917 0.815415821501
37951 0.817444219067
38110 0.819472616633
38143 0.821501014199
38956 0.823529411765
39143 0.825557809331
39894 0.827586206897
40446 0.829614604462
40769 0.831643002028
40771 0.833671399594
40824 0.83569979716
41798 0.837728194726
41805 0.839756592292
42673 0.841784989858
43211 0.843813387424
43281 0.84584178499
43680 0.847870182556
44762 0.849898580122
45029 0.851926977688
45558 0.853955375254
45603 0.855983772819
45614 0.858012170385
46077 0.860040567951
46135 0.862068965517
46375 0.864097363083
46423 0.866125760649
47169 0.868154158215
48362 0.870182555781
48386 0.872210953347
48820 0.874239350913
48842 0.876267748479
48902 0.878296146045
48970 0.880324543611
49224 0.882352941176
49286 0.884381338742
49371 0.886409736308
49439 0.888438133874
49930 0.89046653144
50083 0.892494929006
51667 0.894523326572
51984 0.896551724138
52485 0.898580121704
52577 0.90060851927
52635 0.902636916836
52653 0.904665314402
52712 0.906693711968
52784 0.908722109533
52815 0.910750507099
53309 0.912778904665
53935 0.914807302231
54980 0.916835699797
56235 0.918864097363
56265 0.920892494929
56393 0.922920892495
58390 0.924949290061
59077 0.926977687627
59623 0.929006085193
59689 0.931034482759
59710 0.933062880325
60356 0.93509127789
60753 0.937119675456
61167 0.939148073022
62877 0.941176470588
63756 0.943204868154
64479 0.94523326572
64823 0.947261663286
65083 0.949290060852
65164 0.951318458418
65748 0.953346855984
65844 0.95537525355
68219 0.957403651116
72136 0.959432048682
72393 0.961460446247
74400 0.963488843813
74425 0.965517241379
75019 0.967545638945
79709 0.969574036511
83565 0.971602434077
84698 0.973630831643
86495 0.975659229209
96598 0.977687626775
97887 0.979716024341
99704 0.981744421907
99832 0.983772819473
104114 0.985801217039
106160 0.987829614604
107536 0.98985801217
112624 0.991886409736
120269 0.993914807302
128228 0.995943204868
148888 0.997971602434
3621296 1.0
