28 0.00202839756592
733 0.00405679513185
988 0.00608519269777
1187 0.00811359026369
1395 0.0101419878296
1423 0.0121703853955
1586 0.0141987829615
1852 0.0162271805274
2029 0.0182555780933
2140 0.0202839756592
2204 0.0223123732252
2260 0.0243407707911
2279 0.026369168357
2304 0.0283975659229
2316 0.0304259634888
2356 0.0324543610548
2362 0.0344827586207
2378 0.0365111561866
2443 0.0385395537525
2486 0.0405679513185
2670 0.0425963488844
2729 0.0446247464503
2805 0.0466531440162
2837 0.0486815415822
2882 0.0507099391481
3068 0.052738336714
3081 0.0547667342799
3155 0.0567951318458
3199 0.0588235294118
3240 0.0608519269777
3260 0.0628803245436
3267 0.0649087221095
3282 0.0669371196755
3381 0.0689655172414
3654 0.0709939148073
3665 0.0730223123732
3667 0.0750507099391
3696 0.0770791075051
3780 0.079107505071
3789 0.0811359026369
3798 0.0831643002028
3813 0.0851926977688
3868 0.0872210953347
3930 0.0892494929006
3949 0.0912778904665
3951 0.0933062880325
3954 0.0953346855984
3982 0.0973630831643
4042 0.0993914807302
4058 0.101419878296
4086 0.103448275862
4134 0.105476673428
4144 0.107505070994
4160 0.10953346856
4168 0.111561866126
4194 0.113590263692
4222 0.115618661258
4228 0.117647058824
4250 0.119675456389
4271 0.121703853955
4288 0.123732251521
4327 0.125760649087
4328 0.127789046653
4332 0.129817444219
4338 0.131845841785
4392 0.133874239351
4393 0.137931034483
4393 0.137931034483
4413 0.139959432049
4435 0.141987829615
4450 0.144016227181
4482 0.146044624746
4509 0.148073022312
4529 0.150101419878
4534 0.152129817444
4560 0.15415821501
4661 0.156186612576
4677 0.158215010142
4709 0.160243407708
4714 0.162271805274
4747 0.16430020284
4757 0.166328600406
4766 0.168356997972
4798 0.170385395538
4799 0.172413793103
4854 0.174442190669
4870 0.176470588235
4926 0.178498985801
4927 0.180527383367
4956 0.182555780933
4967 0.184584178499
4973 0.186612576065
5008 0.188640973631
5014 0.190669371197
5017 0.192697768763
5072 0.194726166329
5083 0.196754563895
5110 0.19878296146
5115 0.200811359026
5172 0.202839756592
5223 0.204868154158
5239 0.206896551724
5244 0.20892494929
5265 0.210953346856
5284 0.212981744422
5285 0.215010141988
5378 0.217038539554
5397 0.21906693712
5398 0.221095334686
5470 0.223123732252
5500 0.225152129817
5538 0.227180527383
5554 0.229208924949
5574 0.231237322515
5595 0.233265720081
5597 0.235294117647
5626 0.237322515213
5634 0.239350912779
5637 0.241379310345
5655 0.243407707911
5745 0.245436105477
5771 0.247464503043
5773 0.249492900609
5777 0.251521298174
5810 0.25354969574
5814 0.257606490872
5814 0.257606490872
5873 0.259634888438
5914 0.261663286004
5926 0.26369168357
5952 0.265720081136
5955 0.267748478702
5974 0.269776876268
5978 0.271805273834
5994 0.2738336714
5997 0.275862068966
6007 0.277890466531
6010 0.279918864097
6013 0.281947261663
6043 0.283975659229
6059 0.286004056795
6067 0.288032454361
6082 0.290060851927
6115 0.292089249493
6129 0.294117647059
6146 0.296146044625
6149 0.298174442191
6155 0.300202839757
6211 0.302231237323
6236 0.304259634888
6257 0.306288032454
6276 0.30831643002
6306 0.310344827586
6332 0.312373225152
6351 0.314401622718
6374 0.316430020284
6384 0.31845841785
6393 0.320486815416
6427 0.322515212982
6436 0.324543610548
6438 0.326572008114
6445 0.32860040568
6468 0.330628803245
6492 0.332657200811
6516 0.334685598377
6524 0.336713995943
6565 0.338742393509
6590 0.340770791075
6612 0.342799188641
6617 0.344827586207
6644 0.346855983773
6684 0.348884381339
6685 0.350912778905
6687 0.352941176471
6693 0.354969574037
6719 0.356997971602
6731 0.359026369168
6804 0.361054766734
6844 0.3630831643
6880 0.365111561866
6893 0.367139959432
6926 0.369168356998
6941 0.371196754564
6946 0.37322515213
6953 0.375253549696
6972 0.377281947262
6979 0.379310344828
6992 0.381338742394
7002 0.383367139959
7022 0.385395537525
7029 0.387423935091
7036 0.389452332657
7053 0.391480730223
7098 0.393509127789
7107 0.395537525355
7127 0.397565922921
7164 0.399594320487
7204 0.401622718053
7216 0.403651115619
7235 0.405679513185
7238 0.407707910751
7245 0.409736308316
7246 0.411764705882
7318 0.413793103448
7326 0.415821501014
7345 0.41784989858
7366 0.419878296146
7387 0.421906693712
7388 0.423935091278
7439 0.425963488844
7451 0.42799188641
7456 0.430020283976
7486 0.432048681542
7527 0.434077079108
7534 0.436105476673
7545 0.438133874239
7580 0.440162271805
7586 0.442190669371
7595 0.444219066937
7600 0.446247464503
7645 0.448275862069
7659 0.450304259635
7664 0.452332657201
7665 0.454361054767
7669 0.456389452333
7672 0.458417849899
7675 0.460446247465
7688 0.46247464503
7697 0.464503042596
7712 0.466531440162
7734 0.468559837728
7741 0.470588235294
7772 0.47261663286
7784 0.474645030426
7787 0.476673427992
7795 0.478701825558
7807 0.480730223124
7815 0.48275862069
7835 0.484787018256
7836 0.486815415822
7850 0.488843813387
7909 0.490872210953
8013 0.492900608519
8037 0.494929006085
8038 0.496957403651
8058 0.498985801217
8159 0.501014198783
8185 0.503042596349
8228 0.505070993915
8244 0.507099391481
8261 0.509127789047
8269 0.511156186613
8273 0.513184584178
8290 0.515212981744
8409 0.51724137931
8449 0.519269776876
8463 0.521298174442
8495 0.523326572008
8542 0.525354969574
8591 0.52738336714
8607 0.529411764706
8613 0.531440162272
8647 0.533468559838
8669 0.535496957404
8693 0.53752535497
8703 0.539553752535
8712 0.541582150101
8738 0.543610547667
8757 0.545638945233
8769 0.547667342799
8771 0.549695740365
8817 0.551724137931
8853 0.553752535497
8871 0.555780933063
8885 0.557809330629
8909 0.559837728195
8934 0.561866125761
8943 0.563894523327
8944 0.565922920892
8946 0.567951318458
8957 0.569979716024
9005 0.57200811359
9028 0.574036511156
9035 0.576064908722
9055 0.578093306288
9066 0.580121703854
9093 0.58215010142
9113 0.584178498986
9153 0.586206896552
9159 0.588235294118
9195 0.590263691684
9275 0.592292089249
9277 0.594320486815
9345 0.596348884381
9362 0.598377281947
9364 0.600405679513
9374 0.602434077079
9384 0.604462474645
9428 0.606490872211
9442 0.608519269777
9468 0.610547667343
9502 0.612576064909
9631 0.614604462475
9656 0.616632860041
9710 0.618661257606
9715 0.620689655172
9739 0.622718052738
9749 0.624746450304
9796 0.62677484787
9811 0.628803245436
9830 0.630831643002
9841 0.632860040568
9848 0.634888438134
9853 0.6369168357
9944 0.638945233266
9959 0.640973630832
9990 0.643002028398
10002 0.645030425963
10007 0.649087221095
10007 0.649087221095
10072 0.651115618661
10086 0.653144016227
10112 0.655172413793
10119 0.657200811359
10137 0.659229208925
10203 0.661257606491
10212 0.663286004057
10216 0.665314401623
10227 0.667342799189
10228 0.669371196755
10245 0.67139959432
10256 0.673427991886
10291 0.675456389452
10300 0.677484787018
10317 0.679513184584
10345 0.68154158215
10423 0.683569979716
10442 0.685598377282
10454 0.687626774848
10455 0.69168356998
10455 0.69168356998
10470 0.693711967546
10533 0.695740365112
10537 0.697768762677
10546 0.699797160243
10575 0.701825557809
10596 0.703853955375
10632 0.705882352941
10651 0.707910750507
10660 0.709939148073
10665 0.711967545639
10668 0.713995943205
10714 0.716024340771
10715 0.718052738337
10754 0.720081135903
10825 0.722109533469
10885 0.724137931034
10906 0.7261663286
10961 0.728194726166
10978 0.730223123732
10988 0.732251521298
11002 0.734279918864
11051 0.73630831643
11075 0.738336713996
11079 0.740365111562
11109 0.742393509128
11113 0.744421906694
11128 0.74645030426
11251 0.748478701826
11284 0.750507099391
11326 0.752535496957
11402 0.754563894523
11403 0.756592292089
11417 0.758620689655
11507 0.760649087221
11635 0.762677484787
11693 0.764705882353
11726 0.766734279919
11869 0.768762677485
11887 0.770791075051
11893 0.772819472617
11923 0.774847870183
11994 0.776876267748
12031 0.778904665314
12055 0.78093306288
12104 0.782961460446
12213 0.784989858012
12375 0.787018255578
12389 0.789046653144
12431 0.79107505071
12494 0.793103448276
12531 0.795131845842
12541 0.797160243408
12801 0.799188640974
12922 0.80121703854
12930 0.803245436105
12950 0.805273833671
13146 0.807302231237
13199 0.809330628803
13293 0.811359026369
13442 0.813387423935
13504 0.815415821501
13555 0.817444219067
13675 0.819472616633
13818 0.821501014199
13930 0.823529411765
14020 0.825557809331
14070 0.827586206897
14262 0.829614604462
14303 0.831643002028
14345 0.833671399594
14417 0.83569979716
14437 0.837728194726
14506 0.839756592292
14542 0.841784989858
14567 0.843813387424
14715 0.84584178499
14816 0.847870182556
14822 0.849898580122
14840 0.851926977688
14845 0.853955375254
14993 0.855983772819
15003 0.858012170385
15065 0.860040567951
15108 0.862068965517
15271 0.864097363083
15292 0.866125760649
15302 0.868154158215
15347 0.870182555781
15579 0.872210953347
15837 0.874239350913
15988 0.876267748479
16000 0.878296146045
16169 0.880324543611
16259 0.882352941176
16282 0.884381338742
16296 0.886409736308
16368 0.888438133874
16529 0.89046653144
16549 0.892494929006
16627 0.894523326572
16629 0.896551724138
16677 0.898580121704
16697 0.90060851927
16864 0.902636916836
16982 0.904665314402
17009 0.906693711968
17035 0.908722109533
17093 0.910750507099
17295 0.912778904665
17641 0.914807302231
17653 0.916835699797
18029 0.918864097363
18073 0.920892494929
18165 0.922920892495
18346 0.924949290061
18429 0.926977687627
18796 0.929006085193
19133 0.931034482759
19191 0.933062880325
19215 0.93509127789
19429 0.937119675456
19441 0.939148073022
19443 0.941176470588
19520 0.943204868154
19619 0.94523326572
20002 0.947261663286
20138 0.949290060852
20273 0.951318458418
20321 0.953346855984
20424 0.95537525355
20736 0.957403651116
20886 0.959432048682
21187 0.961460446247
21230 0.963488843813
21427 0.965517241379
22841 0.967545638945
23345 0.969574036511
23443 0.971602434077
23527 0.973630831643
23649 0.975659229209
24441 0.977687626775
24924 0.979716024341
25476 0.981744421907
25521 0.983772819473
25828 0.985801217039
26448 0.987829614604
30900 0.98985801217
31112 0.991886409736
36192 0.993914807302
36529 0.995943204868
42507 0.997971602434
1739285 1.0
