28 0.00202429149798
179 0.00404858299595
257 0.00607287449393
294 0.0080971659919
301 0.0101214574899
305 0.0121457489879
306 0.0141700404858
370 0.0161943319838
446 0.0182186234818
449 0.0202429149798
461 0.0222672064777
464 0.0242914979757
480 0.0263157894737
499 0.0283400809717
502 0.0303643724696
510 0.0323886639676
513 0.0344129554656
522 0.0364372469636
540 0.0384615384615
557 0.0404858299595
559 0.0425101214575
563 0.0445344129555
603 0.0465587044534
620 0.0485829959514
652 0.0506072874494
657 0.0526315789474
674 0.0546558704453
678 0.0566801619433
699 0.0587044534413
701 0.0627530364372
701 0.0627530364372
709 0.0647773279352
716 0.0668016194332
739 0.0688259109312
772 0.0708502024291
791 0.0728744939271
793 0.0748987854251
795 0.0769230769231
819 0.0789473684211
845 0.080971659919
848 0.082995951417
852 0.085020242915
875 0.087044534413
877 0.0890688259109
879 0.0910931174089
882 0.0931174089069
899 0.0951417004049
906 0.0971659919028
907 0.0991902834008
912 0.103238866397
912 0.103238866397
921 0.107287449393
921 0.107287449393
939 0.109311740891
945 0.111336032389
949 0.115384615385
949 0.115384615385
950 0.117408906883
961 0.119433198381
963 0.123481781377
963 0.123481781377
964 0.125506072874
967 0.127530364372
1019 0.131578947368
1019 0.131578947368
1021 0.133603238866
1025 0.135627530364
1028 0.137651821862
1029 0.13967611336
1034 0.141700404858
1041 0.143724696356
1044 0.147773279352
1044 0.147773279352
1048 0.14979757085
1055 0.151821862348
1062 0.153846153846
1066 0.155870445344
1073 0.157894736842
1082 0.15991902834
1091 0.161943319838
1129 0.163967611336
1137 0.165991902834
1140 0.168016194332
1154 0.17004048583
1159 0.172064777328
1162 0.174089068826
1167 0.176113360324
1172 0.178137651822
1178 0.18016194332
1181 0.182186234818
1184 0.184210526316
1185 0.186234817814
1188 0.188259109312
1189 0.19028340081
1201 0.192307692308
1210 0.194331983806
1212 0.196356275304
1215 0.198380566802
1220 0.2004048583
1232 0.202429149798
1236 0.204453441296
1238 0.206477732794
1249 0.208502024291
1258 0.210526315789
1260 0.214574898785
1260 0.214574898785
1268 0.216599190283
1279 0.218623481781
1281 0.220647773279
1282 0.222672064777
1289 0.224696356275
1292 0.226720647773
1295 0.228744939271
1297 0.230769230769
1301 0.232793522267
1304 0.234817813765
1329 0.236842105263
1337 0.240890688259
1337 0.240890688259
1340 0.242914979757
1345 0.244939271255
1350 0.246963562753
1352 0.248987854251
1354 0.251012145749
1356 0.253036437247
1358 0.255060728745
1365 0.257085020243
1366 0.259109311741
1368 0.261133603239
1377 0.263157894737
1384 0.265182186235
1386 0.267206477733
1388 0.269230769231
1389 0.271255060729
1392 0.273279352227
1394 0.275303643725
1404 0.279352226721
1404 0.279352226721
1421 0.281376518219
1422 0.283400809717
1432 0.285425101215
1439 0.287449392713
1446 0.289473684211
1451 0.291497975709
1452 0.293522267206
1453 0.295546558704
1467 0.297570850202
1480 0.2995951417
1485 0.301619433198
1486 0.305668016194
1486 0.305668016194
1494 0.307692307692
1504 0.30971659919
1510 0.311740890688
1512 0.313765182186
1513 0.315789473684
1518 0.31983805668
1518 0.31983805668
1522 0.321862348178
1526 0.325910931174
1526 0.325910931174
1530 0.327935222672
1555 0.32995951417
1557 0.331983805668
1577 0.334008097166
1579 0.336032388664
1582 0.338056680162
1589 0.34008097166
1592 0.342105263158
1596 0.346153846154
1596 0.346153846154
1599 0.348178137652
1600 0.35020242915
1601 0.352226720648
1604 0.354251012146
1605 0.356275303644
1606 0.358299595142
1620 0.36032388664
1628 0.364372469636
1628 0.364372469636
1637 0.366396761134
1638 0.368421052632
1643 0.37044534413
1651 0.372469635628
1657 0.376518218623
1657 0.376518218623
1663 0.378542510121
1669 0.380566801619
1670 0.384615384615
1670 0.384615384615
1674 0.386639676113
1684 0.388663967611
1685 0.390688259109
1689 0.392712550607
1690 0.394736842105
1694 0.396761133603
1696 0.398785425101
1701 0.400809716599
1716 0.402834008097
1721 0.404858299595
1729 0.406882591093
1730 0.410931174089
1730 0.410931174089
1731 0.412955465587
1735 0.414979757085
1752 0.417004048583
1757 0.419028340081
1761 0.421052631579
1769 0.423076923077
1778 0.425101214575
1781 0.429149797571
1781 0.429149797571
1782 0.431174089069
1789 0.433198380567
1795 0.437246963563
1795 0.437246963563
1797 0.439271255061
1801 0.441295546559
1802 0.443319838057
1808 0.445344129555
1809 0.449392712551
1809 0.449392712551
1817 0.451417004049
1823 0.453441295547
1844 0.455465587045
1847 0.457489878543
1871 0.45951417004
1874 0.461538461538
1892 0.463562753036
1893 0.467611336032
1893 0.467611336032
1900 0.46963562753
1904 0.471659919028
1915 0.473684210526
1918 0.475708502024
1919 0.477732793522
1922 0.47975708502
1930 0.481781376518
1942 0.483805668016
1961 0.487854251012
1961 0.487854251012
1981 0.48987854251
1984 0.491902834008
1996 0.493927125506
1999 0.495951417004
2020 0.497975708502
2021 0.5
2028 0.502024291498
2046 0.504048582996
2047 0.506072874494
2052 0.508097165992
2064 0.51012145749
2088 0.512145748988
2093 0.514170040486
2096 0.516194331984
2109 0.518218623482
2117 0.52024291498
2121 0.522267206478
2122 0.526315789474
2122 0.526315789474
2128 0.528340080972
2130 0.532388663968
2130 0.532388663968
2134 0.534412955466
2138 0.536437246964
2143 0.538461538462
2151 0.54048582996
2155 0.542510121457
2157 0.544534412955
2160 0.546558704453
2168 0.548582995951
2180 0.550607287449
2181 0.552631578947
2186 0.558704453441
2186 0.558704453441
2186 0.558704453441
2188 0.560728744939
2191 0.562753036437
2192 0.564777327935
2193 0.568825910931
2193 0.568825910931
2195 0.570850202429
2200 0.572874493927
2214 0.574898785425
2221 0.576923076923
2226 0.578947368421
2242 0.580971659919
2243 0.582995951417
2249 0.585020242915
2255 0.587044534413
2275 0.589068825911
2279 0.593117408907
2279 0.593117408907
2297 0.595141700405
2305 0.597165991903
2309 0.599190283401
2314 0.601214574899
2318 0.603238866397
2335 0.605263157895
2345 0.607287449393
2347 0.609311740891
2357 0.611336032389
2358 0.613360323887
2368 0.615384615385
2369 0.617408906883
2375 0.619433198381
2379 0.621457489879
2386 0.623481781377
2394 0.625506072874
2415 0.627530364372
2449 0.62955465587
2461 0.631578947368
2473 0.633603238866
2480 0.635627530364
2496 0.637651821862
2508 0.63967611336
2512 0.641700404858
2516 0.643724696356
2521 0.645748987854
2536 0.647773279352
2562 0.64979757085
2584 0.651821862348
2595 0.653846153846
2600 0.655870445344
2601 0.657894736842
2613 0.65991902834
2617 0.661943319838
2618 0.663967611336
2620 0.665991902834
2623 0.668016194332
2626 0.67004048583
2647 0.672064777328
2660 0.674089068826
2688 0.676113360324
2693 0.678137651822
2696 0.68016194332
2707 0.682186234818
2713 0.684210526316
2721 0.686234817814
2743 0.688259109312
2750 0.69028340081
2771 0.692307692308
2803 0.694331983806
2823 0.696356275304
2825 0.698380566802
2842 0.7004048583
2844 0.702429149798
2848 0.704453441296
2855 0.706477732794
2859 0.708502024291
2880 0.710526315789
2899 0.712550607287
2906 0.714574898785
2908 0.716599190283
2938 0.718623481781
2941 0.720647773279
2947 0.722672064777
2953 0.724696356275
2966 0.726720647773
2975 0.728744939271
2985 0.730769230769
2987 0.732793522267
2994 0.734817813765
3000 0.736842105263
3036 0.738866396761
3049 0.740890688259
3059 0.742914979757
3062 0.744939271255
3066 0.746963562753
3108 0.751012145749
3108 0.751012145749
3115 0.753036437247
3120 0.755060728745
3142 0.757085020243
3146 0.759109311741
3147 0.761133603239
3151 0.763157894737
3193 0.765182186235
3200 0.767206477733
3201 0.769230769231
3202 0.771255060729
3207 0.773279352227
3216 0.775303643725
3235 0.777327935223
3237 0.779352226721
3246 0.781376518219
3297 0.783400809717
3324 0.785425101215
3344 0.787449392713
3375 0.789473684211
3377 0.791497975709
3379 0.793522267206
3406 0.795546558704
3439 0.797570850202
3469 0.7995951417
3470 0.801619433198
3474 0.803643724696
3481 0.805668016194
3504 0.807692307692
3506 0.80971659919
3509 0.811740890688
3533 0.813765182186
3548 0.815789473684
3555 0.817813765182
3578 0.81983805668
3583 0.821862348178
3589 0.823886639676
3621 0.825910931174
3624 0.827935222672
3674 0.82995951417
3700 0.831983805668
3704 0.834008097166
3721 0.836032388664
3725 0.838056680162
3750 0.84008097166
3751 0.842105263158
3779 0.844129554656
3823 0.846153846154
3824 0.848178137652
3852 0.85020242915
3863 0.852226720648
3869 0.854251012146
3872 0.856275303644
3919 0.858299595142
3924 0.86032388664
3932 0.862348178138
3933 0.864372469636
3940 0.866396761134
3978 0.868421052632
4018 0.87044534413
4026 0.872469635628
4036 0.874493927126
4040 0.876518218623
4069 0.878542510121
4106 0.882591093117
4106 0.882591093117
4132 0.884615384615
4141 0.886639676113
4149 0.888663967611
4173 0.890688259109
4202 0.892712550607
4210 0.894736842105
4269 0.896761133603
4285 0.898785425101
4300 0.900809716599
4309 0.902834008097
4326 0.904858299595
4364 0.906882591093
4374 0.908906882591
4387 0.910931174089
4433 0.912955465587
4439 0.914979757085
4506 0.917004048583
4551 0.919028340081
4559 0.921052631579
4585 0.923076923077
4596 0.925101214575
4604 0.927125506073
4607 0.929149797571
4611 0.931174089069
4617 0.933198380567
4692 0.935222672065
4770 0.937246963563
4817 0.939271255061
4872 0.941295546559
4882 0.943319838057
4927 0.945344129555
5016 0.947368421053
5102 0.949392712551
5107 0.951417004049
5120 0.953441295547
5235 0.955465587045
5263 0.957489878543
5311 0.95951417004
5325 0.961538461538
5432 0.963562753036
5450 0.965587044534
5468 0.967611336032
5522 0.96963562753
5538 0.971659919028
5565 0.973684210526
5590 0.975708502024
5854 0.977732793522
5891 0.97975708502
6334 0.981781376518
6825 0.983805668016
7347 0.985829959514
7501 0.987854251012
7789 0.98987854251
8379 0.991902834008
8505 0.993927125506
8532 0.995951417004
8580 0.997975708502
32842 1.0
