29 0.00202839756592
655 0.00405679513185
912 0.00608519269777
1036 0.00811359026369
1216 0.0101419878296
1244 0.0121703853955
1374 0.0141987829615
1661 0.0162271805274
1901 0.0182555780933
1982 0.0202839756592
2082 0.0223123732252
2114 0.0243407707911
2132 0.026369168357
2148 0.0283975659229
2175 0.0304259634888
2238 0.0324543610548
2263 0.0344827586207
2271 0.0365111561866
2430 0.0385395537525
2676 0.0405679513185
2748 0.0425963488844
2874 0.0446247464503
2934 0.0466531440162
2944 0.0486815415822
2957 0.0507099391481
2983 0.052738336714
3076 0.0547667342799
3244 0.0567951318458
3318 0.0588235294118
3376 0.0608519269777
3573 0.0628803245436
3621 0.0649087221095
3681 0.0669371196755
3698 0.0689655172414
3703 0.0709939148073
3714 0.0730223123732
3947 0.0750507099391
3952 0.0770791075051
4054 0.079107505071
4081 0.0811359026369
4110 0.0831643002028
4125 0.0851926977688
4195 0.0872210953347
4198 0.0892494929006
4205 0.0912778904665
4237 0.0933062880325
4245 0.0953346855984
4281 0.0973630831643
4328 0.0993914807302
4382 0.101419878296
4489 0.103448275862
4533 0.105476673428
4538 0.107505070994
4575 0.10953346856
4634 0.111561866126
4691 0.113590263692
4722 0.115618661258
4726 0.117647058824
4764 0.119675456389
4781 0.121703853955
4807 0.123732251521
4815 0.125760649087
4842 0.127789046653
4894 0.129817444219
4942 0.131845841785
4987 0.133874239351
5042 0.135902636917
5060 0.137931034483
5117 0.139959432049
5138 0.141987829615
5154 0.146044624746
5154 0.146044624746
5167 0.148073022312
5199 0.150101419878
5217 0.152129817444
5246 0.15415821501
5279 0.156186612576
5288 0.158215010142
5294 0.160243407708
5323 0.162271805274
5338 0.16430020284
5390 0.166328600406
5392 0.168356997972
5418 0.170385395538
5434 0.172413793103
5468 0.174442190669
5473 0.176470588235
5490 0.180527383367
5490 0.180527383367
5522 0.182555780933
5529 0.184584178499
5534 0.186612576065
5549 0.188640973631
5568 0.190669371197
5569 0.192697768763
5596 0.194726166329
5615 0.196754563895
5651 0.19878296146
5654 0.200811359026
5696 0.202839756592
5745 0.204868154158
5758 0.206896551724
5798 0.20892494929
5843 0.210953346856
5867 0.212981744422
5872 0.215010141988
5927 0.217038539554
5951 0.21906693712
5961 0.221095334686
6034 0.223123732252
6068 0.225152129817
6086 0.227180527383
6107 0.229208924949
6120 0.231237322515
6156 0.233265720081
6163 0.235294117647
6184 0.237322515213
6220 0.239350912779
6237 0.241379310345
6260 0.243407707911
6267 0.245436105477
6322 0.247464503043
6343 0.249492900609
6350 0.251521298174
6363 0.25354969574
6423 0.255578093306
6434 0.257606490872
6446 0.259634888438
6454 0.261663286004
6500 0.26369168357
6515 0.265720081136
6540 0.267748478702
6574 0.269776876268
6583 0.271805273834
6596 0.2738336714
6615 0.275862068966
6623 0.277890466531
6634 0.279918864097
6666 0.281947261663
6672 0.283975659229
6709 0.286004056795
6713 0.288032454361
6795 0.290060851927
6798 0.292089249493
6800 0.294117647059
6876 0.298174442191
6876 0.298174442191
6898 0.300202839757
6910 0.302231237323
6948 0.304259634888
6961 0.306288032454
6964 0.30831643002
7007 0.310344827586
7015 0.312373225152
7093 0.314401622718
7176 0.316430020284
7194 0.31845841785
7227 0.320486815416
7243 0.322515212982
7268 0.324543610548
7275 0.326572008114
7301 0.32860040568
7302 0.330628803245
7309 0.332657200811
7316 0.334685598377
7370 0.336713995943
7376 0.338742393509
7380 0.340770791075
7405 0.342799188641
7408 0.344827586207
7432 0.346855983773
7561 0.348884381339
7572 0.350912778905
7596 0.352941176471
7604 0.354969574037
7638 0.356997971602
7668 0.359026369168
7673 0.3630831643
7673 0.3630831643
7682 0.365111561866
7691 0.367139959432
7702 0.369168356998
7770 0.371196754564
7810 0.37322515213
7811 0.375253549696
7837 0.377281947262
7882 0.379310344828
7885 0.381338742394
7931 0.383367139959
7945 0.385395537525
7952 0.387423935091
7958 0.389452332657
7990 0.391480730223
8144 0.395537525355
8144 0.395537525355
8147 0.397565922921
8162 0.399594320487
8220 0.401622718053
8248 0.403651115619
8260 0.405679513185
8291 0.407707910751
8294 0.409736308316
8298 0.411764705882
8337 0.413793103448
8434 0.415821501014
8441 0.41784989858
8478 0.419878296146
8492 0.421906693712
8530 0.423935091278
8583 0.425963488844
8590 0.430020283976
8590 0.430020283976
8696 0.432048681542
8729 0.434077079108
8740 0.436105476673
8742 0.438133874239
8752 0.440162271805
8757 0.442190669371
8761 0.444219066937
8805 0.446247464503
8879 0.448275862069
8915 0.450304259635
8926 0.452332657201
9007 0.456389452333
9007 0.456389452333
9028 0.458417849899
9031 0.460446247465
9046 0.46247464503
9099 0.464503042596
9267 0.466531440162
9273 0.468559837728
9281 0.470588235294
9336 0.47261663286
9340 0.474645030426
9366 0.476673427992
9377 0.480730223124
9377 0.480730223124
9381 0.48275862069
9399 0.484787018256
9415 0.486815415822
9419 0.488843813387
9434 0.490872210953
9541 0.492900608519
9585 0.494929006085
9593 0.496957403651
9634 0.498985801217
9680 0.501014198783
9738 0.503042596349
9767 0.505070993915
9773 0.507099391481
9870 0.509127789047
9934 0.511156186613
10018 0.513184584178
10031 0.515212981744
10045 0.51724137931
10068 0.519269776876
10107 0.521298174442
10211 0.523326572008
10241 0.525354969574
10247 0.52738336714
10402 0.529411764706
10465 0.531440162272
10469 0.533468559838
10474 0.535496957404
10475 0.53752535497
10480 0.539553752535
10497 0.541582150101
10527 0.543610547667
10542 0.545638945233
10549 0.547667342799
10628 0.549695740365
10686 0.551724137931
10689 0.553752535497
10695 0.555780933063
10714 0.557809330629
10755 0.559837728195
10761 0.561866125761
10943 0.563894523327
11007 0.565922920892
11038 0.567951318458
11045 0.569979716024
11099 0.57200811359
11114 0.574036511156
11118 0.576064908722
11124 0.578093306288
11135 0.580121703854
11145 0.58215010142
11273 0.584178498986
11284 0.586206896552
11337 0.588235294118
11395 0.590263691684
11468 0.592292089249
11496 0.594320486815
11508 0.596348884381
11627 0.598377281947
11660 0.600405679513
11684 0.604462474645
11684 0.604462474645
11715 0.606490872211
11732 0.608519269777
11750 0.610547667343
11841 0.612576064909
11871 0.614604462475
11874 0.616632860041
11910 0.618661257606
11927 0.620689655172
12018 0.622718052738
12035 0.624746450304
12067 0.62677484787
12089 0.628803245436
12121 0.630831643002
12137 0.632860040568
12208 0.634888438134
12296 0.6369168357
12319 0.638945233266
12345 0.640973630832
12370 0.643002028398
12505 0.645030425963
12535 0.647058823529
12554 0.649087221095
12562 0.651115618661
12587 0.653144016227
12745 0.655172413793
12892 0.657200811359
12958 0.659229208925
13001 0.661257606491
13013 0.663286004057
13078 0.665314401623
13086 0.667342799189
13096 0.669371196755
13161 0.67139959432
13284 0.673427991886
13307 0.675456389452
13405 0.677484787018
13408 0.679513184584
13476 0.68154158215
13561 0.683569979716
13642 0.685598377282
13685 0.687626774848
13704 0.689655172414
13950 0.69168356998
14128 0.693711967546
14214 0.695740365112
14339 0.697768762677
14423 0.699797160243
14478 0.701825557809
14507 0.703853955375
14621 0.705882352941
14626 0.707910750507
14639 0.709939148073
14652 0.711967545639
14677 0.713995943205
14706 0.716024340771
14715 0.718052738337
14716 0.720081135903
14727 0.722109533469
14761 0.724137931034
14772 0.7261663286
14932 0.728194726166
15056 0.730223123732
15058 0.732251521298
15081 0.734279918864
15304 0.73630831643
15351 0.738336713996
15400 0.740365111562
15432 0.742393509128
15463 0.744421906694
15734 0.74645030426
15807 0.748478701826
15865 0.750507099391
15872 0.752535496957
15937 0.754563894523
15951 0.756592292089
15972 0.758620689655
15998 0.760649087221
16045 0.762677484787
16056 0.764705882353
16112 0.766734279919
16149 0.768762677485
16204 0.770791075051
16418 0.772819472617
16441 0.774847870183
16485 0.776876267748
16500 0.778904665314
16542 0.78093306288
16581 0.782961460446
16601 0.784989858012
16726 0.787018255578
16780 0.789046653144
16799 0.79107505071
17107 0.795131845842
17107 0.795131845842
17110 0.797160243408
17159 0.799188640974
17206 0.80121703854
17249 0.803245436105
17342 0.805273833671
17486 0.807302231237
17603 0.809330628803
17756 0.811359026369
18177 0.813387423935
18318 0.815415821501
18343 0.817444219067
18372 0.819472616633
18412 0.821501014199
18487 0.823529411765
18660 0.825557809331
18834 0.827586206897
18890 0.829614604462
18962 0.831643002028
19202 0.833671399594
19473 0.83569979716
19498 0.837728194726
19646 0.839756592292
19698 0.841784989858
19715 0.843813387424
19724 0.84584178499
19861 0.847870182556
19874 0.849898580122
20297 0.851926977688
20330 0.853955375254
20346 0.855983772819
20545 0.858012170385
20606 0.860040567951
20746 0.862068965517
21015 0.864097363083
21296 0.866125760649
21547 0.868154158215
21962 0.870182555781
21975 0.872210953347
22040 0.874239350913
22301 0.876267748479
23107 0.878296146045
23169 0.880324543611
23287 0.882352941176
23758 0.884381338742
24036 0.886409736308
24191 0.888438133874
24544 0.89046653144
24909 0.892494929006
25150 0.894523326572
25676 0.896551724138
25921 0.898580121704
25956 0.90060851927
26299 0.902636916836
26645 0.904665314402
26657 0.906693711968
26719 0.908722109533
26955 0.910750507099
27283 0.912778904665
27489 0.914807302231
27984 0.916835699797
28373 0.918864097363
28567 0.920892494929
28657 0.922920892495
29075 0.924949290061
29181 0.926977687627
31052 0.929006085193
31309 0.931034482759
31996 0.933062880325
32647 0.93509127789
32832 0.937119675456
34945 0.939148073022
35672 0.941176470588
36593 0.943204868154
37537 0.94523326572
38395 0.947261663286
38670 0.949290060852
39222 0.951318458418
39750 0.953346855984
39786 0.95537525355
41260 0.957403651116
42116 0.959432048682
42483 0.961460446247
45637 0.963488843813
48291 0.965517241379
48655 0.967545638945
49775 0.969574036511
50674 0.971602434077
51106 0.973630831643
54650 0.975659229209
54895 0.977687626775
54949 0.979716024341
55123 0.981744421907
58678 0.983772819473
59487 0.985801217039
61816 0.987829614604
65810 0.98985801217
69928 0.991886409736
86402 0.993914807302
86601 0.995943204868
94368 0.997971602434
132616 1.0
