34 0.00202429149798
548 0.00404858299595
742 0.00607287449393
882 0.0080971659919
1016 0.0101214574899
1048 0.0121457489879
1156 0.0141700404858
1343 0.0161943319838
1516 0.0182186234818
1614 0.0202429149798
1651 0.0222672064777
1682 0.0242914979757
1696 0.0263157894737
1705 0.0283400809717
1780 0.0303643724696
1784 0.0323886639676
1809 0.0344129554656
1884 0.0364372469636
1955 0.0384615384615
2031 0.0404858299595
2084 0.0425101214575
2188 0.0445344129555
2273 0.0465587044534
2352 0.0485829959514
2365 0.0506072874494
2390 0.0526315789474
2399 0.0546558704453
2434 0.0566801619433
2450 0.0587044534413
2490 0.0607287449393
2502 0.0627530364372
2664 0.0647773279352
2670 0.0668016194332
2802 0.0688259109312
2927 0.0708502024291
2936 0.0748987854251
2936 0.0748987854251
2943 0.0769230769231
2953 0.0789473684211
2962 0.080971659919
3042 0.082995951417
3065 0.085020242915
3082 0.087044534413
3113 0.0890688259109
3158 0.0910931174089
3168 0.0931174089069
3171 0.0951417004049
3238 0.0971659919028
3247 0.0991902834008
3249 0.101214574899
3251 0.103238866397
3290 0.105263157895
3300 0.107287449393
3308 0.109311740891
3333 0.111336032389
3397 0.113360323887
3412 0.115384615385
3423 0.117408906883
3428 0.119433198381
3457 0.121457489879
3478 0.123481781377
3483 0.125506072874
3487 0.127530364372
3509 0.12955465587
3515 0.131578947368
3527 0.133603238866
3539 0.135627530364
3567 0.137651821862
3579 0.13967611336
3606 0.141700404858
3607 0.143724696356
3617 0.145748987854
3649 0.147773279352
3657 0.151821862348
3657 0.151821862348
3694 0.153846153846
3697 0.155870445344
3722 0.157894736842
3747 0.15991902834
3767 0.161943319838
3773 0.163967611336
3868 0.165991902834
3873 0.168016194332
3903 0.17004048583
3950 0.172064777328
4014 0.174089068826
4015 0.176113360324
4052 0.178137651822
4078 0.18016194332
4084 0.182186234818
4156 0.184210526316
4159 0.186234817814
4160 0.188259109312
4166 0.19028340081
4177 0.192307692308
4186 0.194331983806
4191 0.196356275304
4215 0.198380566802
4252 0.2004048583
4328 0.204453441296
4328 0.204453441296
4359 0.206477732794
4364 0.208502024291
4365 0.210526315789
4376 0.212550607287
4425 0.214574898785
4444 0.216599190283
4460 0.218623481781
4461 0.220647773279
4476 0.222672064777
4479 0.224696356275
4496 0.226720647773
4506 0.228744939271
4507 0.230769230769
4531 0.232793522267
4541 0.234817813765
4582 0.236842105263
4592 0.238866396761
4615 0.240890688259
4616 0.242914979757
4619 0.244939271255
4656 0.246963562753
4657 0.248987854251
4667 0.251012145749
4674 0.253036437247
4685 0.255060728745
4700 0.257085020243
4706 0.259109311741
4715 0.261133603239
4717 0.263157894737
4750 0.265182186235
4764 0.267206477733
4780 0.269230769231
4785 0.271255060729
4790 0.273279352227
4823 0.275303643725
4825 0.277327935223
4863 0.279352226721
4876 0.281376518219
4916 0.283400809717
4960 0.285425101215
5023 0.287449392713
5031 0.289473684211
5084 0.291497975709
5097 0.293522267206
5100 0.295546558704
5103 0.297570850202
5113 0.2995951417
5114 0.301619433198
5116 0.303643724696
5123 0.305668016194
5132 0.307692307692
5133 0.30971659919
5148 0.311740890688
5164 0.313765182186
5213 0.315789473684
5227 0.317813765182
5228 0.31983805668
5275 0.321862348178
5302 0.323886639676
5308 0.325910931174
5310 0.327935222672
5317 0.32995951417
5339 0.331983805668
5360 0.334008097166
5372 0.336032388664
5382 0.338056680162
5408 0.34008097166
5413 0.342105263158
5422 0.344129554656
5441 0.346153846154
5482 0.348178137652
5495 0.35020242915
5502 0.352226720648
5521 0.354251012146
5526 0.356275303644
5542 0.358299595142
5569 0.36032388664
5577 0.362348178138
5590 0.364372469636
5597 0.366396761134
5605 0.368421052632
5661 0.37044534413
5668 0.372469635628
5672 0.374493927126
5680 0.376518218623
5695 0.378542510121
5701 0.380566801619
5715 0.382591093117
5723 0.384615384615
5741 0.386639676113
5744 0.390688259109
5744 0.390688259109
5762 0.392712550607
5775 0.394736842105
5783 0.396761133603
5824 0.398785425101
5831 0.400809716599
5860 0.402834008097
5862 0.404858299595
5863 0.406882591093
5874 0.408906882591
5894 0.410931174089
5931 0.412955465587
5960 0.414979757085
5961 0.417004048583
5969 0.419028340081
6006 0.421052631579
6017 0.423076923077
6038 0.425101214575
6069 0.427125506073
6086 0.429149797571
6103 0.431174089069
6115 0.433198380567
6185 0.435222672065
6220 0.437246963563
6226 0.439271255061
6230 0.441295546559
6240 0.443319838057
6245 0.445344129555
6255 0.447368421053
6277 0.449392712551
6299 0.451417004049
6330 0.453441295547
6331 0.455465587045
6349 0.457489878543
6359 0.45951417004
6361 0.461538461538
6363 0.463562753036
6411 0.465587044534
6418 0.467611336032
6464 0.46963562753
6486 0.471659919028
6510 0.473684210526
6516 0.475708502024
6530 0.477732793522
6531 0.47975708502
6634 0.481781376518
6685 0.483805668016
6701 0.485829959514
6716 0.487854251012
6717 0.48987854251
6719 0.491902834008
6736 0.493927125506
6755 0.495951417004
6790 0.497975708502
6852 0.5
6855 0.502024291498
6874 0.504048582996
6890 0.506072874494
6901 0.508097165992
6960 0.51012145749
6977 0.512145748988
7019 0.514170040486
7026 0.516194331984
7032 0.518218623482
7048 0.52024291498
7051 0.524291497976
7051 0.524291497976
7093 0.526315789474
7128 0.528340080972
7134 0.53036437247
7140 0.532388663968
7161 0.534412955466
7162 0.536437246964
7180 0.538461538462
7222 0.54048582996
7248 0.542510121457
7251 0.544534412955
7272 0.548582995951
7272 0.548582995951
7284 0.550607287449
7309 0.552631578947
7318 0.554655870445
7339 0.556680161943
7380 0.558704453441
7489 0.560728744939
7503 0.562753036437
7521 0.564777327935
7531 0.566801619433
7544 0.568825910931
7545 0.570850202429
7562 0.572874493927
7569 0.574898785425
7575 0.576923076923
7609 0.578947368421
7610 0.580971659919
7641 0.582995951417
7747 0.585020242915
7763 0.587044534413
7764 0.589068825911
7766 0.591093117409
7770 0.593117408907
7812 0.595141700405
7818 0.597165991903
7825 0.599190283401
7858 0.601214574899
7877 0.603238866397
7927 0.605263157895
7932 0.607287449393
7951 0.609311740891
7960 0.611336032389
7986 0.613360323887
7987 0.615384615385
7999 0.617408906883
8000 0.619433198381
8004 0.621457489879
8033 0.623481781377
8067 0.625506072874
8086 0.627530364372
8102 0.62955465587
8116 0.631578947368
8139 0.633603238866
8157 0.635627530364
8162 0.637651821862
8219 0.63967611336
8264 0.641700404858
8270 0.643724696356
8282 0.645748987854
8332 0.647773279352
8364 0.651821862348
8364 0.651821862348
8385 0.653846153846
8409 0.655870445344
8437 0.657894736842
8450 0.65991902834
8514 0.661943319838
8552 0.663967611336
8572 0.665991902834
8640 0.668016194332
8725 0.67004048583
8744 0.672064777328
8776 0.674089068826
8794 0.676113360324
8801 0.678137651822
8803 0.68016194332
8814 0.682186234818
8850 0.684210526316
8851 0.686234817814
8917 0.688259109312
9010 0.69028340081
9017 0.692307692308
9066 0.694331983806
9068 0.696356275304
9099 0.698380566802
9134 0.7004048583
9148 0.702429149798
9230 0.704453441296
9283 0.706477732794
9287 0.708502024291
9358 0.710526315789
9376 0.712550607287
9464 0.714574898785
9477 0.716599190283
9492 0.718623481781
9539 0.720647773279
9586 0.722672064777
9623 0.724696356275
9630 0.726720647773
9642 0.728744939271
9643 0.730769230769
9738 0.734817813765
9738 0.734817813765
9741 0.736842105263
9742 0.738866396761
9764 0.740890688259
9819 0.742914979757
9870 0.744939271255
9879 0.746963562753
10011 0.748987854251
10013 0.751012145749
10114 0.753036437247
10153 0.755060728745
10183 0.757085020243
10265 0.759109311741
10320 0.761133603239
10340 0.763157894737
10344 0.765182186235
10365 0.767206477733
10508 0.769230769231
10591 0.771255060729
10599 0.775303643725
10599 0.775303643725
10604 0.777327935223
10690 0.779352226721
10699 0.781376518219
10703 0.783400809717
10735 0.785425101215
10785 0.787449392713
10795 0.789473684211
10940 0.791497975709
10995 0.793522267206
11017 0.795546558704
11081 0.797570850202
11163 0.7995951417
11168 0.801619433198
11201 0.803643724696
11245 0.805668016194
11301 0.807692307692
11346 0.811740890688
11346 0.811740890688
11443 0.813765182186
11506 0.815789473684
11539 0.817813765182
11567 0.81983805668
11790 0.821862348178
11824 0.823886639676
11894 0.825910931174
11942 0.827935222672
11993 0.82995951417
12032 0.831983805668
12054 0.834008097166
12099 0.836032388664
12120 0.838056680162
12180 0.84008097166
12250 0.842105263158
12306 0.844129554656
12325 0.846153846154
12441 0.848178137652
12458 0.85020242915
12545 0.852226720648
12612 0.856275303644
12612 0.856275303644
12617 0.858299595142
12660 0.86032388664
12781 0.862348178138
12844 0.864372469636
12871 0.866396761134
13028 0.868421052632
13164 0.87044534413
13338 0.872469635628
13377 0.874493927126
13474 0.876518218623
13583 0.878542510121
13593 0.880566801619
13750 0.882591093117
13842 0.884615384615
13894 0.886639676113
13960 0.888663967611
14089 0.890688259109
14106 0.892712550607
14445 0.894736842105
14584 0.896761133603
14751 0.898785425101
14995 0.900809716599
15277 0.902834008097
15352 0.904858299595
15391 0.906882591093
15417 0.908906882591
15477 0.910931174089
15604 0.912955465587
15721 0.914979757085
15841 0.917004048583
15997 0.919028340081
16346 0.921052631579
16999 0.923076923077
17027 0.925101214575
17054 0.927125506073
17172 0.929149797571
17287 0.931174089069
17415 0.933198380567
17463 0.935222672065
17589 0.937246963563
17992 0.939271255061
18098 0.941295546559
18750 0.943319838057
18923 0.945344129555
18985 0.947368421053
19069 0.949392712551
19550 0.951417004049
19713 0.953441295547
19964 0.955465587045
19994 0.957489878543
20076 0.95951417004
20610 0.961538461538
21741 0.963562753036
22736 0.965587044534
23679 0.967611336032
23961 0.96963562753
24125 0.971659919028
24182 0.973684210526
24661 0.975708502024
25136 0.977732793522
25185 0.97975708502
25257 0.981781376518
25534 0.983805668016
26294 0.985829959514
27643 0.987854251012
31857 0.98987854251
32928 0.991902834008
35569 0.993927125506
41263 0.995951417004
48699 0.997975708502
64499 1.0
