27 0.00202839756592
813 0.00405679513185
1207 0.00608519269777
1341 0.00811359026369
1638 0.0101419878296
1654 0.0121703853955
1801 0.0141987829615
2142 0.0162271805274
2554 0.0182555780933
2807 0.0202839756592
2939 0.0223123732252
3000 0.0243407707911
3136 0.026369168357
3163 0.0283975659229
3203 0.0304259634888
3245 0.0324543610548
3623 0.0344827586207
3630 0.0365111561866
3975 0.0385395537525
4017 0.0405679513185
4045 0.0425963488844
4197 0.0446247464503
4341 0.0466531440162
4378 0.0486815415822
4389 0.0507099391481
4454 0.052738336714
4477 0.0547667342799
4663 0.0567951318458
4763 0.0588235294118
4820 0.0608519269777
4876 0.0628803245436
5074 0.0649087221095
5267 0.0669371196755
5293 0.0689655172414
5401 0.0709939148073
5579 0.0730223123732
5633 0.0750507099391
5745 0.0770791075051
5771 0.079107505071
5964 0.0811359026369
5972 0.0831643002028
6034 0.0872210953347
6034 0.0872210953347
6037 0.0892494929006
6140 0.0912778904665
6154 0.0933062880325
6326 0.0953346855984
6335 0.0973630831643
6355 0.0993914807302
6440 0.101419878296
6455 0.103448275862
6549 0.105476673428
6569 0.107505070994
6608 0.10953346856
6612 0.111561866126
6616 0.113590263692
6665 0.115618661258
6776 0.117647058824
6781 0.119675456389
6853 0.121703853955
6860 0.123732251521
6924 0.125760649087
6958 0.127789046653
6999 0.129817444219
7043 0.131845841785
7127 0.133874239351
7178 0.135902636917
7318 0.137931034483
7383 0.139959432049
7396 0.141987829615
7410 0.144016227181
7447 0.146044624746
7463 0.148073022312
7486 0.150101419878
7506 0.152129817444
7514 0.15415821501
7575 0.156186612576
7606 0.158215010142
7688 0.160243407708
7709 0.162271805274
7716 0.16430020284
7750 0.166328600406
7763 0.168356997972
7803 0.170385395538
7991 0.172413793103
8129 0.174442190669
8135 0.176470588235
8169 0.178498985801
8212 0.180527383367
8228 0.182555780933
8233 0.184584178499
8252 0.186612576065
8289 0.188640973631
8308 0.190669371197
8333 0.192697768763
8371 0.194726166329
8491 0.196754563895
8554 0.19878296146
8558 0.200811359026
8587 0.202839756592
8615 0.204868154158
8661 0.206896551724
8793 0.20892494929
8808 0.210953346856
8820 0.212981744422
8828 0.215010141988
8832 0.217038539554
8861 0.21906693712
8897 0.221095334686
8902 0.223123732252
8960 0.225152129817
8991 0.227180527383
8998 0.229208924949
9012 0.233265720081
9012 0.233265720081
9057 0.235294117647
9078 0.237322515213
9089 0.239350912779
9151 0.241379310345
9184 0.243407707911
9258 0.245436105477
9278 0.247464503043
9356 0.249492900609
9357 0.251521298174
9425 0.25354969574
9455 0.255578093306
9537 0.257606490872
9811 0.259634888438
9826 0.261663286004
9836 0.26369168357
9844 0.265720081136
9902 0.267748478702
9940 0.269776876268
9966 0.271805273834
10025 0.2738336714
10043 0.275862068966
10156 0.277890466531
10196 0.279918864097
10230 0.281947261663
10301 0.283975659229
10333 0.286004056795
10340 0.288032454361
10365 0.290060851927
10392 0.292089249493
10489 0.294117647059
10545 0.296146044625
10555 0.298174442191
10571 0.300202839757
10677 0.302231237323
10689 0.304259634888
10726 0.306288032454
10759 0.30831643002
10807 0.310344827586
10818 0.312373225152
10822 0.314401622718
10831 0.316430020284
10925 0.31845841785
10949 0.320486815416
10967 0.322515212982
10974 0.324543610548
11125 0.326572008114
11186 0.32860040568
11337 0.330628803245
11385 0.332657200811
11452 0.334685598377
11483 0.336713995943
11616 0.338742393509
11626 0.340770791075
11688 0.342799188641
11740 0.344827586207
11831 0.346855983773
11894 0.348884381339
11896 0.350912778905
11904 0.352941176471
11912 0.354969574037
11914 0.356997971602
11962 0.359026369168
12011 0.361054766734
12092 0.3630831643
12100 0.365111561866
12111 0.367139959432
12178 0.369168356998
12215 0.371196754564
12305 0.37322515213
12359 0.375253549696
12362 0.377281947262
12485 0.379310344828
12513 0.381338742394
12541 0.383367139959
12641 0.385395537525
12645 0.387423935091
12650 0.389452332657
12694 0.391480730223
12697 0.393509127789
12745 0.395537525355
12847 0.397565922921
12885 0.399594320487
12893 0.401622718053
12935 0.403651115619
12950 0.405679513185
12951 0.407707910751
12975 0.409736308316
13072 0.411764705882
13082 0.413793103448
13112 0.415821501014
13133 0.41784989858
13137 0.419878296146
13163 0.421906693712
13223 0.423935091278
13233 0.425963488844
13246 0.430020283976
13246 0.430020283976
13253 0.432048681542
13291 0.434077079108
13377 0.436105476673
13390 0.438133874239
13403 0.440162271805
13475 0.442190669371
13489 0.444219066937
13504 0.446247464503
13554 0.448275862069
13611 0.450304259635
13617 0.452332657201
13697 0.454361054767
13898 0.456389452333
13996 0.460446247465
13996 0.460446247465
14037 0.46247464503
14158 0.464503042596
14177 0.466531440162
14200 0.468559837728
14295 0.470588235294
14336 0.47261663286
14349 0.474645030426
14370 0.476673427992
14376 0.478701825558
14385 0.480730223124
14425 0.48275862069
14531 0.484787018256
14694 0.486815415822
14769 0.488843813387
14809 0.490872210953
14843 0.492900608519
14900 0.494929006085
15122 0.496957403651
15132 0.498985801217
15225 0.501014198783
15372 0.503042596349
15383 0.505070993915
15496 0.507099391481
15650 0.509127789047
15655 0.511156186613
15671 0.513184584178
15681 0.515212981744
15739 0.51724137931
15876 0.519269776876
15908 0.521298174442
15946 0.523326572008
15971 0.525354969574
16113 0.52738336714
16177 0.529411764706
16206 0.531440162272
16213 0.533468559838
16263 0.535496957404
16414 0.53752535497
16451 0.539553752535
16482 0.541582150101
16581 0.543610547667
16589 0.545638945233
16710 0.547667342799
16830 0.549695740365
16906 0.551724137931
16909 0.553752535497
16986 0.555780933063
17011 0.557809330629
17153 0.559837728195
17310 0.561866125761
17402 0.563894523327
17415 0.565922920892
17462 0.567951318458
17570 0.569979716024
17666 0.57200811359
17692 0.574036511156
17827 0.576064908722
18286 0.578093306288
18378 0.58215010142
18378 0.58215010142
18479 0.584178498986
18760 0.586206896552
18778 0.588235294118
18796 0.590263691684
18907 0.592292089249
19044 0.594320486815
19050 0.596348884381
19066 0.598377281947
19131 0.600405679513
19351 0.602434077079
19457 0.604462474645
19611 0.606490872211
19623 0.608519269777
19742 0.610547667343
19866 0.612576064909
19943 0.614604462475
19960 0.616632860041
20033 0.618661257606
20117 0.620689655172
20350 0.622718052738
20393 0.624746450304
20446 0.62677484787
20593 0.628803245436
20644 0.630831643002
20778 0.632860040568
20852 0.634888438134
20895 0.6369168357
20922 0.638945233266
21228 0.640973630832
21919 0.643002028398
22013 0.645030425963
22154 0.647058823529
22222 0.649087221095
23158 0.651115618661
23166 0.653144016227
23225 0.655172413793
23726 0.657200811359
23901 0.659229208925
24041 0.661257606491
24217 0.663286004057
24230 0.665314401623
24315 0.667342799189
24393 0.669371196755
24571 0.67139959432
24642 0.673427991886
24918 0.675456389452
25003 0.677484787018
25140 0.679513184584
25253 0.68154158215
25264 0.683569979716
25265 0.685598377282
25377 0.687626774848
25494 0.689655172414
25712 0.69168356998
25852 0.693711967546
25894 0.695740365112
26010 0.697768762677
26107 0.699797160243
26165 0.701825557809
26238 0.703853955375
26443 0.705882352941
27227 0.707910750507
27558 0.709939148073
27821 0.711967545639
28428 0.713995943205
28503 0.716024340771
28740 0.718052738337
28796 0.720081135903
28880 0.722109533469
29333 0.724137931034
29428 0.7261663286
29511 0.728194726166
29564 0.730223123732
29599 0.732251521298
29675 0.734279918864
29745 0.73630831643
29757 0.738336713996
29764 0.740365111562
29925 0.742393509128
29980 0.744421906694
30061 0.74645030426
30110 0.748478701826
30205 0.750507099391
30641 0.752535496957
30798 0.754563894523
30801 0.756592292089
30978 0.758620689655
31430 0.760649087221
31606 0.762677484787
31662 0.764705882353
31792 0.766734279919
32049 0.768762677485
32467 0.770791075051
32886 0.772819472617
33165 0.774847870183
33473 0.776876267748
33788 0.778904665314
34419 0.78093306288
34609 0.782961460446
34721 0.784989858012
34981 0.787018255578
35340 0.789046653144
35514 0.79107505071
36190 0.793103448276
36941 0.795131845842
37277 0.797160243408
37540 0.799188640974
37651 0.80121703854
37676 0.803245436105
37680 0.805273833671
37972 0.807302231237
38244 0.809330628803
38310 0.811359026369
38391 0.813387423935
39201 0.815415821501
39495 0.817444219067
39825 0.819472616633
39845 0.821501014199
39851 0.823529411765
40377 0.825557809331
40803 0.827586206897
40876 0.829614604462
41208 0.831643002028
41579 0.833671399594
41804 0.83569979716
42486 0.837728194726
42781 0.839756592292
43323 0.841784989858
43842 0.843813387424
44073 0.84584178499
44404 0.847870182556
44535 0.849898580122
45237 0.851926977688
45592 0.853955375254
45634 0.855983772819
45834 0.858012170385
46549 0.860040567951
46953 0.862068965517
47064 0.864097363083
47418 0.866125760649
47569 0.868154158215
48951 0.870182555781
49967 0.872210953347
50575 0.874239350913
50676 0.876267748479
51089 0.878296146045
51414 0.880324543611
51581 0.882352941176
51702 0.884381338742
52478 0.886409736308
52715 0.888438133874
53653 0.89046653144
53734 0.892494929006
53802 0.894523326572
54176 0.896551724138
54259 0.898580121704
54380 0.90060851927
54553 0.902636916836
55382 0.904665314402
55562 0.906693711968
56393 0.908722109533
56482 0.910750507099
58965 0.912778904665
59982 0.914807302231
60122 0.916835699797
60329 0.918864097363
60502 0.920892494929
62342 0.922920892495
62872 0.924949290061
64462 0.926977687627
64796 0.929006085193
65188 0.931034482759
65291 0.933062880325
67512 0.93509127789
68676 0.937119675456
69415 0.939148073022
69730 0.941176470588
70454 0.943204868154
72643 0.94523326572
73810 0.947261663286
77089 0.949290060852
78048 0.951318458418
78431 0.953346855984
79870 0.95537525355
80333 0.957403651116
83406 0.959432048682
84249 0.961460446247
86232 0.963488843813
92540 0.965517241379
93564 0.967545638945
95862 0.969574036511
102368 0.971602434077
103478 0.973630831643
105401 0.975659229209
107385 0.977687626775
112564 0.979716024341
113121 0.981744421907
114028 0.983772819473
119031 0.985801217039
119607 0.987829614604
121324 0.98985801217
122472 0.991886409736
125013 0.993914807302
154376 0.995943204868
167468 0.997971602434
1355866 1.0
