33 0.00202429149798
828 0.00404858299595
1080 0.00607287449393
1323 0.0080971659919
1545 0.0101214574899
1559 0.0121457489879
1773 0.0141700404858
2043 0.0161943319838
2331 0.0182186234818
2333 0.0202429149798
2367 0.0222672064777
2394 0.0242914979757
2538 0.0263157894737
2551 0.0283400809717
2556 0.0303643724696
2560 0.0323886639676
2566 0.0344129554656
2575 0.0384615384615
2575 0.0384615384615
2586 0.0404858299595
2629 0.0425101214575
2634 0.0445344129555
2684 0.0465587044534
2741 0.0485829959514
2752 0.0506072874494
3045 0.0526315789474
3060 0.0546558704453
3167 0.0566801619433
3308 0.0587044534413
3326 0.0607287449393
3371 0.0627530364372
3385 0.0647773279352
3406 0.0668016194332
3587 0.0688259109312
3592 0.0708502024291
3619 0.0728744939271
3634 0.0748987854251
3725 0.0769230769231
3764 0.0789473684211
3814 0.080971659919
3848 0.082995951417
3858 0.085020242915
3894 0.087044534413
3897 0.0890688259109
3949 0.0910931174089
3971 0.0931174089069
4051 0.0951417004049
4093 0.0971659919028
4130 0.0991902834008
4132 0.101214574899
4133 0.105263157895
4133 0.105263157895
4149 0.107287449393
4161 0.109311740891
4215 0.111336032389
4269 0.113360323887
4282 0.115384615385
4309 0.117408906883
4312 0.119433198381
4316 0.121457489879
4317 0.123481781377
4358 0.125506072874
4360 0.127530364372
4370 0.12955465587
4376 0.131578947368
4392 0.133603238866
4407 0.135627530364
4421 0.137651821862
4426 0.13967611336
4430 0.141700404858
4440 0.143724696356
4449 0.145748987854
4461 0.147773279352
4468 0.14979757085
4497 0.151821862348
4566 0.153846153846
4569 0.155870445344
4583 0.157894736842
4586 0.15991902834
4593 0.161943319838
4601 0.163967611336
4610 0.165991902834
4648 0.168016194332
4650 0.17004048583
4660 0.172064777328
4716 0.174089068826
4736 0.176113360324
4749 0.178137651822
4775 0.18016194332
4809 0.182186234818
4819 0.184210526316
4820 0.186234817814
4824 0.188259109312
4850 0.19028340081
4854 0.192307692308
4885 0.194331983806
4894 0.196356275304
4910 0.198380566802
4922 0.2004048583
4936 0.202429149798
4976 0.204453441296
4990 0.206477732794
5019 0.208502024291
5046 0.210526315789
5056 0.212550607287
5134 0.214574898785
5138 0.216599190283
5163 0.218623481781
5188 0.220647773279
5196 0.222672064777
5214 0.224696356275
5215 0.226720647773
5217 0.230769230769
5217 0.230769230769
5224 0.232793522267
5239 0.234817813765
5240 0.236842105263
5250 0.238866396761
5262 0.240890688259
5264 0.242914979757
5271 0.244939271255
5281 0.246963562753
5332 0.248987854251
5333 0.251012145749
5375 0.253036437247
5385 0.255060728745
5402 0.257085020243
5427 0.259109311741
5478 0.261133603239
5505 0.263157894737
5528 0.265182186235
5548 0.267206477733
5553 0.269230769231
5571 0.271255060729
5574 0.273279352227
5581 0.275303643725
5593 0.277327935223
5618 0.279352226721
5657 0.281376518219
5663 0.283400809717
5691 0.285425101215
5707 0.287449392713
5720 0.289473684211
5771 0.293522267206
5771 0.293522267206
5820 0.295546558704
5839 0.297570850202
5870 0.2995951417
5895 0.301619433198
5914 0.303643724696
5942 0.305668016194
5947 0.307692307692
5971 0.30971659919
5990 0.311740890688
5991 0.313765182186
5994 0.315789473684
6015 0.317813765182
6052 0.31983805668
6055 0.321862348178
6056 0.323886639676
6076 0.325910931174
6079 0.327935222672
6108 0.32995951417
6122 0.331983805668
6123 0.334008097166
6157 0.336032388664
6178 0.338056680162
6192 0.34008097166
6193 0.342105263158
6235 0.344129554656
6248 0.346153846154
6257 0.348178137652
6269 0.35020242915
6303 0.352226720648
6316 0.354251012146
6324 0.356275303644
6347 0.358299595142
6358 0.36032388664
6366 0.362348178138
6386 0.364372469636
6408 0.366396761134
6454 0.368421052632
6487 0.37044534413
6500 0.372469635628
6511 0.374493927126
6553 0.376518218623
6558 0.378542510121
6567 0.380566801619
6579 0.382591093117
6588 0.384615384615
6624 0.386639676113
6636 0.388663967611
6639 0.390688259109
6642 0.392712550607
6661 0.394736842105
6701 0.396761133603
6712 0.398785425101
6720 0.400809716599
6721 0.402834008097
6726 0.404858299595
6742 0.406882591093
6753 0.408906882591
6796 0.410931174089
6808 0.412955465587
6812 0.414979757085
6842 0.417004048583
6851 0.419028340081
6858 0.421052631579
6860 0.423076923077
6900 0.425101214575
6903 0.427125506073
6908 0.429149797571
6932 0.431174089069
6936 0.433198380567
6952 0.435222672065
7028 0.437246963563
7073 0.439271255061
7091 0.441295546559
7103 0.445344129555
7103 0.445344129555
7120 0.447368421053
7122 0.449392712551
7126 0.451417004049
7171 0.453441295547
7173 0.455465587045
7193 0.457489878543
7227 0.45951417004
7257 0.461538461538
7290 0.463562753036
7292 0.465587044534
7361 0.467611336032
7386 0.46963562753
7392 0.471659919028
7397 0.473684210526
7398 0.475708502024
7413 0.477732793522
7440 0.47975708502
7471 0.481781376518
7503 0.483805668016
7511 0.485829959514
7525 0.48987854251
7525 0.48987854251
7554 0.491902834008
7569 0.493927125506
7587 0.495951417004
7588 0.497975708502
7600 0.5
7603 0.502024291498
7610 0.504048582996
7621 0.506072874494
7629 0.508097165992
7633 0.51012145749
7642 0.512145748988
7648 0.514170040486
7651 0.516194331984
7653 0.518218623482
7673 0.52024291498
7677 0.522267206478
7715 0.524291497976
7734 0.526315789474
7766 0.528340080972
7777 0.53036437247
7781 0.532388663968
7787 0.534412955466
7789 0.536437246964
7795 0.538461538462
7798 0.54048582996
7805 0.542510121457
7852 0.544534412955
7879 0.546558704453
7900 0.548582995951
7920 0.550607287449
7932 0.552631578947
7965 0.554655870445
7971 0.556680161943
7985 0.558704453441
8005 0.560728744939
8013 0.562753036437
8044 0.564777327935
8067 0.566801619433
8076 0.568825910931
8079 0.570850202429
8080 0.572874493927
8104 0.574898785425
8113 0.576923076923
8125 0.578947368421
8128 0.580971659919
8130 0.585020242915
8130 0.585020242915
8153 0.587044534413
8158 0.589068825911
8201 0.591093117409
8239 0.595141700405
8239 0.595141700405
8244 0.597165991903
8247 0.599190283401
8274 0.601214574899
8281 0.603238866397
8290 0.605263157895
8311 0.607287449393
8317 0.609311740891
8361 0.611336032389
8419 0.613360323887
8433 0.615384615385
8443 0.617408906883
8451 0.619433198381
8481 0.621457489879
8525 0.623481781377
8546 0.625506072874
8585 0.627530364372
8602 0.62955465587
8608 0.631578947368
8622 0.633603238866
8691 0.635627530364
8715 0.637651821862
8755 0.63967611336
8757 0.641700404858
8823 0.643724696356
8835 0.645748987854
8859 0.647773279352
8888 0.64979757085
8943 0.651821862348
8959 0.653846153846
8975 0.655870445344
9023 0.657894736842
9043 0.65991902834
9062 0.661943319838
9065 0.663967611336
9082 0.665991902834
9086 0.668016194332
9100 0.67004048583
9121 0.672064777328
9145 0.674089068826
9173 0.676113360324
9174 0.678137651822
9257 0.68016194332
9308 0.682186234818
9389 0.684210526316
9391 0.686234817814
9428 0.688259109312
9445 0.69028340081
9484 0.692307692308
9544 0.694331983806
9593 0.696356275304
9622 0.698380566802
9665 0.7004048583
9670 0.702429149798
9683 0.704453441296
9694 0.706477732794
9715 0.708502024291
9725 0.712550607287
9725 0.712550607287
9772 0.714574898785
9773 0.716599190283
9777 0.718623481781
9778 0.720647773279
9799 0.722672064777
9808 0.724696356275
9867 0.726720647773
9874 0.728744939271
9877 0.730769230769
9883 0.732793522267
9991 0.734817813765
10039 0.736842105263
10097 0.738866396761
10114 0.740890688259
10135 0.742914979757
10136 0.744939271255
10150 0.746963562753
10179 0.748987854251
10181 0.751012145749
10192 0.753036437247
10227 0.755060728745
10284 0.757085020243
10299 0.761133603239
10299 0.761133603239
10388 0.763157894737
10419 0.765182186235
10458 0.769230769231
10458 0.769230769231
10559 0.771255060729
10582 0.773279352227
10648 0.775303643725
10676 0.777327935223
10688 0.779352226721
10696 0.781376518219
10763 0.783400809717
10818 0.787449392713
10818 0.787449392713
10938 0.789473684211
10944 0.791497975709
10979 0.793522267206
10981 0.795546558704
10984 0.797570850202
10992 0.7995951417
11063 0.801619433198
11067 0.803643724696
11164 0.805668016194
11201 0.807692307692
11216 0.80971659919
11268 0.811740890688
11279 0.813765182186
11393 0.815789473684
11528 0.817813765182
11545 0.81983805668
11582 0.821862348178
11602 0.823886639676
11654 0.825910931174
11655 0.827935222672
11670 0.82995951417
11672 0.831983805668
11675 0.834008097166
11680 0.836032388664
11723 0.838056680162
11746 0.84008097166
11776 0.842105263158
11794 0.844129554656
11798 0.846153846154
11839 0.848178137652
11891 0.85020242915
12015 0.852226720648
12075 0.854251012146
12137 0.856275303644
12282 0.858299595142
12326 0.86032388664
12337 0.862348178138
12503 0.864372469636
12507 0.866396761134
12549 0.868421052632
12560 0.87044534413
12563 0.872469635628
12708 0.874493927126
12789 0.876518218623
12865 0.878542510121
12937 0.880566801619
12979 0.882591093117
12998 0.884615384615
13045 0.886639676113
13050 0.888663967611
13075 0.890688259109
13091 0.892712550607
13177 0.894736842105
13188 0.896761133603
13190 0.898785425101
13251 0.900809716599
13577 0.902834008097
13615 0.904858299595
13715 0.906882591093
13886 0.908906882591
13928 0.910931174089
13942 0.912955465587
13961 0.914979757085
14190 0.917004048583
14240 0.919028340081
14295 0.921052631579
14606 0.923076923077
14663 0.925101214575
14680 0.927125506073
14748 0.929149797571
14803 0.931174089069
14848 0.933198380567
15214 0.935222672065
15309 0.937246963563
15368 0.939271255061
15395 0.941295546559
15679 0.943319838057
15951 0.945344129555
16282 0.947368421053
16662 0.949392712551
17031 0.951417004049
17076 0.953441295547
17246 0.955465587045
17319 0.957489878543
17456 0.95951417004
17554 0.961538461538
17628 0.963562753036
17713 0.965587044534
17905 0.967611336032
17936 0.96963562753
18279 0.971659919028
18470 0.973684210526
18599 0.975708502024
18776 0.977732793522
18924 0.97975708502
19002 0.981781376518
19441 0.983805668016
20596 0.985829959514
21121 0.987854251012
21646 0.98987854251
21683 0.991902834008
22240 0.993927125506
27300 0.995951417004
33923 0.997975708502
37195 1.0
