32 0.00202429149798
376 0.00404858299595
566 0.00607287449393
657 0.0080971659919
680 0.0101214574899
726 0.0121457489879
733 0.0141700404858
854 0.0161943319838
906 0.0182186234818
1042 0.0202429149798
1048 0.0222672064777
1063 0.0242914979757
1070 0.0283400809717
1070 0.0283400809717
1087 0.0303643724696
1139 0.0323886639676
1144 0.0364372469636
1144 0.0364372469636
1177 0.0384615384615
1179 0.0404858299595
1181 0.0425101214575
1228 0.0445344129555
1258 0.0465587044534
1260 0.0485829959514
1288 0.0506072874494
1297 0.0526315789474
1307 0.0546558704453
1342 0.0566801619433
1381 0.0587044534413
1451 0.0607287449393
1513 0.0627530364372
1529 0.0647773279352
1536 0.0668016194332
1557 0.0688259109312
1569 0.0708502024291
1593 0.0728744939271
1641 0.0748987854251
1642 0.0769230769231
1684 0.0789473684211
1703 0.080971659919
1709 0.082995951417
1731 0.085020242915
1745 0.087044534413
1765 0.0890688259109
1769 0.0910931174089
1777 0.0931174089069
1799 0.0951417004049
1801 0.0971659919028
1802 0.0991902834008
1812 0.101214574899
1834 0.103238866397
1843 0.105263157895
1872 0.107287449393
1873 0.109311740891
1883 0.111336032389
1892 0.113360323887
1895 0.115384615385
1896 0.117408906883
1917 0.119433198381
1922 0.121457489879
1923 0.123481781377
1933 0.125506072874
1939 0.127530364372
1941 0.12955465587
1956 0.131578947368
1960 0.133603238866
1981 0.135627530364
1990 0.137651821862
1998 0.13967611336
2001 0.141700404858
2016 0.145748987854
2016 0.145748987854
2039 0.147773279352
2044 0.14979757085
2048 0.151821862348
2057 0.153846153846
2058 0.155870445344
2062 0.157894736842
2064 0.15991902834
2066 0.161943319838
2069 0.163967611336
2080 0.165991902834
2089 0.168016194332
2090 0.17004048583
2105 0.172064777328
2106 0.174089068826
2111 0.176113360324
2119 0.178137651822
2123 0.18016194332
2157 0.182186234818
2161 0.184210526316
2163 0.186234817814
2182 0.188259109312
2187 0.19028340081
2208 0.192307692308
2221 0.194331983806
2235 0.196356275304
2237 0.198380566802
2244 0.2004048583
2259 0.202429149798
2273 0.204453441296
2295 0.206477732794
2302 0.208502024291
2308 0.210526315789
2315 0.212550607287
2317 0.214574898785
2329 0.216599190283
2333 0.218623481781
2340 0.220647773279
2342 0.222672064777
2344 0.224696356275
2350 0.226720647773
2352 0.228744939271
2354 0.230769230769
2374 0.232793522267
2375 0.234817813765
2379 0.236842105263
2382 0.238866396761
2385 0.240890688259
2389 0.242914979757
2408 0.244939271255
2413 0.246963562753
2418 0.248987854251
2421 0.251012145749
2435 0.253036437247
2438 0.255060728745
2447 0.257085020243
2453 0.259109311741
2457 0.263157894737
2457 0.263157894737
2463 0.265182186235
2501 0.267206477733
2514 0.269230769231
2525 0.271255060729
2530 0.273279352227
2545 0.275303643725
2547 0.277327935223
2566 0.279352226721
2568 0.281376518219
2571 0.283400809717
2582 0.285425101215
2591 0.287449392713
2602 0.291497975709
2602 0.291497975709
2610 0.293522267206
2625 0.295546558704
2626 0.297570850202
2647 0.2995951417
2663 0.301619433198
2673 0.303643724696
2674 0.305668016194
2695 0.307692307692
2697 0.30971659919
2699 0.311740890688
2731 0.313765182186
2736 0.315789473684
2738 0.317813765182
2749 0.31983805668
2764 0.321862348178
2767 0.323886639676
2771 0.325910931174
2775 0.327935222672
2784 0.32995951417
2786 0.331983805668
2795 0.334008097166
2801 0.336032388664
2803 0.338056680162
2806 0.34008097166
2829 0.342105263158
2838 0.344129554656
2840 0.346153846154
2851 0.348178137652
2852 0.35020242915
2854 0.352226720648
2869 0.356275303644
2869 0.356275303644
2873 0.358299595142
2875 0.36032388664
2877 0.362348178138
2887 0.364372469636
2907 0.366396761134
2909 0.37044534413
2909 0.37044534413
2916 0.372469635628
2918 0.374493927126
2946 0.376518218623
2947 0.378542510121
2949 0.380566801619
2950 0.382591093117
2954 0.384615384615
2972 0.386639676113
2978 0.388663967611
2980 0.390688259109
2985 0.392712550607
2990 0.394736842105
2998 0.396761133603
3003 0.398785425101
3011 0.400809716599
3014 0.402834008097
3030 0.404858299595
3039 0.406882591093
3042 0.408906882591
3050 0.412955465587
3050 0.412955465587
3056 0.414979757085
3102 0.417004048583
3105 0.419028340081
3113 0.421052631579
3135 0.423076923077
3140 0.425101214575
3146 0.427125506073
3150 0.429149797571
3151 0.431174089069
3167 0.433198380567
3168 0.435222672065
3173 0.437246963563
3177 0.439271255061
3179 0.441295546559
3182 0.443319838057
3192 0.445344129555
3202 0.447368421053
3210 0.449392712551
3236 0.451417004049
3261 0.455465587045
3261 0.455465587045
3268 0.457489878543
3284 0.45951417004
3287 0.461538461538
3288 0.463562753036
3290 0.465587044534
3293 0.467611336032
3307 0.46963562753
3308 0.471659919028
3317 0.473684210526
3319 0.475708502024
3320 0.477732793522
3324 0.47975708502
3327 0.481781376518
3337 0.483805668016
3352 0.485829959514
3360 0.487854251012
3366 0.48987854251
3373 0.491902834008
3374 0.493927125506
3378 0.495951417004
3380 0.497975708502
3390 0.5
3405 0.502024291498
3411 0.504048582996
3413 0.506072874494
3418 0.508097165992
3441 0.51012145749
3442 0.512145748988
3452 0.514170040486
3462 0.516194331984
3471 0.518218623482
3485 0.52024291498
3491 0.522267206478
3522 0.524291497976
3528 0.526315789474
3544 0.528340080972
3545 0.53036437247
3570 0.532388663968
3587 0.536437246964
3587 0.536437246964
3598 0.538461538462
3621 0.542510121457
3621 0.542510121457
3642 0.544534412955
3664 0.546558704453
3673 0.548582995951
3679 0.550607287449
3682 0.552631578947
3701 0.554655870445
3718 0.556680161943
3725 0.558704453441
3752 0.560728744939
3754 0.562753036437
3779 0.564777327935
3784 0.566801619433
3789 0.568825910931
3795 0.570850202429
3803 0.572874493927
3805 0.574898785425
3843 0.576923076923
3858 0.580971659919
3858 0.580971659919
3864 0.582995951417
3866 0.585020242915
3882 0.587044534413
3889 0.589068825911
3900 0.591093117409
3903 0.593117408907
3907 0.595141700405
3909 0.597165991903
3929 0.599190283401
3956 0.601214574899
3992 0.603238866397
3993 0.605263157895
4001 0.607287449393
4036 0.609311740891
4051 0.611336032389
4066 0.613360323887
4072 0.615384615385
4077 0.617408906883
4091 0.619433198381
4099 0.621457489879
4106 0.623481781377
4146 0.625506072874
4163 0.627530364372
4170 0.62955465587
4205 0.631578947368
4213 0.633603238866
4218 0.637651821862
4218 0.637651821862
4230 0.63967611336
4231 0.641700404858
4240 0.643724696356
4246 0.645748987854
4256 0.647773279352
4272 0.64979757085
4277 0.653846153846
4277 0.653846153846
4282 0.655870445344
4284 0.657894736842
4286 0.65991902834
4301 0.661943319838
4312 0.663967611336
4323 0.665991902834
4324 0.668016194332
4349 0.67004048583
4364 0.672064777328
4367 0.674089068826
4375 0.676113360324
4410 0.678137651822
4423 0.68016194332
4433 0.682186234818
4448 0.684210526316
4450 0.686234817814
4451 0.688259109312
4452 0.69028340081
4453 0.692307692308
4455 0.694331983806
4487 0.696356275304
4522 0.698380566802
4535 0.7004048583
4537 0.702429149798
4539 0.704453441296
4548 0.706477732794
4585 0.708502024291
4604 0.710526315789
4610 0.714574898785
4610 0.714574898785
4616 0.716599190283
4620 0.718623481781
4627 0.720647773279
4647 0.722672064777
4660 0.724696356275
4670 0.726720647773
4681 0.728744939271
4712 0.730769230769
4724 0.732793522267
4744 0.734817813765
4752 0.736842105263
4826 0.738866396761
4828 0.740890688259
4837 0.742914979757
4861 0.744939271255
4869 0.746963562753
4875 0.748987854251
4885 0.751012145749
4917 0.753036437247
4924 0.755060728745
4941 0.757085020243
4986 0.759109311741
4988 0.761133603239
5005 0.763157894737
5028 0.765182186235
5036 0.767206477733
5044 0.769230769231
5053 0.771255060729
5073 0.773279352227
5074 0.775303643725
5086 0.777327935223
5091 0.779352226721
5109 0.781376518219
5144 0.785425101215
5144 0.785425101215
5157 0.787449392713
5224 0.789473684211
5244 0.791497975709
5287 0.793522267206
5302 0.795546558704
5339 0.797570850202
5352 0.7995951417
5371 0.801619433198
5386 0.803643724696
5389 0.805668016194
5426 0.807692307692
5448 0.80971659919
5486 0.811740890688
5490 0.813765182186
5495 0.815789473684
5562 0.817813765182
5567 0.81983805668
5599 0.821862348178
5614 0.823886639676
5650 0.825910931174
5663 0.827935222672
5680 0.82995951417
5696 0.831983805668
5708 0.834008097166
5737 0.836032388664
5762 0.838056680162
5821 0.84008097166
5869 0.842105263158
5870 0.844129554656
5919 0.846153846154
5931 0.848178137652
5942 0.85020242915
5957 0.852226720648
5960 0.856275303644
5960 0.856275303644
5962 0.858299595142
5981 0.86032388664
5990 0.862348178138
5998 0.864372469636
6004 0.866396761134
6061 0.868421052632
6072 0.87044534413
6111 0.872469635628
6145 0.874493927126
6153 0.876518218623
6167 0.878542510121
6177 0.880566801619
6193 0.882591093117
6203 0.884615384615
6216 0.886639676113
6221 0.888663967611
6232 0.890688259109
6240 0.892712550607
6245 0.894736842105
6252 0.896761133603
6255 0.898785425101
6325 0.900809716599
6363 0.902834008097
6429 0.904858299595
6479 0.906882591093
6486 0.908906882591
6519 0.910931174089
6524 0.912955465587
6531 0.914979757085
6556 0.917004048583
6591 0.919028340081
6649 0.921052631579
6663 0.923076923077
6671 0.925101214575
6695 0.927125506073
6769 0.929149797571
6798 0.931174089069
7167 0.933198380567
7182 0.935222672065
7207 0.937246963563
7331 0.939271255061
7521 0.941295546559
7524 0.943319838057
7569 0.945344129555
7653 0.947368421053
7712 0.949392712551
7754 0.951417004049
7896 0.953441295547
7924 0.955465587045
7936 0.957489878543
7951 0.95951417004
8000 0.961538461538
8008 0.963562753036
8049 0.965587044534
8199 0.967611336032
8348 0.96963562753
8385 0.971659919028
8477 0.973684210526
8515 0.975708502024
8746 0.977732793522
8836 0.97975708502
8872 0.981781376518
9212 0.983805668016
9349 0.985829959514
9481 0.987854251012
9595 0.98987854251
10268 0.991902834008
11375 0.993927125506
11740 0.995951417004
15106 0.997975708502
38179 1.0
