31 0.00202429149798
188 0.00404858299595
299 0.00607287449393
304 0.0080971659919
322 0.0101214574899
325 0.0121457489879
339 0.0141700404858
405 0.0161943319838
493 0.0182186234818
518 0.0202429149798
542 0.0222672064777
545 0.0242914979757
573 0.0263157894737
582 0.0283400809717
587 0.0303643724696
593 0.0323886639676
595 0.0344129554656
599 0.0364372469636
605 0.0384615384615
606 0.0404858299595
661 0.0425101214575
689 0.0445344129555
730 0.0465587044534
741 0.0506072874494
741 0.0506072874494
760 0.0526315789474
802 0.0546558704453
804 0.0566801619433
826 0.0587044534413
870 0.0627530364372
870 0.0627530364372
874 0.0647773279352
877 0.0668016194332
892 0.0688259109312
908 0.0708502024291
940 0.0728744939271
947 0.0748987854251
959 0.0769230769231
963 0.0789473684211
970 0.080971659919
974 0.082995951417
995 0.085020242915
1015 0.087044534413
1042 0.0890688259109
1044 0.0910931174089
1091 0.0931174089069
1131 0.0951417004049
1136 0.0971659919028
1152 0.0991902834008
1158 0.101214574899
1171 0.103238866397
1216 0.105263157895
1221 0.107287449393
1228 0.109311740891
1236 0.111336032389
1247 0.113360323887
1260 0.115384615385
1263 0.117408906883
1282 0.119433198381
1289 0.121457489879
1290 0.123481781377
1324 0.125506072874
1325 0.127530364372
1327 0.12955465587
1330 0.131578947368
1332 0.135627530364
1332 0.135627530364
1343 0.137651821862
1356 0.13967611336
1384 0.141700404858
1412 0.143724696356
1427 0.145748987854
1429 0.147773279352
1438 0.14979757085
1442 0.151821862348
1444 0.153846153846
1447 0.155870445344
1450 0.157894736842
1460 0.15991902834
1467 0.161943319838
1472 0.163967611336
1478 0.165991902834
1482 0.168016194332
1492 0.17004048583
1498 0.172064777328
1507 0.174089068826
1519 0.176113360324
1526 0.18016194332
1526 0.18016194332
1532 0.182186234818
1538 0.184210526316
1540 0.186234817814
1549 0.19028340081
1549 0.19028340081
1551 0.194331983806
1551 0.194331983806
1556 0.196356275304
1568 0.198380566802
1571 0.2004048583
1578 0.202429149798
1586 0.204453441296
1593 0.206477732794
1606 0.208502024291
1608 0.210526315789
1611 0.212550607287
1616 0.214574898785
1622 0.216599190283
1654 0.218623481781
1656 0.220647773279
1662 0.222672064777
1664 0.224696356275
1673 0.226720647773
1676 0.228744939271
1687 0.230769230769
1703 0.232793522267
1706 0.234817813765
1707 0.236842105263
1728 0.238866396761
1763 0.240890688259
1764 0.242914979757
1769 0.244939271255
1790 0.246963562753
1802 0.248987854251
1813 0.251012145749
1818 0.253036437247
1834 0.255060728745
1849 0.257085020243
1866 0.261133603239
1866 0.261133603239
1882 0.263157894737
1887 0.265182186235
1893 0.267206477733
1899 0.269230769231
1923 0.271255060729
1939 0.273279352227
1944 0.275303643725
1947 0.277327935223
1949 0.279352226721
1955 0.281376518219
1957 0.285425101215
1957 0.285425101215
1958 0.287449392713
1973 0.289473684211
1994 0.291497975709
2007 0.293522267206
2017 0.295546558704
2021 0.297570850202
2026 0.2995951417
2033 0.301619433198
2047 0.303643724696
2053 0.305668016194
2055 0.30971659919
2055 0.30971659919
2059 0.311740890688
2082 0.313765182186
2085 0.315789473684
2089 0.317813765182
2096 0.321862348178
2096 0.321862348178
2112 0.323886639676
2113 0.325910931174
2121 0.327935222672
2132 0.32995951417
2172 0.331983805668
2182 0.334008097166
2186 0.336032388664
2189 0.338056680162
2200 0.342105263158
2200 0.342105263158
2205 0.344129554656
2210 0.346153846154
2230 0.348178137652
2250 0.35020242915
2270 0.352226720648
2283 0.354251012146
2295 0.356275303644
2297 0.358299595142
2303 0.36032388664
2308 0.362348178138
2313 0.364372469636
2323 0.366396761134
2327 0.368421052632
2331 0.37044534413
2342 0.372469635628
2355 0.374493927126
2360 0.376518218623
2363 0.378542510121
2369 0.382591093117
2369 0.382591093117
2370 0.386639676113
2370 0.386639676113
2374 0.388663967611
2383 0.390688259109
2386 0.392712550607
2388 0.394736842105
2394 0.396761133603
2411 0.400809716599
2411 0.400809716599
2414 0.402834008097
2420 0.404858299595
2430 0.406882591093
2433 0.408906882591
2440 0.410931174089
2450 0.412955465587
2474 0.414979757085
2478 0.417004048583
2480 0.419028340081
2499 0.421052631579
2507 0.423076923077
2525 0.425101214575
2532 0.427125506073
2534 0.429149797571
2540 0.431174089069
2545 0.433198380567
2594 0.435222672065
2605 0.437246963563
2607 0.439271255061
2636 0.441295546559
2639 0.443319838057
2651 0.445344129555
2655 0.447368421053
2657 0.449392712551
2669 0.451417004049
2676 0.453441295547
2704 0.455465587045
2722 0.457489878543
2729 0.45951417004
2736 0.461538461538
2737 0.463562753036
2741 0.465587044534
2746 0.467611336032
2751 0.471659919028
2751 0.471659919028
2758 0.473684210526
2768 0.475708502024
2774 0.477732793522
2792 0.47975708502
2793 0.481781376518
2803 0.483805668016
2804 0.485829959514
2806 0.487854251012
2815 0.48987854251
2819 0.491902834008
2822 0.493927125506
2825 0.495951417004
2831 0.497975708502
2838 0.5
2845 0.502024291498
2858 0.504048582996
2868 0.506072874494
2882 0.508097165992
2886 0.51012145749
2898 0.512145748988
2905 0.514170040486
2913 0.516194331984
2957 0.518218623482
2972 0.52024291498
2986 0.522267206478
2992 0.524291497976
3011 0.526315789474
3015 0.528340080972
3025 0.53036437247
3027 0.532388663968
3035 0.534412955466
3038 0.536437246964
3052 0.538461538462
3061 0.54048582996
3080 0.542510121457
3082 0.544534412955
3087 0.546558704453
3090 0.548582995951
3108 0.550607287449
3109 0.552631578947
3129 0.554655870445
3135 0.556680161943
3148 0.558704453441
3173 0.560728744939
3208 0.562753036437
3215 0.564777327935
3233 0.566801619433
3236 0.568825910931
3241 0.570850202429
3247 0.572874493927
3251 0.574898785425
3252 0.576923076923
3262 0.580971659919
3262 0.580971659919
3271 0.582995951417
3296 0.585020242915
3299 0.587044534413
3301 0.589068825911
3302 0.593117408907
3302 0.593117408907
3304 0.595141700405
3313 0.597165991903
3323 0.599190283401
3344 0.601214574899
3361 0.603238866397
3371 0.605263157895
3387 0.607287449393
3391 0.609311740891
3403 0.611336032389
3443 0.613360323887
3452 0.615384615385
3455 0.617408906883
3463 0.619433198381
3469 0.621457489879
3481 0.623481781377
3497 0.625506072874
3499 0.627530364372
3508 0.62955465587
3523 0.633603238866
3523 0.633603238866
3525 0.635627530364
3530 0.637651821862
3542 0.641700404858
3542 0.641700404858
3565 0.643724696356
3584 0.645748987854
3605 0.647773279352
3631 0.64979757085
3632 0.651821862348
3633 0.653846153846
3637 0.655870445344
3664 0.657894736842
3677 0.65991902834
3705 0.661943319838
3710 0.663967611336
3725 0.665991902834
3732 0.668016194332
3733 0.67004048583
3737 0.672064777328
3752 0.674089068826
3757 0.676113360324
3766 0.678137651822
3772 0.68016194332
3778 0.682186234818
3802 0.684210526316
3822 0.686234817814
3831 0.688259109312
3837 0.69028340081
3852 0.692307692308
3853 0.694331983806
3864 0.696356275304
3870 0.698380566802
3881 0.7004048583
3883 0.702429149798
3921 0.704453441296
3923 0.706477732794
3924 0.708502024291
3925 0.710526315789
3950 0.714574898785
3950 0.714574898785
3951 0.716599190283
3969 0.720647773279
3969 0.720647773279
3987 0.722672064777
4012 0.724696356275
4020 0.726720647773
4041 0.728744939271
4042 0.730769230769
4044 0.732793522267
4093 0.734817813765
4105 0.736842105263
4107 0.738866396761
4121 0.740890688259
4158 0.742914979757
4177 0.744939271255
4203 0.746963562753
4206 0.748987854251
4211 0.751012145749
4250 0.753036437247
4362 0.755060728745
4368 0.757085020243
4381 0.759109311741
4393 0.761133603239
4403 0.763157894737
4443 0.765182186235
4461 0.767206477733
4472 0.769230769231
4616 0.771255060729
4621 0.773279352227
4629 0.775303643725
4670 0.777327935223
4677 0.779352226721
4686 0.781376518219
4708 0.783400809717
4728 0.785425101215
4763 0.787449392713
4773 0.789473684211
4778 0.791497975709
4794 0.793522267206
4801 0.795546558704
4820 0.797570850202
4827 0.7995951417
4883 0.801619433198
4888 0.803643724696
4916 0.805668016194
4924 0.807692307692
4937 0.80971659919
4946 0.811740890688
4965 0.813765182186
4987 0.815789473684
5034 0.817813765182
5041 0.81983805668
5058 0.821862348178
5082 0.823886639676
5102 0.825910931174
5108 0.827935222672
5167 0.82995951417
5191 0.831983805668
5193 0.834008097166
5196 0.836032388664
5248 0.838056680162
5250 0.84008097166
5270 0.842105263158
5273 0.844129554656
5285 0.846153846154
5315 0.848178137652
5337 0.85020242915
5387 0.852226720648
5456 0.854251012146
5520 0.856275303644
5546 0.858299595142
5584 0.86032388664
5595 0.862348178138
5620 0.864372469636
5634 0.866396761134
5741 0.868421052632
5782 0.87044534413
5788 0.872469635628
5812 0.874493927126
5822 0.876518218623
5888 0.878542510121
5952 0.880566801619
5959 0.882591093117
5964 0.884615384615
6010 0.886639676113
6029 0.888663967611
6150 0.890688259109
6156 0.892712550607
6209 0.894736842105
6304 0.896761133603
6485 0.898785425101
6496 0.900809716599
6601 0.902834008097
6685 0.904858299595
6784 0.906882591093
6789 0.908906882591
6794 0.910931174089
6885 0.912955465587
6952 0.914979757085
6972 0.917004048583
7044 0.919028340081
7115 0.921052631579
7212 0.923076923077
7262 0.925101214575
7389 0.927125506073
7751 0.929149797571
7916 0.931174089069
8090 0.933198380567
8207 0.935222672065
8230 0.937246963563
8339 0.939271255061
8464 0.941295546559
8492 0.943319838057
8617 0.945344129555
8758 0.947368421053
8974 0.949392712551
9025 0.951417004049
9056 0.953441295547
9223 0.955465587045
9293 0.957489878543
9325 0.95951417004
9344 0.961538461538
9431 0.963562753036
9439 0.965587044534
9840 0.967611336032
10114 0.96963562753
10239 0.971659919028
10320 0.973684210526
10881 0.975708502024
11105 0.977732793522
11982 0.97975708502
12194 0.981781376518
12197 0.983805668016
12638 0.985829959514
13187 0.987854251012
13700 0.98987854251
13901 0.991902834008
16996 0.993927125506
18859 0.995951417004
19763 0.997975708502
34377 1.0
