28 0.00202429149798
553 0.00404858299595
708 0.00607287449393
846 0.0080971659919
990 0.0101214574899
1029 0.0121457489879
1134 0.0141700404858
1319 0.0161943319838
1339 0.0182186234818
1525 0.0202429149798
1537 0.0222672064777
1563 0.0242914979757
1587 0.0263157894737
1603 0.0283400809717
1630 0.0303643724696
1634 0.0323886639676
1641 0.0344129554656
1674 0.0364372469636
1680 0.0384615384615
1689 0.0404858299595
1773 0.0425101214575
1781 0.0445344129555
1786 0.0465587044534
1856 0.0485829959514
1963 0.0506072874494
1972 0.0526315789474
2001 0.0546558704453
2035 0.0566801619433
2161 0.0587044534413
2163 0.0607287449393
2181 0.0627530364372
2191 0.0647773279352
2252 0.0668016194332
2293 0.0688259109312
2320 0.0708502024291
2326 0.0728744939271
2372 0.0748987854251
2415 0.0769230769231
2416 0.0789473684211
2557 0.080971659919
2570 0.082995951417
2583 0.085020242915
2586 0.087044534413
2602 0.0890688259109
2618 0.0910931174089
2643 0.0931174089069
2650 0.0951417004049
2675 0.0971659919028
2696 0.0991902834008
2709 0.101214574899
2717 0.103238866397
2734 0.105263157895
2763 0.107287449393
2768 0.109311740891
2775 0.111336032389
2799 0.113360323887
2811 0.115384615385
2825 0.117408906883
2849 0.119433198381
2852 0.121457489879
2853 0.123481781377
2856 0.125506072874
2883 0.127530364372
2890 0.12955465587
2904 0.131578947368
2945 0.133603238866
2947 0.135627530364
2950 0.137651821862
2961 0.13967611336
2962 0.141700404858
2970 0.145748987854
2970 0.145748987854
2974 0.147773279352
2995 0.14979757085
2997 0.151821862348
2999 0.153846153846
3018 0.155870445344
3024 0.157894736842
3033 0.15991902834
3049 0.161943319838
3056 0.163967611336
3060 0.165991902834
3068 0.168016194332
3091 0.17004048583
3092 0.172064777328
3106 0.174089068826
3113 0.176113360324
3128 0.178137651822
3148 0.18016194332
3157 0.182186234818
3184 0.184210526316
3199 0.186234817814
3206 0.188259109312
3230 0.19028340081
3232 0.192307692308
3246 0.194331983806
3267 0.196356275304
3268 0.198380566802
3276 0.2004048583
3280 0.202429149798
3334 0.204453441296
3340 0.206477732794
3354 0.208502024291
3370 0.210526315789
3374 0.212550607287
3383 0.214574898785
3389 0.216599190283
3393 0.218623481781
3417 0.220647773279
3422 0.222672064777
3430 0.224696356275
3452 0.226720647773
3454 0.228744939271
3459 0.230769230769
3469 0.232793522267
3476 0.234817813765
3479 0.236842105263
3499 0.240890688259
3499 0.240890688259
3510 0.242914979757
3537 0.244939271255
3557 0.246963562753
3561 0.251012145749
3561 0.251012145749
3575 0.253036437247
3601 0.255060728745
3678 0.257085020243
3688 0.259109311741
3694 0.261133603239
3698 0.263157894737
3702 0.265182186235
3719 0.267206477733
3721 0.269230769231
3724 0.271255060729
3726 0.275303643725
3726 0.275303643725
3741 0.277327935223
3766 0.279352226721
3772 0.281376518219
3797 0.283400809717
3798 0.285425101215
3853 0.287449392713
3859 0.289473684211
3872 0.291497975709
3886 0.293522267206
3893 0.295546558704
3896 0.297570850202
3904 0.2995951417
3917 0.301619433198
3923 0.303643724696
3961 0.305668016194
3969 0.307692307692
3985 0.30971659919
3989 0.311740890688
4005 0.313765182186
4015 0.315789473684
4017 0.317813765182
4019 0.31983805668
4054 0.321862348178
4058 0.323886639676
4066 0.325910931174
4071 0.327935222672
4077 0.32995951417
4084 0.331983805668
4103 0.334008097166
4112 0.338056680162
4112 0.338056680162
4113 0.34008097166
4138 0.342105263158
4141 0.344129554656
4158 0.346153846154
4159 0.348178137652
4167 0.35020242915
4182 0.352226720648
4184 0.354251012146
4185 0.356275303644
4187 0.358299595142
4194 0.36032388664
4197 0.362348178138
4217 0.364372469636
4219 0.366396761134
4229 0.368421052632
4233 0.37044534413
4238 0.372469635628
4283 0.376518218623
4283 0.376518218623
4314 0.378542510121
4351 0.380566801619
4369 0.382591093117
4373 0.384615384615
4389 0.386639676113
4391 0.388663967611
4394 0.390688259109
4407 0.392712550607
4413 0.394736842105
4424 0.396761133603
4446 0.398785425101
4451 0.400809716599
4454 0.402834008097
4480 0.404858299595
4497 0.406882591093
4500 0.408906882591
4519 0.410931174089
4533 0.412955465587
4540 0.414979757085
4552 0.417004048583
4566 0.419028340081
4570 0.421052631579
4576 0.423076923077
4580 0.425101214575
4609 0.427125506073
4638 0.429149797571
4648 0.431174089069
4678 0.433198380567
4679 0.435222672065
4684 0.437246963563
4706 0.439271255061
4713 0.443319838057
4713 0.443319838057
4714 0.445344129555
4717 0.447368421053
4720 0.449392712551
4733 0.451417004049
4770 0.453441295547
4772 0.455465587045
4788 0.457489878543
4794 0.45951417004
4806 0.461538461538
4812 0.463562753036
4814 0.465587044534
4832 0.467611336032
4867 0.46963562753
4905 0.471659919028
4910 0.473684210526
4919 0.475708502024
4936 0.477732793522
4947 0.47975708502
4961 0.481781376518
4972 0.483805668016
4976 0.485829959514
4985 0.487854251012
4998 0.48987854251
5006 0.491902834008
5010 0.493927125506
5017 0.495951417004
5041 0.497975708502
5055 0.5
5075 0.502024291498
5086 0.504048582996
5092 0.506072874494
5095 0.508097165992
5104 0.512145748988
5104 0.512145748988
5109 0.514170040486
5112 0.518218623482
5112 0.518218623482
5114 0.52024291498
5145 0.522267206478
5192 0.524291497976
5199 0.526315789474
5201 0.528340080972
5216 0.53036437247
5227 0.532388663968
5237 0.534412955466
5247 0.536437246964
5252 0.538461538462
5263 0.54048582996
5267 0.542510121457
5294 0.546558704453
5294 0.546558704453
5308 0.548582995951
5346 0.550607287449
5349 0.552631578947
5379 0.556680161943
5379 0.556680161943
5385 0.558704453441
5391 0.562753036437
5391 0.562753036437
5405 0.564777327935
5419 0.566801619433
5427 0.568825910931
5462 0.570850202429
5504 0.572874493927
5537 0.576923076923
5537 0.576923076923
5551 0.578947368421
5565 0.580971659919
5585 0.582995951417
5625 0.585020242915
5627 0.587044534413
5648 0.589068825911
5654 0.591093117409
5678 0.593117408907
5684 0.597165991903
5684 0.597165991903
5714 0.599190283401
5717 0.601214574899
5757 0.603238866397
5760 0.607287449393
5760 0.607287449393
5765 0.609311740891
5767 0.611336032389
5792 0.613360323887
5804 0.615384615385
5807 0.617408906883
5833 0.619433198381
5848 0.621457489879
5872 0.625506072874
5872 0.625506072874
5907 0.627530364372
5932 0.62955465587
5934 0.631578947368
5936 0.633603238866
5943 0.635627530364
5950 0.637651821862
5952 0.63967611336
5963 0.641700404858
5986 0.643724696356
6009 0.645748987854
6015 0.647773279352
6034 0.64979757085
6075 0.651821862348
6104 0.653846153846
6129 0.655870445344
6154 0.657894736842
6155 0.65991902834
6161 0.661943319838
6162 0.663967611336
6231 0.665991902834
6247 0.668016194332
6260 0.67004048583
6271 0.672064777328
6281 0.674089068826
6282 0.676113360324
6290 0.678137651822
6304 0.68016194332
6316 0.682186234818
6329 0.684210526316
6337 0.686234817814
6350 0.688259109312
6413 0.69028340081
6438 0.692307692308
6462 0.694331983806
6464 0.696356275304
6465 0.698380566802
6480 0.7004048583
6500 0.702429149798
6501 0.704453441296
6533 0.706477732794
6555 0.708502024291
6579 0.710526315789
6604 0.714574898785
6604 0.714574898785
6639 0.716599190283
6647 0.718623481781
6682 0.720647773279
6684 0.722672064777
6696 0.724696356275
6709 0.726720647773
6754 0.728744939271
6772 0.730769230769
6827 0.732793522267
6852 0.736842105263
6852 0.736842105263
6869 0.738866396761
6872 0.740890688259
6896 0.742914979757
6900 0.744939271255
6912 0.746963562753
6913 0.748987854251
6923 0.751012145749
6972 0.753036437247
7015 0.755060728745
7039 0.757085020243
7041 0.759109311741
7048 0.761133603239
7109 0.763157894737
7117 0.767206477733
7117 0.767206477733
7129 0.769230769231
7149 0.771255060729
7190 0.773279352227
7212 0.775303643725
7220 0.777327935223
7244 0.779352226721
7252 0.781376518219
7315 0.783400809717
7355 0.785425101215
7358 0.787449392713
7364 0.789473684211
7367 0.791497975709
7401 0.793522267206
7403 0.795546558704
7432 0.797570850202
7443 0.7995951417
7447 0.801619433198
7659 0.803643724696
7726 0.805668016194
7752 0.807692307692
7789 0.80971659919
7792 0.811740890688
7826 0.813765182186
7942 0.815789473684
7950 0.817813765182
7964 0.821862348178
7964 0.821862348178
8021 0.823886639676
8036 0.825910931174
8077 0.827935222672
8085 0.82995951417
8087 0.831983805668
8111 0.834008097166
8160 0.836032388664
8162 0.838056680162
8168 0.84008097166
8184 0.842105263158
8233 0.844129554656
8248 0.846153846154
8308 0.848178137652
8322 0.85020242915
8340 0.852226720648
8431 0.854251012146
8459 0.856275303644
8479 0.858299595142
8506 0.86032388664
8510 0.862348178138
8512 0.864372469636
8530 0.866396761134
8541 0.868421052632
8557 0.87044534413
8570 0.872469635628
8606 0.874493927126
8649 0.876518218623
8678 0.878542510121
8754 0.880566801619
8882 0.882591093117
8953 0.884615384615
8957 0.886639676113
8980 0.888663967611
9056 0.890688259109
9150 0.892712550607
9194 0.894736842105
9267 0.896761133603
9313 0.898785425101
9358 0.900809716599
9388 0.902834008097
9618 0.904858299595
9635 0.906882591093
9690 0.908906882591
9694 0.910931174089
9699 0.912955465587
9720 0.914979757085
9788 0.917004048583
9843 0.919028340081
9848 0.921052631579
9941 0.923076923077
10009 0.925101214575
10022 0.927125506073
10044 0.929149797571
10130 0.931174089069
10132 0.933198380567
10423 0.935222672065
10624 0.937246963563
10732 0.939271255061
10795 0.941295546559
10927 0.943319838057
10947 0.945344129555
10953 0.947368421053
10972 0.949392712551
11201 0.951417004049
11318 0.953441295547
11424 0.955465587045
11481 0.957489878543
11511 0.95951417004
11696 0.961538461538
11742 0.963562753036
11744 0.965587044534
11864 0.967611336032
12036 0.96963562753
12277 0.971659919028
12291 0.973684210526
12292 0.975708502024
12476 0.977732793522
12570 0.97975708502
12907 0.981781376518
12925 0.983805668016
13380 0.985829959514
13805 0.987854251012
13937 0.98987854251
14133 0.991902834008
15543 0.993927125506
17689 0.995951417004
22486 0.997975708502
40333 1.0
