28 0.00202839756592
822 0.00405679513185
1134 0.00608519269777
1338 0.00811359026369
1606 0.0101419878296
1622 0.0121703853955
1786 0.0141987829615
2119 0.0162271805274
2361 0.0182555780933
2530 0.0202839756592
2647 0.0223123732252
2674 0.0243407707911
2702 0.026369168357
2719 0.0283975659229
2749 0.0304259634888
2790 0.0324543610548
2819 0.0344827586207
2894 0.0365111561866
2911 0.0385395537525
3123 0.0405679513185
3164 0.0425963488844
3485 0.0446247464503
3557 0.0466531440162
3686 0.0486815415822
3702 0.0507099391481
3721 0.052738336714
3787 0.0547667342799
3910 0.0567951318458
3945 0.0588235294118
4103 0.0608519269777
4156 0.0628803245436
4160 0.0649087221095
4458 0.0669371196755
4579 0.0689655172414
4612 0.0709939148073
4773 0.0730223123732
4816 0.0770791075051
4816 0.0770791075051
4849 0.079107505071
4986 0.0811359026369
4989 0.0851926977688
4989 0.0851926977688
5019 0.0872210953347
5020 0.0892494929006
5117 0.0912778904665
5175 0.0933062880325
5183 0.0953346855984
5189 0.0973630831643
5196 0.0993914807302
5255 0.101419878296
5266 0.103448275862
5308 0.105476673428
5319 0.107505070994
5325 0.10953346856
5338 0.111561866126
5346 0.113590263692
5415 0.115618661258
5420 0.117647058824
5446 0.119675456389
5492 0.121703853955
5515 0.123732251521
5539 0.125760649087
5558 0.127789046653
5562 0.129817444219
5598 0.131845841785
5662 0.133874239351
5666 0.135902636917
5842 0.137931034483
5857 0.139959432049
5868 0.141987829615
5886 0.144016227181
5922 0.146044624746
5930 0.148073022312
5950 0.150101419878
5974 0.152129817444
6050 0.15415821501
6058 0.156186612576
6066 0.158215010142
6071 0.160243407708
6083 0.162271805274
6119 0.16430020284
6154 0.166328600406
6159 0.168356997972
6230 0.170385395538
6285 0.172413793103
6362 0.174442190669
6459 0.176470588235
6499 0.178498985801
6526 0.180527383367
6538 0.182555780933
6574 0.184584178499
6591 0.186612576065
6607 0.188640973631
6723 0.190669371197
6791 0.192697768763
6820 0.194726166329
6870 0.196754563895
6893 0.19878296146
6895 0.200811359026
6903 0.202839756592
6904 0.204868154158
6958 0.206896551724
6967 0.20892494929
6988 0.210953346856
6997 0.212981744422
7001 0.215010141988
7033 0.217038539554
7060 0.21906693712
7065 0.221095334686
7072 0.223123732252
7107 0.225152129817
7110 0.227180527383
7163 0.229208924949
7219 0.231237322515
7220 0.233265720081
7266 0.235294117647
7284 0.237322515213
7332 0.239350912779
7367 0.241379310345
7414 0.243407707911
7426 0.245436105477
7456 0.247464503043
7506 0.249492900609
7525 0.251521298174
7550 0.25354969574
7559 0.255578093306
7601 0.257606490872
7610 0.259634888438
7620 0.261663286004
7653 0.26369168357
7678 0.265720081136
7694 0.267748478702
7710 0.269776876268
7744 0.271805273834
7828 0.2738336714
7874 0.275862068966
7886 0.277890466531
7931 0.279918864097
7945 0.281947261663
7950 0.283975659229
7951 0.288032454361
7951 0.288032454361
8026 0.290060851927
8055 0.292089249493
8061 0.294117647059
8089 0.296146044625
8098 0.298174442191
8109 0.300202839757
8122 0.302231237323
8142 0.304259634888
8167 0.306288032454
8170 0.30831643002
8241 0.310344827586
8295 0.312373225152
8317 0.314401622718
8327 0.316430020284
8370 0.31845841785
8376 0.320486815416
8418 0.322515212982
8421 0.324543610548
8441 0.326572008114
8465 0.32860040568
8553 0.330628803245
8558 0.332657200811
8561 0.334685598377
8581 0.336713995943
8622 0.338742393509
8641 0.340770791075
8666 0.342799188641
8668 0.344827586207
8670 0.346855983773
8714 0.348884381339
8738 0.350912778905
8770 0.352941176471
8790 0.354969574037
8807 0.356997971602
8824 0.359026369168
8844 0.361054766734
8849 0.3630831643
8855 0.365111561866
8879 0.367139959432
8884 0.369168356998
8890 0.371196754564
8911 0.37322515213
8954 0.375253549696
8982 0.377281947262
8989 0.379310344828
9009 0.381338742394
9011 0.383367139959
9014 0.385395537525
9027 0.387423935091
9030 0.389452332657
9095 0.391480730223
9110 0.393509127789
9114 0.395537525355
9202 0.397565922921
9203 0.399594320487
9257 0.401622718053
9267 0.403651115619
9291 0.405679513185
9317 0.407707910751
9383 0.409736308316
9412 0.411764705882
9426 0.413793103448
9510 0.415821501014
9515 0.41784989858
9547 0.419878296146
9564 0.421906693712
9572 0.423935091278
9607 0.425963488844
9610 0.42799188641
9712 0.430020283976
9767 0.432048681542
9813 0.434077079108
9823 0.436105476673
9877 0.438133874239
10004 0.442190669371
10004 0.442190669371
10074 0.444219066937
10108 0.446247464503
10117 0.448275862069
10123 0.450304259635
10174 0.454361054767
10174 0.454361054767
10282 0.456389452333
10285 0.458417849899
10291 0.460446247465
10336 0.46247464503
10343 0.464503042596
10358 0.466531440162
10466 0.468559837728
10498 0.470588235294
10554 0.47261663286
10596 0.474645030426
10599 0.476673427992
10651 0.478701825558
10661 0.480730223124
10711 0.48275862069
10772 0.484787018256
10809 0.486815415822
10825 0.488843813387
10838 0.490872210953
10852 0.492900608519
10862 0.494929006085
10863 0.496957403651
10868 0.498985801217
10887 0.501014198783
10939 0.503042596349
11056 0.505070993915
11059 0.507099391481
11063 0.509127789047
11124 0.511156186613
11147 0.513184584178
11172 0.515212981744
11187 0.51724137931
11209 0.519269776876
11210 0.521298174442
11218 0.523326572008
11226 0.525354969574
11229 0.52738336714
11268 0.529411764706
11328 0.531440162272
11389 0.533468559838
11410 0.535496957404
11456 0.53752535497
11537 0.539553752535
11541 0.541582150101
11542 0.543610547667
11588 0.545638945233
11633 0.547667342799
11697 0.549695740365
11701 0.551724137931
11717 0.553752535497
11736 0.555780933063
11884 0.557809330629
11953 0.559837728195
11990 0.561866125761
12023 0.563894523327
12026 0.565922920892
12058 0.567951318458
12067 0.569979716024
12075 0.57200811359
12091 0.574036511156
12132 0.576064908722
12172 0.578093306288
12238 0.580121703854
12245 0.58215010142
12315 0.584178498986
12334 0.586206896552
12335 0.588235294118
12361 0.590263691684
12394 0.592292089249
12400 0.594320486815
12415 0.596348884381
12420 0.598377281947
12496 0.600405679513
12515 0.602434077079
12519 0.604462474645
12595 0.606490872211
12660 0.608519269777
12675 0.610547667343
12773 0.612576064909
12777 0.614604462475
12806 0.616632860041
12826 0.618661257606
12827 0.620689655172
12869 0.622718052738
12943 0.624746450304
12945 0.62677484787
12980 0.628803245436
13091 0.630831643002
13115 0.632860040568
13207 0.634888438134
13295 0.6369168357
13353 0.638945233266
13414 0.640973630832
13419 0.643002028398
13428 0.645030425963
13430 0.647058823529
13511 0.649087221095
13515 0.651115618661
13525 0.653144016227
13559 0.657200811359
13559 0.657200811359
13568 0.659229208925
13587 0.661257606491
13637 0.663286004057
13673 0.665314401623
13699 0.667342799189
13718 0.669371196755
13737 0.67139959432
13803 0.673427991886
13870 0.675456389452
13871 0.677484787018
13949 0.679513184584
13991 0.68154158215
14010 0.683569979716
14213 0.685598377282
14230 0.687626774848
14334 0.689655172414
14351 0.69168356998
14402 0.693711967546
14456 0.695740365112
14727 0.697768762677
14798 0.699797160243
14922 0.701825557809
14976 0.703853955375
15034 0.705882352941
15197 0.707910750507
15351 0.709939148073
15434 0.711967545639
15447 0.713995943205
15528 0.716024340771
15579 0.718052738337
15583 0.720081135903
15980 0.722109533469
16015 0.724137931034
16127 0.7261663286
16136 0.728194726166
16172 0.730223123732
16404 0.732251521298
16563 0.734279918864
16626 0.73630831643
16653 0.738336713996
16825 0.740365111562
16865 0.742393509128
16968 0.744421906694
17005 0.74645030426
17080 0.748478701826
17118 0.750507099391
17160 0.752535496957
17179 0.754563894523
17233 0.756592292089
17244 0.758620689655
17305 0.760649087221
17368 0.762677484787
17441 0.764705882353
17449 0.766734279919
17475 0.768762677485
17499 0.770791075051
17539 0.772819472617
17597 0.774847870183
17694 0.776876267748
17711 0.778904665314
17717 0.78093306288
17857 0.782961460446
17906 0.784989858012
18017 0.787018255578
18097 0.789046653144
18133 0.79107505071
18134 0.793103448276
18227 0.795131845842
18355 0.797160243408
18369 0.799188640974
18674 0.80121703854
18699 0.803245436105
18755 0.805273833671
18763 0.807302231237
18860 0.809330628803
19199 0.811359026369
19402 0.813387423935
19500 0.815415821501
19540 0.817444219067
19617 0.819472616633
19666 0.821501014199
19808 0.823529411765
19836 0.825557809331
19850 0.827586206897
19878 0.829614604462
19895 0.831643002028
20106 0.833671399594
20188 0.83569979716
20198 0.837728194726
20231 0.839756592292
20271 0.841784989858
20414 0.843813387424
21219 0.84584178499
21257 0.847870182556
21294 0.849898580122
21409 0.851926977688
21576 0.853955375254
21642 0.855983772819
21666 0.858012170385
21687 0.860040567951
21705 0.862068965517
21730 0.864097363083
22067 0.866125760649
22115 0.868154158215
22175 0.870182555781
22463 0.872210953347
22717 0.874239350913
22896 0.876267748479
23151 0.878296146045
23431 0.880324543611
23635 0.882352941176
24027 0.884381338742
24250 0.886409736308
24328 0.888438133874
24406 0.89046653144
25137 0.892494929006
25504 0.894523326572
25686 0.896551724138
26063 0.898580121704
26241 0.90060851927
26883 0.902636916836
26923 0.904665314402
27036 0.906693711968
27438 0.908722109533
27582 0.910750507099
27956 0.912778904665
28087 0.914807302231
28104 0.916835699797
28602 0.918864097363
28756 0.920892494929
28841 0.922920892495
29300 0.924949290061
29918 0.926977687627
29930 0.929006085193
30005 0.931034482759
30265 0.933062880325
30319 0.93509127789
30765 0.937119675456
30945 0.939148073022
31263 0.941176470588
32075 0.943204868154
32125 0.94523326572
32909 0.947261663286
33102 0.949290060852
33392 0.951318458418
34040 0.953346855984
34078 0.95537525355
34495 0.957403651116
35051 0.959432048682
36647 0.961460446247
37556 0.963488843813
38658 0.965517241379
39348 0.967545638945
39746 0.969574036511
39780 0.971602434077
42521 0.973630831643
44404 0.975659229209
47623 0.977687626775
48849 0.979716024341
50215 0.981744421907
50279 0.983772819473
50588 0.985801217039
52301 0.987829614604
52452 0.98985801217
53268 0.991886409736
66283 0.993914807302
70390 0.995943204868
71660 0.997971602434
123171 1.0
