32 0.00202429149798
814 0.00404858299595
1089 0.00607287449393
1353 0.0080971659919
1522 0.0101214574899
1566 0.0121457489879
1787 0.0141700404858
2043 0.0161943319838
2265 0.0182186234818
2324 0.0202429149798
2339 0.0222672064777
2359 0.0242914979757
2399 0.0263157894737
2441 0.0283400809717
2528 0.0303643724696
2541 0.0323886639676
2552 0.0344129554656
2570 0.0364372469636
2589 0.0384615384615
2607 0.0404858299595
2619 0.0425101214575
2687 0.0445344129555
2774 0.0465587044534
2791 0.0485829959514
2945 0.0506072874494
3038 0.0526315789474
3072 0.0546558704453
3080 0.0566801619433
3163 0.0587044534413
3339 0.0607287449393
3349 0.0627530364372
3371 0.0647773279352
3469 0.0668016194332
3548 0.0688259109312
3591 0.0708502024291
3621 0.0728744939271
3651 0.0748987854251
3668 0.0769230769231
3682 0.0789473684211
3770 0.080971659919
3816 0.082995951417
3907 0.085020242915
3935 0.087044534413
3944 0.0890688259109
3958 0.0910931174089
3959 0.0931174089069
3992 0.0951417004049
4041 0.0971659919028
4093 0.0991902834008
4122 0.101214574899
4138 0.103238866397
4142 0.105263157895
4153 0.107287449393
4156 0.109311740891
4169 0.111336032389
4223 0.113360323887
4236 0.115384615385
4287 0.117408906883
4308 0.119433198381
4319 0.121457489879
4327 0.123481781377
4329 0.125506072874
4335 0.127530364372
4338 0.12955465587
4347 0.131578947368
4367 0.133603238866
4379 0.135627530364
4381 0.137651821862
4396 0.13967611336
4404 0.141700404858
4463 0.143724696356
4470 0.145748987854
4471 0.147773279352
4482 0.14979757085
4486 0.151821862348
4493 0.153846153846
4498 0.155870445344
4523 0.157894736842
4526 0.15991902834
4581 0.161943319838
4583 0.163967611336
4584 0.165991902834
4601 0.168016194332
4616 0.17004048583
4635 0.172064777328
4685 0.174089068826
4722 0.176113360324
4759 0.178137651822
4761 0.18016194332
4797 0.182186234818
4820 0.184210526316
4851 0.186234817814
4858 0.188259109312
4865 0.19028340081
4889 0.192307692308
4897 0.194331983806
4921 0.196356275304
4935 0.198380566802
4950 0.2004048583
4966 0.202429149798
4973 0.204453441296
5017 0.206477732794
5034 0.208502024291
5046 0.210526315789
5056 0.212550607287
5085 0.214574898785
5103 0.216599190283
5139 0.218623481781
5143 0.220647773279
5177 0.222672064777
5182 0.224696356275
5185 0.226720647773
5187 0.228744939271
5193 0.230769230769
5206 0.232793522267
5213 0.234817813765
5215 0.236842105263
5251 0.238866396761
5279 0.240890688259
5298 0.242914979757
5313 0.244939271255
5315 0.246963562753
5338 0.248987854251
5412 0.251012145749
5421 0.253036437247
5429 0.255060728745
5446 0.257085020243
5447 0.259109311741
5449 0.261133603239
5491 0.263157894737
5503 0.265182186235
5515 0.267206477733
5531 0.269230769231
5535 0.271255060729
5540 0.273279352227
5563 0.275303643725
5596 0.277327935223
5626 0.279352226721
5627 0.281376518219
5643 0.283400809717
5666 0.285425101215
5670 0.287449392713
5683 0.289473684211
5694 0.291497975709
5729 0.293522267206
5761 0.295546558704
5764 0.297570850202
5777 0.2995951417
5794 0.301619433198
5800 0.303643724696
5805 0.305668016194
5834 0.307692307692
5859 0.30971659919
5866 0.311740890688
5867 0.313765182186
5882 0.315789473684
5903 0.317813765182
5907 0.31983805668
5981 0.321862348178
6014 0.323886639676
6061 0.32995951417
6061 0.32995951417
6061 0.32995951417
6088 0.331983805668
6116 0.334008097166
6131 0.336032388664
6160 0.338056680162
6171 0.34008097166
6188 0.342105263158
6197 0.344129554656
6221 0.346153846154
6229 0.348178137652
6271 0.35020242915
6283 0.352226720648
6289 0.354251012146
6296 0.356275303644
6334 0.358299595142
6336 0.362348178138
6336 0.362348178138
6344 0.364372469636
6366 0.366396761134
6377 0.368421052632
6380 0.37044534413
6395 0.372469635628
6448 0.374493927126
6458 0.376518218623
6493 0.378542510121
6498 0.380566801619
6508 0.382591093117
6538 0.384615384615
6566 0.386639676113
6580 0.388663967611
6626 0.390688259109
6640 0.392712550607
6667 0.394736842105
6678 0.396761133603
6686 0.398785425101
6728 0.400809716599
6767 0.402834008097
6779 0.404858299595
6797 0.406882591093
6822 0.408906882591
6832 0.410931174089
6835 0.412955465587
6842 0.414979757085
6843 0.417004048583
6844 0.419028340081
6857 0.421052631579
6870 0.423076923077
6899 0.425101214575
6900 0.427125506073
6913 0.431174089069
6913 0.431174089069
6916 0.433198380567
6926 0.435222672065
6939 0.437246963563
6952 0.439271255061
6972 0.441295546559
6976 0.443319838057
7007 0.445344129555
7071 0.447368421053
7074 0.449392712551
7097 0.451417004049
7111 0.453441295547
7159 0.455465587045
7180 0.457489878543
7226 0.45951417004
7229 0.461538461538
7290 0.463562753036
7306 0.465587044534
7319 0.467611336032
7322 0.46963562753
7366 0.471659919028
7379 0.473684210526
7387 0.475708502024
7396 0.477732793522
7422 0.47975708502
7429 0.481781376518
7431 0.483805668016
7463 0.485829959514
7468 0.487854251012
7483 0.48987854251
7488 0.491902834008
7497 0.493927125506
7542 0.495951417004
7564 0.497975708502
7574 0.5
7584 0.502024291498
7585 0.504048582996
7590 0.506072874494
7596 0.508097165992
7611 0.51012145749
7673 0.512145748988
7675 0.514170040486
7693 0.516194331984
7708 0.518218623482
7721 0.52024291498
7725 0.522267206478
7740 0.524291497976
7741 0.526315789474
7746 0.528340080972
7748 0.53036437247
7756 0.532388663968
7768 0.536437246964
7768 0.536437246964
7783 0.538461538462
7790 0.54048582996
7791 0.542510121457
7831 0.544534412955
7832 0.546558704453
7873 0.548582995951
7878 0.550607287449
7890 0.552631578947
7921 0.554655870445
7948 0.556680161943
7954 0.558704453441
7965 0.560728744939
7973 0.562753036437
7981 0.564777327935
8023 0.566801619433
8068 0.568825910931
8079 0.570850202429
8113 0.572874493927
8117 0.574898785425
8138 0.576923076923
8140 0.578947368421
8191 0.580971659919
8205 0.582995951417
8238 0.585020242915
8256 0.587044534413
8257 0.589068825911
8272 0.591093117409
8290 0.593117408907
8323 0.595141700405
8333 0.597165991903
8352 0.599190283401
8375 0.601214574899
8397 0.603238866397
8409 0.605263157895
8429 0.607287449393
8444 0.609311740891
8453 0.611336032389
8463 0.613360323887
8514 0.615384615385
8548 0.617408906883
8560 0.619433198381
8586 0.621457489879
8598 0.623481781377
8607 0.625506072874
8609 0.627530364372
8632 0.62955465587
8732 0.631578947368
8737 0.633603238866
8741 0.635627530364
8784 0.637651821862
8800 0.63967611336
8819 0.641700404858
8868 0.643724696356
8882 0.645748987854
8971 0.647773279352
8998 0.64979757085
9001 0.651821862348
9020 0.653846153846
9059 0.655870445344
9060 0.657894736842
9062 0.65991902834
9065 0.661943319838
9077 0.663967611336
9079 0.665991902834
9089 0.668016194332
9099 0.67004048583
9142 0.672064777328
9181 0.674089068826
9221 0.676113360324
9391 0.678137651822
9415 0.68016194332
9446 0.682186234818
9464 0.684210526316
9465 0.686234817814
9468 0.688259109312
9526 0.69028340081
9534 0.692307692308
9540 0.694331983806
9553 0.696356275304
9556 0.698380566802
9570 0.7004048583
9583 0.702429149798
9618 0.704453441296
9714 0.706477732794
9734 0.708502024291
9748 0.710526315789
9754 0.712550607287
9762 0.714574898785
9783 0.716599190283
9787 0.718623481781
9792 0.720647773279
9816 0.722672064777
9896 0.724696356275
9897 0.726720647773
9908 0.728744939271
9918 0.730769230769
9923 0.732793522267
9966 0.734817813765
9986 0.736842105263
10000 0.738866396761
10051 0.740890688259
10057 0.742914979757
10069 0.744939271255
10110 0.746963562753
10124 0.748987854251
10175 0.751012145749
10268 0.753036437247
10293 0.755060728745
10296 0.757085020243
10369 0.761133603239
10369 0.761133603239
10405 0.763157894737
10434 0.765182186235
10515 0.767206477733
10583 0.769230769231
10607 0.771255060729
10629 0.775303643725
10629 0.775303643725
10643 0.777327935223
10667 0.779352226721
10685 0.781376518219
10717 0.783400809717
10833 0.785425101215
10865 0.787449392713
10901 0.789473684211
10925 0.791497975709
10945 0.793522267206
10976 0.795546558704
10998 0.797570850202
11023 0.7995951417
11078 0.801619433198
11151 0.803643724696
11164 0.805668016194
11190 0.807692307692
11206 0.80971659919
11243 0.811740890688
11245 0.813765182186
11293 0.815789473684
11306 0.817813765182
11366 0.81983805668
11428 0.821862348178
11484 0.823886639676
11530 0.825910931174
11555 0.827935222672
11656 0.82995951417
11657 0.831983805668
11755 0.834008097166
11766 0.836032388664
11778 0.838056680162
11794 0.84008097166
11801 0.842105263158
11944 0.844129554656
12070 0.848178137652
12070 0.848178137652
12073 0.852226720648
12073 0.852226720648
12113 0.854251012146
12148 0.856275303644
12167 0.858299595142
12300 0.86032388664
12529 0.862348178138
12579 0.864372469636
12663 0.866396761134
12709 0.868421052632
12712 0.87044534413
12771 0.872469635628
12806 0.874493927126
12827 0.876518218623
12829 0.878542510121
12847 0.880566801619
12900 0.882591093117
12905 0.884615384615
12924 0.886639676113
13014 0.888663967611
13059 0.890688259109
13176 0.892712550607
13197 0.894736842105
13405 0.896761133603
13415 0.898785425101
13483 0.900809716599
13538 0.902834008097
13623 0.904858299595
13675 0.906882591093
13687 0.908906882591
14021 0.910931174089
14047 0.912955465587
14065 0.914979757085
14089 0.917004048583
14095 0.919028340081
14285 0.921052631579
14700 0.923076923077
14731 0.925101214575
14895 0.927125506073
14933 0.929149797571
15363 0.931174089069
15456 0.933198380567
15571 0.935222672065
15641 0.937246963563
15704 0.939271255061
16000 0.941295546559
16188 0.943319838057
16337 0.945344129555
16411 0.947368421053
16711 0.949392712551
16712 0.951417004049
16721 0.953441295547
16776 0.955465587045
17322 0.957489878543
17552 0.95951417004
17574 0.961538461538
17739 0.963562753036
17766 0.965587044534
17833 0.967611336032
18440 0.96963562753
18518 0.971659919028
18528 0.973684210526
18577 0.975708502024
18630 0.977732793522
18749 0.97975708502
18871 0.981781376518
19274 0.983805668016
20444 0.985829959514
20898 0.987854251012
21145 0.98987854251
21580 0.991902834008
21922 0.993927125506
27359 0.995951417004
33639 0.997975708502
40237 1.0
