28 0.00202839756592
568 0.00405679513185
1042 0.00608519269777
1090 0.00811359026369
1109 0.0101419878296
1187 0.0121703853955
1315 0.0141987829615
1455 0.0162271805274
1477 0.0182555780933
1902 0.0202839756592
1953 0.0223123732252
2072 0.0243407707911
2119 0.026369168357
2281 0.0283975659229
2449 0.0304259634888
2536 0.0324543610548
2561 0.0344827586207
2686 0.0365111561866
2688 0.0385395537525
2718 0.0405679513185
2876 0.0425963488844
2898 0.0446247464503
2971 0.0466531440162
3050 0.0486815415822
3200 0.0507099391481
3299 0.052738336714
3303 0.0547667342799
3351 0.0567951318458
3444 0.0588235294118
3504 0.0608519269777
3659 0.0628803245436
3743 0.0649087221095
3932 0.0669371196755
3977 0.0689655172414
3993 0.0709939148073
4045 0.0730223123732
4099 0.0750507099391
4301 0.0770791075051
4374 0.079107505071
4442 0.0811359026369
4557 0.0831643002028
4587 0.0851926977688
4591 0.0872210953347
4634 0.0892494929006
4650 0.0912778904665
4667 0.0933062880325
4737 0.0953346855984
4766 0.0973630831643
4813 0.0993914807302
4901 0.101419878296
5325 0.103448275862
5362 0.105476673428
5387 0.107505070994
5422 0.10953346856
5439 0.111561866126
5450 0.113590263692
5501 0.115618661258
5507 0.117647058824
5511 0.119675456389
5537 0.121703853955
5548 0.123732251521
5570 0.125760649087
5587 0.127789046653
5632 0.129817444219
5643 0.131845841785
5661 0.133874239351
5678 0.135902636917
5806 0.137931034483
5860 0.141987829615
5860 0.141987829615
5911 0.144016227181
5935 0.146044624746
5975 0.148073022312
6056 0.150101419878
6065 0.152129817444
6097 0.15415821501
6171 0.156186612576
6252 0.158215010142
6292 0.160243407708
6297 0.162271805274
6305 0.16430020284
6313 0.166328600406
6319 0.168356997972
6322 0.170385395538
6396 0.172413793103
6423 0.174442190669
6497 0.176470588235
6549 0.178498985801
6641 0.180527383367
6646 0.182555780933
6703 0.184584178499
6768 0.186612576065
6827 0.188640973631
6863 0.190669371197
6881 0.192697768763
6953 0.194726166329
7051 0.196754563895
7057 0.19878296146
7087 0.200811359026
7222 0.202839756592
7237 0.204868154158
7469 0.206896551724
7497 0.20892494929
7516 0.210953346856
7566 0.212981744422
7569 0.215010141988
7639 0.217038539554
7661 0.21906693712
7680 0.221095334686
7728 0.223123732252
7731 0.225152129817
7732 0.227180527383
7839 0.229208924949
7900 0.231237322515
7918 0.233265720081
8122 0.235294117647
8128 0.237322515213
8151 0.239350912779
8210 0.241379310345
8229 0.243407707911
8280 0.245436105477
8433 0.247464503043
8454 0.249492900609
8464 0.251521298174
8466 0.25354969574
8504 0.255578093306
8563 0.257606490872
8565 0.259634888438
8575 0.261663286004
8576 0.26369168357
8622 0.265720081136
8675 0.267748478702
8743 0.269776876268
8769 0.2738336714
8769 0.2738336714
8787 0.275862068966
8798 0.277890466531
8799 0.279918864097
8886 0.281947261663
8912 0.283975659229
8947 0.286004056795
8948 0.288032454361
8949 0.290060851927
9013 0.292089249493
9149 0.294117647059
9186 0.296146044625
9197 0.298174442191
9202 0.300202839757
9217 0.302231237323
9234 0.304259634888
9292 0.306288032454
9384 0.30831643002
9432 0.310344827586
9455 0.312373225152
9529 0.314401622718
9601 0.316430020284
9606 0.31845841785
9643 0.320486815416
9668 0.322515212982
9704 0.324543610548
9715 0.326572008114
9766 0.32860040568
9779 0.330628803245
9832 0.332657200811
9880 0.334685598377
9917 0.336713995943
9965 0.338742393509
9999 0.340770791075
10064 0.342799188641
10091 0.344827586207
10173 0.346855983773
10177 0.348884381339
10209 0.350912778905
10269 0.352941176471
10357 0.356997971602
10357 0.356997971602
10396 0.359026369168
10399 0.361054766734
10432 0.3630831643
10498 0.365111561866
10509 0.367139959432
10572 0.369168356998
10577 0.371196754564
10593 0.37322515213
10787 0.375253549696
10830 0.377281947262
10903 0.379310344828
10908 0.381338742394
10941 0.383367139959
10985 0.385395537525
10995 0.387423935091
10998 0.389452332657
11080 0.391480730223
11139 0.393509127789
11140 0.395537525355
11223 0.397565922921
11287 0.399594320487
11306 0.401622718053
11323 0.403651115619
11345 0.405679513185
11427 0.407707910751
11440 0.409736308316
11492 0.411764705882
11498 0.413793103448
11716 0.415821501014
11792 0.41784989858
11986 0.419878296146
12021 0.421906693712
12035 0.423935091278
12064 0.425963488844
12373 0.42799188641
12387 0.430020283976
12433 0.432048681542
12465 0.434077079108
12594 0.436105476673
12620 0.438133874239
12717 0.440162271805
12843 0.442190669371
12861 0.444219066937
12876 0.446247464503
13072 0.448275862069
13124 0.450304259635
13130 0.452332657201
13329 0.454361054767
13366 0.456389452333
13545 0.458417849899
13570 0.460446247465
13671 0.46247464503
13674 0.464503042596
13702 0.466531440162
13723 0.468559837728
13732 0.470588235294
13784 0.47261663286
13845 0.474645030426
14127 0.476673427992
14129 0.478701825558
14183 0.480730223124
14266 0.48275862069
14269 0.484787018256
14271 0.486815415822
14277 0.488843813387
14312 0.490872210953
14777 0.492900608519
14778 0.494929006085
14988 0.496957403651
15056 0.498985801217
15112 0.501014198783
15187 0.503042596349
15347 0.505070993915
15498 0.507099391481
15508 0.509127789047
15540 0.511156186613
15601 0.513184584178
15697 0.515212981744
15751 0.51724137931
15820 0.519269776876
15875 0.521298174442
15931 0.523326572008
15987 0.525354969574
16070 0.52738336714
16086 0.529411764706
16100 0.531440162272
16461 0.533468559838
16545 0.535496957404
16556 0.53752535497
16620 0.539553752535
16690 0.541582150101
16894 0.543610547667
16977 0.545638945233
16985 0.547667342799
17098 0.549695740365
17442 0.551724137931
17680 0.553752535497
17836 0.555780933063
17838 0.557809330629
17850 0.559837728195
17877 0.561866125761
17959 0.563894523327
18163 0.565922920892
18243 0.567951318458
18322 0.569979716024
18552 0.57200811359
18799 0.574036511156
18880 0.576064908722
18909 0.578093306288
18919 0.580121703854
19098 0.58215010142
19196 0.584178498986
19485 0.586206896552
19614 0.588235294118
19734 0.590263691684
19847 0.592292089249
19919 0.594320486815
19934 0.596348884381
20006 0.598377281947
20029 0.600405679513
20216 0.602434077079
20303 0.604462474645
20528 0.606490872211
20684 0.608519269777
20926 0.610547667343
20947 0.612576064909
20982 0.614604462475
21174 0.616632860041
21339 0.618661257606
21798 0.620689655172
22007 0.622718052738
22247 0.624746450304
22506 0.62677484787
22952 0.628803245436
23020 0.630831643002
23222 0.632860040568
23320 0.634888438134
23326 0.6369168357
23567 0.638945233266
23587 0.640973630832
23838 0.643002028398
23994 0.645030425963
24088 0.647058823529
24177 0.649087221095
24586 0.651115618661
24876 0.653144016227
24877 0.655172413793
24923 0.657200811359
25340 0.659229208925
25576 0.661257606491
25596 0.663286004057
25655 0.665314401623
25794 0.667342799189
26029 0.669371196755
26213 0.67139959432
26453 0.673427991886
26470 0.675456389452
26477 0.677484787018
26701 0.679513184584
26906 0.68154158215
27193 0.683569979716
27222 0.685598377282
27403 0.687626774848
27465 0.689655172414
27520 0.69168356998
27556 0.693711967546
27602 0.695740365112
27915 0.697768762677
28267 0.699797160243
28320 0.701825557809
28453 0.703853955375
28517 0.705882352941
28572 0.707910750507
28645 0.709939148073
29098 0.711967545639
29183 0.713995943205
29495 0.716024340771
29636 0.718052738337
30177 0.720081135903
31018 0.722109533469
31111 0.724137931034
31170 0.7261663286
31337 0.728194726166
31633 0.730223123732
31730 0.732251521298
32133 0.734279918864
32216 0.73630831643
32759 0.738336713996
32799 0.740365111562
33106 0.742393509128
33179 0.744421906694
33356 0.74645030426
33400 0.748478701826
33817 0.750507099391
33905 0.752535496957
34148 0.754563894523
34779 0.756592292089
34871 0.758620689655
35206 0.760649087221
37122 0.762677484787
37262 0.764705882353
37657 0.766734279919
37930 0.768762677485
37952 0.770791075051
39987 0.772819472617
40322 0.774847870183
40547 0.776876267748
40787 0.778904665314
40849 0.78093306288
41175 0.782961460446
41275 0.784989858012
41348 0.787018255578
41446 0.789046653144
41476 0.79107505071
42012 0.793103448276
42345 0.795131845842
42891 0.797160243408
42967 0.799188640974
43858 0.80121703854
44345 0.803245436105
44588 0.805273833671
44989 0.807302231237
45451 0.809330628803
45673 0.811359026369
45969 0.813387423935
46866 0.815415821501
46968 0.817444219067
47036 0.819472616633
47480 0.821501014199
48354 0.823529411765
48807 0.825557809331
49115 0.827586206897
49402 0.829614604462
49498 0.831643002028
49896 0.833671399594
50036 0.83569979716
50045 0.837728194726
50102 0.839756592292
50543 0.841784989858
50844 0.843813387424
50878 0.84584178499
50890 0.847870182556
50922 0.849898580122
50923 0.851926977688
51055 0.853955375254
51093 0.855983772819
51469 0.858012170385
51624 0.860040567951
51920 0.862068965517
52351 0.864097363083
52825 0.866125760649
53407 0.868154158215
53602 0.870182555781
53972 0.872210953347
54039 0.874239350913
54795 0.876267748479
54828 0.878296146045
55398 0.880324543611
57002 0.882352941176
57057 0.884381338742
57333 0.886409736308
59535 0.888438133874
59881 0.89046653144
62056 0.892494929006
62742 0.894523326572
63360 0.896551724138
64370 0.898580121704
65114 0.90060851927
66715 0.902636916836
68202 0.904665314402
68956 0.906693711968
70166 0.908722109533
71778 0.910750507099
71919 0.912778904665
73316 0.914807302231
73364 0.916835699797
75242 0.918864097363
77505 0.920892494929
79217 0.922920892495
79726 0.924949290061
82272 0.926977687627
82398 0.929006085193
83185 0.931034482759
83818 0.933062880325
83829 0.93509127789
84134 0.937119675456
84675 0.939148073022
86625 0.941176470588
87837 0.943204868154
89651 0.94523326572
89752 0.947261663286
90686 0.949290060852
91644 0.951318458418
92146 0.953346855984
92388 0.95537525355
92877 0.957403651116
93058 0.959432048682
93391 0.961460446247
94440 0.963488843813
95673 0.965517241379
96143 0.967545638945
96390 0.969574036511
103443 0.971602434077
104871 0.973630831643
109278 0.975659229209
111262 0.977687626775
115535 0.979716024341
125258 0.981744421907
128197 0.983772819473
129528 0.985801217039
139556 0.987829614604
141846 0.98985801217
149500 0.991886409736
160362 0.993914807302
168323 0.995943204868
180539 0.997971602434
255324 1.0
