33 0.00202429149798
730 0.00404858299595
971 0.00607287449393
1166 0.0080971659919
1368 0.0101214574899
1386 0.0121457489879
1576 0.0141700404858
1822 0.0161943319838
2020 0.0182186234818
2062 0.0202429149798
2064 0.0222672064777
2101 0.0242914979757
2139 0.0263157894737
2183 0.0283400809717
2243 0.0303643724696
2250 0.0323886639676
2264 0.0344129554656
2273 0.0364372469636
2274 0.0384615384615
2284 0.0404858299595
2287 0.0425101214575
2352 0.0445344129555
2458 0.0465587044534
2461 0.0485829959514
2466 0.0506072874494
2674 0.0526315789474
2706 0.0546558704453
2749 0.0566801619433
2829 0.0587044534413
2958 0.0607287449393
2983 0.0627530364372
2990 0.0647773279352
3156 0.0668016194332
3163 0.0688259109312
3171 0.0708502024291
3230 0.0728744939271
3234 0.0748987854251
3287 0.0769230769231
3317 0.0789473684211
3460 0.080971659919
3488 0.082995951417
3512 0.085020242915
3517 0.087044534413
3532 0.0890688259109
3538 0.0910931174089
3589 0.0931174089069
3617 0.0951417004049
3619 0.0971659919028
3649 0.0991902834008
3661 0.101214574899
3664 0.103238866397
3684 0.105263157895
3725 0.107287449393
3789 0.109311740891
3805 0.111336032389
3807 0.113360323887
3813 0.115384615385
3817 0.117408906883
3829 0.121457489879
3829 0.121457489879
3839 0.123481781377
3859 0.125506072874
3861 0.127530364372
3872 0.12955465587
3880 0.131578947368
3887 0.133603238866
3899 0.135627530364
3913 0.13967611336
3913 0.13967611336
3928 0.141700404858
3933 0.143724696356
3942 0.145748987854
3947 0.147773279352
3965 0.14979757085
3979 0.151821862348
3980 0.153846153846
4008 0.155870445344
4012 0.157894736842
4021 0.15991902834
4038 0.161943319838
4056 0.163967611336
4064 0.165991902834
4073 0.168016194332
4092 0.17004048583
4093 0.172064777328
4105 0.176113360324
4105 0.176113360324
4147 0.178137651822
4150 0.18016194332
4166 0.182186234818
4185 0.184210526316
4205 0.186234817814
4231 0.188259109312
4258 0.19028340081
4318 0.192307692308
4319 0.194331983806
4340 0.196356275304
4362 0.198380566802
4373 0.2004048583
4382 0.202429149798
4397 0.204453441296
4437 0.206477732794
4459 0.208502024291
4471 0.210526315789
4481 0.212550607287
4530 0.214574898785
4567 0.216599190283
4569 0.218623481781
4589 0.220647773279
4615 0.222672064777
4617 0.224696356275
4620 0.226720647773
4621 0.228744939271
4641 0.230769230769
4642 0.234817813765
4642 0.234817813765
4647 0.236842105263
4655 0.238866396761
4658 0.240890688259
4666 0.242914979757
4714 0.244939271255
4715 0.246963562753
4719 0.248987854251
4761 0.251012145749
4785 0.253036437247
4799 0.255060728745
4831 0.257085020243
4860 0.259109311741
4864 0.261133603239
4885 0.263157894737
4892 0.267206477733
4892 0.267206477733
4893 0.269230769231
4904 0.271255060729
4935 0.273279352227
4944 0.275303643725
4952 0.277327935223
4959 0.279352226721
4984 0.281376518219
5023 0.283400809717
5030 0.285425101215
5031 0.287449392713
5085 0.289473684211
5098 0.291497975709
5140 0.293522267206
5172 0.295546558704
5183 0.297570850202
5204 0.2995951417
5243 0.301619433198
5284 0.303643724696
5287 0.305668016194
5311 0.307692307692
5314 0.30971659919
5317 0.313765182186
5317 0.313765182186
5329 0.315789473684
5334 0.317813765182
5357 0.31983805668
5372 0.321862348178
5384 0.323886639676
5404 0.325910931174
5410 0.327935222672
5424 0.32995951417
5429 0.331983805668
5430 0.334008097166
5457 0.336032388664
5458 0.338056680162
5468 0.34008097166
5486 0.342105263158
5533 0.344129554656
5546 0.346153846154
5548 0.348178137652
5554 0.35020242915
5575 0.352226720648
5589 0.354251012146
5596 0.356275303644
5621 0.358299595142
5652 0.36032388664
5657 0.362348178138
5665 0.364372469636
5671 0.366396761134
5722 0.368421052632
5727 0.37044534413
5737 0.372469635628
5767 0.374493927126
5771 0.376518218623
5805 0.378542510121
5809 0.380566801619
5843 0.382591093117
5846 0.384615384615
5869 0.386639676113
5917 0.388663967611
5942 0.390688259109
5949 0.392712550607
5963 0.394736842105
5992 0.396761133603
5996 0.400809716599
5996 0.400809716599
6014 0.402834008097
6020 0.404858299595
6032 0.406882591093
6050 0.408906882591
6051 0.410931174089
6066 0.412955465587
6077 0.414979757085
6091 0.417004048583
6102 0.419028340081
6120 0.421052631579
6123 0.423076923077
6140 0.425101214575
6142 0.427125506073
6174 0.429149797571
6178 0.431174089069
6200 0.433198380567
6221 0.435222672065
6230 0.437246963563
6240 0.439271255061
6264 0.441295546559
6279 0.443319838057
6299 0.445344129555
6301 0.447368421053
6315 0.449392712551
6357 0.451417004049
6382 0.453441295547
6386 0.455465587045
6414 0.457489878543
6427 0.45951417004
6446 0.461538461538
6457 0.463562753036
6465 0.465587044534
6470 0.467611336032
6482 0.46963562753
6507 0.473684210526
6507 0.473684210526
6510 0.475708502024
6524 0.477732793522
6527 0.47975708502
6553 0.481781376518
6567 0.483805668016
6579 0.485829959514
6613 0.487854251012
6628 0.48987854251
6629 0.491902834008
6645 0.493927125506
6670 0.495951417004
6675 0.497975708502
6683 0.5
6706 0.502024291498
6743 0.504048582996
6750 0.506072874494
6757 0.508097165992
6764 0.51012145749
6769 0.512145748988
6772 0.514170040486
6774 0.516194331984
6792 0.518218623482
6793 0.52024291498
6796 0.522267206478
6817 0.524291497976
6824 0.526315789474
6830 0.528340080972
6833 0.53036437247
6863 0.532388663968
6869 0.534412955466
6912 0.536437246964
6923 0.538461538462
6929 0.54048582996
6934 0.542510121457
6993 0.544534412955
6997 0.546558704453
7014 0.548582995951
7024 0.550607287449
7029 0.554655870445
7029 0.554655870445
7044 0.556680161943
7111 0.558704453441
7163 0.560728744939
7170 0.562753036437
7199 0.564777327935
7206 0.566801619433
7208 0.568825910931
7226 0.570850202429
7247 0.572874493927
7262 0.574898785425
7266 0.576923076923
7272 0.578947368421
7293 0.580971659919
7313 0.582995951417
7325 0.585020242915
7343 0.591093117409
7343 0.591093117409
7343 0.591093117409
7354 0.593117408907
7355 0.595141700405
7369 0.597165991903
7389 0.599190283401
7408 0.601214574899
7424 0.603238866397
7462 0.605263157895
7477 0.607287449393
7484 0.609311740891
7486 0.611336032389
7500 0.613360323887
7505 0.615384615385
7511 0.617408906883
7520 0.619433198381
7559 0.621457489879
7586 0.623481781377
7647 0.625506072874
7655 0.627530364372
7657 0.62955465587
7670 0.631578947368
7673 0.633603238866
7693 0.635627530364
7697 0.637651821862
7720 0.63967611336
7748 0.641700404858
7752 0.643724696356
7757 0.645748987854
7889 0.647773279352
7896 0.64979757085
7943 0.651821862348
7948 0.653846153846
7950 0.655870445344
7951 0.657894736842
7973 0.65991902834
7988 0.661943319838
8034 0.663967611336
8054 0.665991902834
8075 0.67004048583
8075 0.67004048583
8086 0.672064777328
8105 0.674089068826
8167 0.676113360324
8177 0.678137651822
8197 0.68016194332
8272 0.682186234818
8397 0.684210526316
8427 0.686234817814
8435 0.69028340081
8435 0.69028340081
8440 0.692307692308
8458 0.694331983806
8480 0.696356275304
8536 0.698380566802
8556 0.7004048583
8558 0.702429149798
8567 0.704453441296
8569 0.708502024291
8569 0.708502024291
8599 0.710526315789
8601 0.712550607287
8607 0.714574898785
8633 0.716599190283
8634 0.718623481781
8664 0.720647773279
8688 0.722672064777
8701 0.724696356275
8722 0.726720647773
8745 0.728744939271
8775 0.730769230769
8800 0.732793522267
8842 0.734817813765
8858 0.736842105263
8903 0.738866396761
8935 0.740890688259
9048 0.742914979757
9053 0.744939271255
9072 0.746963562753
9090 0.748987854251
9096 0.751012145749
9157 0.753036437247
9192 0.755060728745
9199 0.757085020243
9204 0.759109311741
9233 0.761133603239
9267 0.763157894737
9314 0.765182186235
9337 0.767206477733
9363 0.769230769231
9384 0.771255060729
9396 0.773279352227
9401 0.775303643725
9431 0.777327935223
9470 0.779352226721
9516 0.781376518219
9527 0.783400809717
9528 0.785425101215
9545 0.787449392713
9578 0.789473684211
9646 0.791497975709
9657 0.793522267206
9748 0.795546558704
9759 0.797570850202
9764 0.7995951417
9822 0.801619433198
9828 0.803643724696
9863 0.805668016194
9911 0.807692307692
10030 0.80971659919
10107 0.811740890688
10121 0.813765182186
10209 0.815789473684
10256 0.817813765182
10258 0.81983805668
10293 0.821862348178
10319 0.823886639676
10331 0.825910931174
10350 0.827935222672
10376 0.82995951417
10470 0.831983805668
10480 0.834008097166
10502 0.836032388664
10551 0.838056680162
10587 0.84008097166
10639 0.842105263158
10660 0.844129554656
10736 0.846153846154
10769 0.848178137652
10779 0.85020242915
10813 0.852226720648
10906 0.854251012146
10959 0.856275303644
11039 0.858299595142
11073 0.86032388664
11079 0.862348178138
11095 0.864372469636
11102 0.866396761134
11159 0.868421052632
11197 0.87044534413
11198 0.872469635628
11204 0.874493927126
11206 0.876518218623
11338 0.878542510121
11351 0.880566801619
11383 0.882591093117
11385 0.884615384615
11399 0.886639676113
11464 0.888663967611
11527 0.890688259109
11549 0.892712550607
11567 0.894736842105
11814 0.896761133603
11864 0.898785425101
11935 0.900809716599
12095 0.902834008097
12114 0.904858299595
12237 0.906882591093
12256 0.908906882591
12296 0.910931174089
12417 0.912955465587
12535 0.914979757085
12606 0.917004048583
12622 0.919028340081
12700 0.921052631579
12944 0.923076923077
13039 0.925101214575
13162 0.927125506073
13176 0.929149797571
13261 0.931174089069
13626 0.933198380567
13669 0.935222672065
13797 0.937246963563
13952 0.939271255061
13985 0.941295546559
14130 0.943319838057
14209 0.945344129555
14400 0.947368421053
14420 0.949392712551
14566 0.951417004049
14735 0.953441295547
14786 0.955465587045
15091 0.957489878543
15442 0.95951417004
15502 0.961538461538
15517 0.963562753036
15578 0.965587044534
15767 0.967611336032
16330 0.96963562753
16453 0.971659919028
16532 0.973684210526
16789 0.975708502024
16860 0.977732793522
16980 0.97975708502
17207 0.981781376518
17761 0.983805668016
17925 0.985829959514
18574 0.987854251012
18946 0.98987854251
19127 0.991902834008
20028 0.993927125506
24249 0.995951417004
29929 0.997975708502
37346 1.0
