34 0.00202429149798
542 0.00404858299595
775 0.00607287449393
889 0.0080971659919
1023 0.0101214574899
1075 0.0121457489879
1163 0.0141700404858
1393 0.0161943319838
1578 0.0182186234818
1749 0.0202429149798
1861 0.0222672064777
1871 0.0242914979757
1902 0.0263157894737
1909 0.0283400809717
1912 0.0303643724696
2062 0.0323886639676
2111 0.0344129554656
2327 0.0364372469636
2405 0.0384615384615
2480 0.0404858299595
2518 0.0425101214575
2584 0.0445344129555
2644 0.0465587044534
2749 0.0485829959514
2775 0.0506072874494
2801 0.0526315789474
2810 0.0546558704453
2862 0.0566801619433
2930 0.0587044534413
2931 0.0607287449393
3199 0.0627530364372
3224 0.0647773279352
3232 0.0668016194332
3248 0.0688259109312
3253 0.0708502024291
3430 0.0728744939271
3488 0.0748987854251
3525 0.0769230769231
3545 0.0789473684211
3549 0.080971659919
3611 0.082995951417
3636 0.087044534413
3636 0.087044534413
3638 0.0890688259109
3644 0.0910931174089
3651 0.0931174089069
3683 0.0951417004049
3758 0.0971659919028
3784 0.0991902834008
3895 0.101214574899
3958 0.103238866397
3975 0.105263157895
4018 0.107287449393
4085 0.109311740891
4120 0.111336032389
4201 0.113360323887
4204 0.115384615385
4255 0.117408906883
4256 0.119433198381
4275 0.121457489879
4291 0.123481781377
4292 0.125506072874
4309 0.127530364372
4337 0.12955465587
4364 0.131578947368
4391 0.133603238866
4397 0.135627530364
4446 0.137651821862
4459 0.13967611336
4461 0.141700404858
4481 0.143724696356
4523 0.145748987854
4527 0.147773279352
4539 0.14979757085
4540 0.151821862348
4543 0.153846153846
4603 0.155870445344
4633 0.157894736842
4663 0.15991902834
4682 0.161943319838
4718 0.163967611336
4735 0.165991902834
4738 0.168016194332
4822 0.17004048583
4937 0.172064777328
4949 0.174089068826
4969 0.176113360324
5010 0.178137651822
5079 0.18016194332
5114 0.182186234818
5143 0.184210526316
5144 0.186234817814
5157 0.188259109312
5159 0.19028340081
5207 0.192307692308
5251 0.194331983806
5263 0.196356275304
5297 0.198380566802
5311 0.2004048583
5385 0.202429149798
5409 0.204453441296
5413 0.206477732794
5415 0.208502024291
5419 0.210526315789
5433 0.212550607287
5443 0.214574898785
5459 0.216599190283
5503 0.218623481781
5512 0.220647773279
5531 0.222672064777
5600 0.224696356275
5605 0.226720647773
5611 0.228744939271
5639 0.230769230769
5681 0.232793522267
5785 0.234817813765
5800 0.236842105263
5842 0.238866396761
5885 0.240890688259
5930 0.242914979757
5934 0.244939271255
5939 0.246963562753
5947 0.248987854251
5966 0.251012145749
5983 0.253036437247
5987 0.255060728745
5993 0.257085020243
6007 0.259109311741
6012 0.261133603239
6013 0.263157894737
6021 0.265182186235
6033 0.267206477733
6044 0.269230769231
6046 0.271255060729
6052 0.273279352227
6059 0.275303643725
6067 0.277327935223
6076 0.279352226721
6095 0.281376518219
6115 0.283400809717
6179 0.285425101215
6180 0.287449392713
6204 0.289473684211
6221 0.291497975709
6232 0.293522267206
6268 0.295546558704
6284 0.297570850202
6288 0.2995951417
6306 0.301619433198
6323 0.303643724696
6326 0.305668016194
6340 0.307692307692
6356 0.30971659919
6382 0.311740890688
6450 0.313765182186
6543 0.315789473684
6592 0.317813765182
6608 0.31983805668
6610 0.321862348178
6617 0.323886639676
6650 0.325910931174
6703 0.327935222672
6721 0.32995951417
6730 0.331983805668
6767 0.334008097166
6814 0.336032388664
6851 0.338056680162
6857 0.34008097166
6866 0.342105263158
6918 0.344129554656
7025 0.346153846154
7028 0.348178137652
7039 0.35020242915
7063 0.352226720648
7064 0.354251012146
7192 0.356275303644
7232 0.358299595142
7248 0.36032388664
7256 0.362348178138
7314 0.364372469636
7329 0.366396761134
7352 0.368421052632
7353 0.37044534413
7382 0.372469635628
7410 0.374493927126
7426 0.376518218623
7444 0.378542510121
7447 0.380566801619
7472 0.382591093117
7529 0.384615384615
7538 0.386639676113
7545 0.388663967611
7603 0.390688259109
7677 0.392712550607
7722 0.394736842105
7797 0.396761133603
7821 0.398785425101
7823 0.400809716599
7828 0.402834008097
7865 0.404858299595
7919 0.406882591093
7936 0.408906882591
7947 0.410931174089
7967 0.412955465587
7980 0.414979757085
7981 0.417004048583
8005 0.419028340081
8053 0.421052631579
8103 0.423076923077
8187 0.425101214575
8228 0.427125506073
8231 0.429149797571
8244 0.431174089069
8293 0.433198380567
8317 0.435222672065
8345 0.437246963563
8350 0.439271255061
8355 0.441295546559
8357 0.443319838057
8457 0.445344129555
8499 0.447368421053
8539 0.449392712551
8557 0.451417004049
8564 0.453441295547
8587 0.455465587045
8686 0.457489878543
8692 0.45951417004
8709 0.461538461538
8710 0.463562753036
8719 0.465587044534
8720 0.467611336032
8838 0.46963562753
8844 0.471659919028
8862 0.473684210526
8878 0.475708502024
8902 0.477732793522
8927 0.47975708502
9020 0.481781376518
9034 0.483805668016
9183 0.485829959514
9204 0.487854251012
9220 0.48987854251
9234 0.491902834008
9252 0.493927125506
9257 0.495951417004
9261 0.497975708502
9320 0.5
9325 0.504048582996
9325 0.504048582996
9329 0.506072874494
9445 0.508097165992
9479 0.51012145749
9481 0.512145748988
9528 0.514170040486
9535 0.516194331984
9591 0.518218623482
9648 0.52024291498
9651 0.522267206478
9663 0.524291497976
9665 0.526315789474
9793 0.528340080972
9798 0.53036437247
9828 0.532388663968
9914 0.534412955466
9971 0.536437246964
9989 0.538461538462
10135 0.54048582996
10166 0.542510121457
10190 0.544534412955
10270 0.546558704453
10302 0.548582995951
10381 0.550607287449
10396 0.552631578947
10507 0.554655870445
10554 0.556680161943
10653 0.558704453441
10759 0.560728744939
10760 0.562753036437
10784 0.564777327935
10802 0.566801619433
10998 0.568825910931
11006 0.570850202429
11023 0.572874493927
11073 0.574898785425
11090 0.576923076923
11094 0.578947368421
11125 0.580971659919
11135 0.582995951417
11145 0.585020242915
11146 0.587044534413
11157 0.589068825911
11325 0.591093117409
11443 0.593117408907
11459 0.595141700405
11483 0.597165991903
11583 0.599190283401
11595 0.603238866397
11595 0.603238866397
11607 0.605263157895
11645 0.607287449393
11663 0.609311740891
11687 0.611336032389
11733 0.613360323887
11747 0.615384615385
11801 0.617408906883
11882 0.619433198381
11922 0.621457489879
11946 0.623481781377
11985 0.625506072874
11987 0.627530364372
12125 0.62955465587
12157 0.631578947368
12229 0.633603238866
12241 0.635627530364
12262 0.637651821862
12383 0.63967611336
12411 0.641700404858
12463 0.643724696356
12481 0.645748987854
12493 0.647773279352
12548 0.64979757085
12597 0.651821862348
12680 0.653846153846
12718 0.655870445344
12758 0.657894736842
12838 0.65991902834
12891 0.661943319838
13132 0.663967611336
13148 0.665991902834
13158 0.668016194332
13203 0.67004048583
13279 0.672064777328
13294 0.674089068826
13317 0.676113360324
13319 0.678137651822
13567 0.68016194332
13675 0.682186234818
13684 0.684210526316
13713 0.686234817814
13820 0.688259109312
13831 0.69028340081
13892 0.692307692308
13933 0.694331983806
13976 0.696356275304
14052 0.698380566802
14054 0.7004048583
14100 0.702429149798
14115 0.704453441296
14136 0.706477732794
14140 0.708502024291
14328 0.710526315789
14402 0.712550607287
14407 0.714574898785
14408 0.716599190283
14471 0.718623481781
14538 0.720647773279
14607 0.722672064777
14613 0.724696356275
14637 0.726720647773
14770 0.728744939271
14787 0.730769230769
14828 0.732793522267
14873 0.734817813765
14902 0.736842105263
14903 0.738866396761
14933 0.740890688259
14950 0.742914979757
15034 0.744939271255
15086 0.746963562753
15121 0.748987854251
15340 0.751012145749
15370 0.753036437247
15451 0.755060728745
15482 0.757085020243
15580 0.759109311741
15629 0.761133603239
15812 0.763157894737
15874 0.765182186235
16022 0.767206477733
16170 0.769230769231
16305 0.771255060729
16333 0.773279352227
16669 0.775303643725
16831 0.777327935223
16925 0.779352226721
16943 0.781376518219
16994 0.783400809717
17076 0.785425101215
17150 0.787449392713
17175 0.789473684211
17207 0.791497975709
17291 0.793522267206
17426 0.795546558704
17466 0.797570850202
17596 0.7995951417
17688 0.801619433198
17801 0.803643724696
17908 0.805668016194
17960 0.807692307692
17979 0.80971659919
17996 0.811740890688
18000 0.813765182186
18041 0.815789473684
18163 0.817813765182
18180 0.81983805668
18511 0.821862348178
18607 0.823886639676
18648 0.825910931174
19132 0.827935222672
19291 0.82995951417
19407 0.831983805668
19481 0.836032388664
19481 0.836032388664
19838 0.838056680162
19873 0.84008097166
19985 0.842105263158
20096 0.844129554656
20241 0.846153846154
20251 0.848178137652
20257 0.85020242915
20749 0.852226720648
20838 0.854251012146
21413 0.856275303644
21773 0.858299595142
21787 0.86032388664
22034 0.862348178138
22046 0.864372469636
22136 0.866396761134
22531 0.868421052632
22747 0.87044534413
22949 0.872469635628
23002 0.874493927126
23076 0.876518218623
23590 0.878542510121
23654 0.880566801619
23708 0.882591093117
24239 0.884615384615
24393 0.886639676113
25141 0.888663967611
25835 0.890688259109
26013 0.892712550607
26061 0.894736842105
26440 0.896761133603
26860 0.898785425101
27588 0.900809716599
27787 0.902834008097
27840 0.904858299595
27931 0.906882591093
28005 0.908906882591
28759 0.910931174089
29906 0.912955465587
29978 0.914979757085
30229 0.917004048583
31098 0.919028340081
31611 0.921052631579
32871 0.923076923077
32935 0.925101214575
32938 0.927125506073
33998 0.929149797571
34262 0.931174089069
36732 0.933198380567
37799 0.935222672065
38344 0.937246963563
39303 0.939271255061
39596 0.941295546559
39951 0.943319838057
40218 0.945344129555
40324 0.947368421053
42692 0.949392712551
43216 0.951417004049
44021 0.953441295547
44299 0.955465587045
45782 0.957489878543
46384 0.95951417004
47259 0.961538461538
47365 0.963562753036
49840 0.965587044534
50166 0.967611336032
50822 0.96963562753
53912 0.971659919028
56744 0.973684210526
57091 0.975708502024
61348 0.977732793522
62800 0.97975708502
65347 0.981781376518
67293 0.983805668016
69522 0.985829959514
69730 0.987854251012
69991 0.98987854251
76024 0.991902834008
78692 0.993927125506
80970 0.995951417004
88865 0.997975708502
93434 1.0
