32 0.00202839756592
938 0.00405679513185
1320 0.00608519269777
1513 0.00811359026369
1824 0.0101419878296
1848 0.0121703853955
2055 0.0141987829615
2379 0.0162271805274
2715 0.0182555780933
2775 0.0202839756592
2842 0.0223123732252
2848 0.0243407707911
2879 0.026369168357
3048 0.0283975659229
3050 0.0304259634888
3052 0.0324543610548
3055 0.0344827586207
3126 0.0365111561866
3264 0.0385395537525
3336 0.0405679513185
3387 0.0425963488844
3574 0.0446247464503
3645 0.0466531440162
3669 0.0486815415822
3693 0.0507099391481
3940 0.052738336714
4092 0.0547667342799
4120 0.0567951318458
4123 0.0588235294118
4193 0.0608519269777
4194 0.0628803245436
4412 0.0649087221095
4511 0.0669371196755
4621 0.0689655172414
4906 0.0709939148073
4911 0.0730223123732
4989 0.0750507099391
5114 0.0770791075051
5155 0.079107505071
5205 0.0811359026369
5252 0.0831643002028
5305 0.0851926977688
5321 0.0872210953347
5326 0.0892494929006
5364 0.0912778904665
5389 0.0933062880325
5411 0.0953346855984
5426 0.0973630831643
5463 0.0993914807302
5505 0.101419878296
5626 0.103448275862
5639 0.105476673428
5646 0.107505070994
5665 0.10953346856
5670 0.111561866126
5717 0.113590263692
5732 0.115618661258
5794 0.117647058824
5798 0.119675456389
5810 0.121703853955
5980 0.123732251521
5983 0.125760649087
6081 0.127789046653
6088 0.129817444219
6133 0.131845841785
6134 0.133874239351
6150 0.135902636917
6185 0.137931034483
6219 0.139959432049
6393 0.141987829615
6399 0.144016227181
6411 0.146044624746
6429 0.148073022312
6441 0.150101419878
6445 0.152129817444
6503 0.15415821501
6524 0.156186612576
6598 0.158215010142
6701 0.160243407708
6714 0.162271805274
6726 0.16430020284
6759 0.166328600406
6764 0.168356997972
6853 0.170385395538
6965 0.172413793103
7030 0.174442190669
7059 0.176470588235
7086 0.178498985801
7087 0.180527383367
7138 0.182555780933
7157 0.184584178499
7177 0.186612576065
7184 0.188640973631
7204 0.190669371197
7222 0.192697768763
7223 0.194726166329
7249 0.196754563895
7274 0.19878296146
7309 0.200811359026
7348 0.202839756592
7357 0.204868154158
7431 0.206896551724
7432 0.20892494929
7444 0.210953346856
7480 0.212981744422
7484 0.215010141988
7503 0.217038539554
7578 0.21906693712
7648 0.221095334686
7676 0.223123732252
7735 0.225152129817
7747 0.227180527383
7751 0.229208924949
7825 0.231237322515
7856 0.233265720081
7866 0.235294117647
7911 0.237322515213
7918 0.239350912779
7922 0.241379310345
7933 0.243407707911
7953 0.245436105477
7954 0.247464503043
7978 0.249492900609
8130 0.251521298174
8150 0.25354969574
8163 0.255578093306
8167 0.257606490872
8172 0.259634888438
8189 0.261663286004
8217 0.26369168357
8320 0.265720081136
8322 0.267748478702
8331 0.269776876268
8423 0.271805273834
8436 0.2738336714
8528 0.275862068966
8539 0.277890466531
8597 0.279918864097
8612 0.281947261663
8621 0.283975659229
8698 0.286004056795
8766 0.288032454361
8780 0.290060851927
8787 0.292089249493
8815 0.294117647059
8825 0.296146044625
8829 0.298174442191
8860 0.300202839757
8926 0.302231237323
8934 0.304259634888
8941 0.306288032454
8959 0.30831643002
8997 0.310344827586
9002 0.312373225152
9018 0.314401622718
9022 0.316430020284
9025 0.31845841785
9032 0.320486815416
9040 0.322515212982
9056 0.324543610548
9136 0.326572008114
9157 0.32860040568
9188 0.330628803245
9229 0.332657200811
9282 0.334685598377
9283 0.336713995943
9284 0.338742393509
9305 0.340770791075
9309 0.342799188641
9355 0.346855983773
9355 0.346855983773
9386 0.348884381339
9407 0.350912778905
9422 0.352941176471
9423 0.354969574037
9491 0.356997971602
9519 0.359026369168
9523 0.361054766734
9536 0.3630831643
9544 0.365111561866
9547 0.367139959432
9557 0.369168356998
9585 0.371196754564
9599 0.37322515213
9613 0.375253549696
9664 0.377281947262
9722 0.379310344828
9735 0.381338742394
9757 0.383367139959
9824 0.385395537525
9829 0.387423935091
9858 0.389452332657
9861 0.391480730223
9866 0.393509127789
9898 0.395537525355
9928 0.397565922921
9932 0.399594320487
9950 0.401622718053
9965 0.403651115619
9974 0.405679513185
9979 0.407707910751
9995 0.409736308316
10013 0.411764705882
10050 0.413793103448
10075 0.415821501014
10099 0.41784989858
10106 0.421906693712
10106 0.421906693712
10127 0.423935091278
10128 0.425963488844
10181 0.42799188641
10200 0.430020283976
10202 0.432048681542
10217 0.434077079108
10218 0.436105476673
10245 0.438133874239
10256 0.440162271805
10279 0.442190669371
10287 0.444219066937
10383 0.446247464503
10387 0.448275862069
10409 0.450304259635
10426 0.452332657201
10466 0.454361054767
10469 0.456389452333
10472 0.458417849899
10538 0.460446247465
10585 0.46247464503
10615 0.464503042596
10794 0.466531440162
10847 0.468559837728
10879 0.470588235294
10893 0.47261663286
11031 0.474645030426
11034 0.476673427992
11056 0.478701825558
11095 0.480730223124
11098 0.48275862069
11156 0.484787018256
11167 0.486815415822
11217 0.488843813387
11272 0.490872210953
11280 0.492900608519
11298 0.494929006085
11303 0.496957403651
11385 0.498985801217
11457 0.501014198783
11463 0.503042596349
11635 0.505070993915
11757 0.507099391481
11795 0.509127789047
11803 0.513184584178
11803 0.513184584178
11807 0.515212981744
11820 0.51724137931
11848 0.519269776876
11918 0.521298174442
11939 0.523326572008
11942 0.525354969574
11974 0.52738336714
12000 0.529411764706
12031 0.531440162272
12035 0.533468559838
12077 0.535496957404
12093 0.53752535497
12169 0.539553752535
12181 0.541582150101
12202 0.543610547667
12206 0.545638945233
12337 0.547667342799
12392 0.549695740365
12437 0.551724137931
12469 0.553752535497
12498 0.555780933063
12531 0.557809330629
12535 0.559837728195
12540 0.561866125761
12626 0.563894523327
12627 0.565922920892
12671 0.567951318458
12683 0.569979716024
12765 0.57200811359
12778 0.574036511156
12825 0.576064908722
12840 0.578093306288
12852 0.580121703854
12899 0.58215010142
12934 0.584178498986
12988 0.586206896552
13095 0.588235294118
13114 0.590263691684
13154 0.592292089249
13157 0.594320486815
13200 0.596348884381
13247 0.598377281947
13271 0.600405679513
13283 0.602434077079
13290 0.604462474645
13302 0.606490872211
13313 0.608519269777
13398 0.610547667343
13404 0.612576064909
13442 0.614604462475
13463 0.616632860041
13499 0.618661257606
13632 0.620689655172
13636 0.622718052738
13684 0.624746450304
13731 0.62677484787
13915 0.628803245436
13928 0.630831643002
13977 0.632860040568
13984 0.634888438134
13985 0.6369168357
13997 0.638945233266
14029 0.640973630832
14076 0.643002028398
14154 0.645030425963
14174 0.647058823529
14180 0.649087221095
14219 0.651115618661
14223 0.653144016227
14242 0.655172413793
14248 0.659229208925
14248 0.659229208925
14293 0.661257606491
14334 0.663286004057
14348 0.665314401623
14354 0.667342799189
14379 0.669371196755
14392 0.67139959432
14451 0.673427991886
14521 0.675456389452
14546 0.677484787018
14642 0.679513184584
14753 0.68154158215
14828 0.683569979716
14837 0.685598377282
14848 0.687626774848
14968 0.689655172414
14978 0.69168356998
14992 0.693711967546
15043 0.695740365112
15314 0.697768762677
15365 0.699797160243
15390 0.703853955375
15390 0.703853955375
15399 0.705882352941
15402 0.707910750507
15427 0.709939148073
15466 0.711967545639
15472 0.713995943205
15482 0.716024340771
15542 0.718052738337
15554 0.720081135903
15785 0.722109533469
15797 0.724137931034
15809 0.728194726166
15809 0.728194726166
15997 0.730223123732
16046 0.732251521298
16109 0.734279918864
16126 0.73630831643
16363 0.738336713996
16430 0.740365111562
16579 0.742393509128
16635 0.744421906694
16883 0.74645030426
16899 0.748478701826
16941 0.750507099391
16964 0.752535496957
17050 0.754563894523
17107 0.756592292089
17163 0.758620689655
17199 0.760649087221
17222 0.762677484787
17288 0.764705882353
17302 0.766734279919
17315 0.768762677485
17402 0.770791075051
17529 0.772819472617
17537 0.774847870183
17662 0.776876267748
17741 0.778904665314
17802 0.78093306288
18053 0.782961460446
18107 0.784989858012
18115 0.787018255578
18260 0.789046653144
18388 0.79107505071
18453 0.793103448276
18466 0.795131845842
18546 0.797160243408
18555 0.799188640974
18569 0.80121703854
18600 0.803245436105
18679 0.805273833671
18683 0.807302231237
18710 0.809330628803
18711 0.811359026369
18779 0.813387423935
18792 0.815415821501
18828 0.817444219067
19151 0.819472616633
19329 0.821501014199
19379 0.823529411765
19465 0.825557809331
19763 0.827586206897
20075 0.829614604462
20247 0.831643002028
20471 0.833671399594
20512 0.83569979716
20555 0.837728194726
20579 0.839756592292
20842 0.841784989858
20852 0.843813387424
20975 0.84584178499
20984 0.847870182556
21516 0.849898580122
21580 0.851926977688
21593 0.853955375254
21879 0.855983772819
21911 0.858012170385
21915 0.860040567951
22486 0.862068965517
22657 0.864097363083
22680 0.866125760649
22750 0.868154158215
22759 0.870182555781
22781 0.872210953347
22857 0.874239350913
22893 0.876267748479
23444 0.878296146045
23559 0.880324543611
24025 0.882352941176
24233 0.884381338742
24583 0.886409736308
24925 0.888438133874
25348 0.89046653144
26050 0.892494929006
26081 0.894523326572
26239 0.896551724138
26279 0.898580121704
26671 0.90060851927
26803 0.902636916836
26932 0.904665314402
27109 0.906693711968
27386 0.908722109533
27560 0.910750507099
28500 0.912778904665
28748 0.914807302231
29448 0.916835699797
29473 0.918864097363
29660 0.920892494929
29817 0.922920892495
29867 0.924949290061
30034 0.926977687627
30230 0.929006085193
30231 0.931034482759
32443 0.933062880325
33478 0.93509127789
35496 0.937119675456
35628 0.939148073022
36744 0.941176470588
37207 0.943204868154
38857 0.94523326572
39169 0.947261663286
39331 0.949290060852
39425 0.951318458418
39935 0.953346855984
40801 0.95537525355
41247 0.957403651116
41548 0.959432048682
41955 0.961460446247
43021 0.963488843813
45250 0.965517241379
47383 0.967545638945
48126 0.969574036511
52469 0.971602434077
52485 0.973630831643
53306 0.975659229209
56698 0.977687626775
59446 0.979716024341
60038 0.981744421907
62507 0.983772819473
63074 0.985801217039
66815 0.987829614604
67221 0.98985801217
68103 0.991886409736
71760 0.993914807302
74873 0.995943204868
75706 0.997971602434
106761 1.0
