28 0.00202839756592
437 0.00405679513185
951 0.00608519269777
1027 0.00811359026369
1062 0.0101419878296
1149 0.0121703853955
1382 0.0141987829615
1590 0.0162271805274
1597 0.0182555780933
1717 0.0202839756592
1718 0.0223123732252
1799 0.0243407707911
1940 0.026369168357
1947 0.0283975659229
1973 0.0304259634888
1979 0.0324543610548
2134 0.0344827586207
2183 0.0365111561866
2190 0.0385395537525
2262 0.0405679513185
2284 0.0425963488844
2333 0.0446247464503
2372 0.0466531440162
2489 0.0486815415822
2515 0.0507099391481
2890 0.052738336714
3015 0.0547667342799
3024 0.0567951318458
3185 0.0608519269777
3185 0.0608519269777
3307 0.0628803245436
3369 0.0649087221095
3483 0.0669371196755
3490 0.0689655172414
3535 0.0709939148073
3640 0.0730223123732
3675 0.0750507099391
3712 0.0770791075051
3806 0.079107505071
3973 0.0811359026369
3990 0.0831643002028
4010 0.0851926977688
4031 0.0872210953347
4091 0.0892494929006
4140 0.0912778904665
4152 0.0933062880325
4231 0.0953346855984
4272 0.0973630831643
4288 0.0993914807302
4421 0.101419878296
4436 0.103448275862
4452 0.105476673428
4509 0.107505070994
4574 0.10953346856
4594 0.111561866126
4596 0.113590263692
4720 0.115618661258
4773 0.117647058824
4846 0.119675456389
4847 0.121703853955
4871 0.123732251521
4955 0.125760649087
4982 0.127789046653
5015 0.129817444219
5032 0.131845841785
5135 0.133874239351
5246 0.135902636917
5285 0.137931034483
5310 0.139959432049
5363 0.141987829615
5424 0.144016227181
5428 0.146044624746
5461 0.148073022312
5544 0.150101419878
5628 0.152129817444
5729 0.15415821501
5746 0.156186612576
5878 0.158215010142
5880 0.160243407708
5909 0.162271805274
5910 0.16430020284
5957 0.166328600406
5970 0.168356997972
6039 0.170385395538
6057 0.172413793103
6066 0.174442190669
6125 0.176470588235
6134 0.178498985801
6151 0.180527383367
6155 0.182555780933
6268 0.184584178499
6291 0.186612576065
6305 0.188640973631
6311 0.190669371197
6325 0.192697768763
6363 0.194726166329
6367 0.196754563895
6433 0.19878296146
6436 0.200811359026
6544 0.202839756592
6583 0.204868154158
6599 0.206896551724
6625 0.20892494929
6683 0.210953346856
6687 0.212981744422
6731 0.215010141988
6741 0.217038539554
6751 0.21906693712
6811 0.221095334686
6882 0.223123732252
6938 0.225152129817
7014 0.227180527383
7209 0.229208924949
7216 0.231237322515
7350 0.233265720081
7356 0.235294117647
7374 0.237322515213
7427 0.239350912779
7546 0.241379310345
7566 0.243407707911
7578 0.245436105477
7602 0.247464503043
7608 0.249492900609
7635 0.251521298174
7664 0.25354969574
7719 0.255578093306
7800 0.257606490872
7805 0.259634888438
7862 0.261663286004
7972 0.26369168357
7981 0.265720081136
8163 0.267748478702
8173 0.269776876268
8184 0.271805273834
8244 0.2738336714
8262 0.275862068966
8271 0.277890466531
8331 0.279918864097
8333 0.281947261663
8344 0.283975659229
8359 0.286004056795
8421 0.288032454361
8455 0.290060851927
8527 0.292089249493
8546 0.294117647059
8553 0.296146044625
8601 0.298174442191
8611 0.300202839757
8626 0.302231237323
8647 0.304259634888
8727 0.306288032454
8760 0.30831643002
8771 0.310344827586
8809 0.312373225152
8813 0.314401622718
8825 0.316430020284
8833 0.31845841785
8844 0.320486815416
8894 0.322515212982
8933 0.324543610548
8946 0.326572008114
9010 0.32860040568
9012 0.330628803245
9038 0.332657200811
9139 0.334685598377
9144 0.336713995943
9185 0.338742393509
9192 0.340770791075
9240 0.342799188641
9270 0.344827586207
9341 0.346855983773
9403 0.348884381339
9454 0.350912778905
9463 0.352941176471
9508 0.354969574037
9553 0.356997971602
9659 0.359026369168
9717 0.361054766734
9741 0.3630831643
9760 0.365111561866
9866 0.367139959432
9871 0.369168356998
9885 0.371196754564
9994 0.37322515213
10028 0.375253549696
10147 0.377281947262
10209 0.379310344828
10346 0.381338742394
10361 0.383367139959
10405 0.385395537525
10585 0.387423935091
10601 0.389452332657
10664 0.391480730223
10778 0.393509127789
10824 0.395537525355
10837 0.397565922921
10860 0.399594320487
10872 0.401622718053
10914 0.403651115619
10942 0.405679513185
10996 0.407707910751
11015 0.409736308316
11033 0.411764705882
11093 0.413793103448
11098 0.415821501014
11136 0.41784989858
11178 0.419878296146
11199 0.421906693712
11217 0.423935091278
11251 0.425963488844
11271 0.42799188641
11478 0.430020283976
11554 0.432048681542
11576 0.434077079108
11614 0.436105476673
11698 0.438133874239
11737 0.440162271805
11741 0.442190669371
11911 0.444219066937
12101 0.446247464503
12254 0.448275862069
12260 0.450304259635
12300 0.452332657201
12324 0.454361054767
12328 0.456389452333
12496 0.458417849899
12514 0.460446247465
12534 0.46247464503
12536 0.464503042596
12537 0.466531440162
12542 0.468559837728
12588 0.470588235294
12733 0.47261663286
12840 0.474645030426
12859 0.476673427992
12867 0.478701825558
12872 0.480730223124
12937 0.48275862069
12939 0.484787018256
12993 0.486815415822
13046 0.488843813387
13182 0.490872210953
13286 0.492900608519
13543 0.494929006085
13587 0.496957403651
13619 0.498985801217
13622 0.501014198783
13685 0.503042596349
13730 0.505070993915
13747 0.507099391481
13749 0.509127789047
13758 0.511156186613
13797 0.513184584178
13816 0.515212981744
13833 0.51724137931
13856 0.519269776876
13905 0.521298174442
13955 0.523326572008
14003 0.525354969574
14019 0.52738336714
14036 0.529411764706
14318 0.531440162272
14319 0.533468559838
14352 0.535496957404
14422 0.53752535497
14470 0.539553752535
14533 0.541582150101
14804 0.543610547667
14847 0.545638945233
15053 0.547667342799
15071 0.549695740365
15232 0.551724137931
15281 0.553752535497
15294 0.555780933063
15303 0.557809330629
15537 0.559837728195
15655 0.561866125761
15813 0.563894523327
15955 0.565922920892
16013 0.567951318458
16144 0.569979716024
16358 0.57200811359
16363 0.574036511156
16370 0.576064908722
16443 0.578093306288
16704 0.580121703854
16749 0.58215010142
16776 0.584178498986
16908 0.586206896552
16942 0.588235294118
17076 0.590263691684
17129 0.592292089249
17273 0.594320486815
17286 0.596348884381
17360 0.598377281947
17416 0.600405679513
17628 0.602434077079
17695 0.604462474645
17933 0.606490872211
18046 0.608519269777
18171 0.610547667343
18242 0.612576064909
18363 0.614604462475
18560 0.616632860041
18645 0.618661257606
18776 0.620689655172
18800 0.622718052738
18814 0.624746450304
19002 0.62677484787
19513 0.628803245436
19778 0.630831643002
19788 0.632860040568
19847 0.634888438134
19978 0.6369168357
19984 0.638945233266
20009 0.640973630832
20065 0.643002028398
20275 0.645030425963
20336 0.647058823529
20396 0.649087221095
20674 0.651115618661
20681 0.653144016227
20882 0.655172413793
20890 0.657200811359
20923 0.659229208925
20934 0.661257606491
21247 0.663286004057
21480 0.665314401623
21789 0.667342799189
21837 0.669371196755
22290 0.67139959432
22300 0.673427991886
22339 0.675456389452
22452 0.677484787018
22479 0.679513184584
22722 0.68154158215
22908 0.683569979716
23102 0.685598377282
23160 0.687626774848
23391 0.689655172414
23418 0.69168356998
23577 0.693711967546
23596 0.695740365112
23735 0.697768762677
23756 0.699797160243
23805 0.701825557809
23811 0.703853955375
23916 0.705882352941
24367 0.707910750507
24659 0.709939148073
24793 0.711967545639
25197 0.713995943205
25440 0.716024340771
25506 0.718052738337
25590 0.720081135903
25761 0.722109533469
26278 0.724137931034
26350 0.7261663286
26399 0.728194726166
26807 0.730223123732
27788 0.732251521298
27953 0.734279918864
28926 0.73630831643
29059 0.738336713996
29261 0.740365111562
29297 0.742393509128
29861 0.744421906694
30758 0.74645030426
31574 0.748478701826
32417 0.750507099391
32543 0.752535496957
33229 0.754563894523
33437 0.756592292089
33618 0.758620689655
33631 0.760649087221
34021 0.762677484787
34034 0.764705882353
34421 0.766734279919
34532 0.768762677485
34550 0.770791075051
34885 0.772819472617
34927 0.774847870183
34935 0.776876267748
35015 0.778904665314
35140 0.78093306288
35302 0.782961460446
35704 0.784989858012
35985 0.787018255578
36178 0.789046653144
36663 0.79107505071
36867 0.793103448276
37211 0.795131845842
37227 0.797160243408
37477 0.799188640974
38566 0.80121703854
39125 0.803245436105
39129 0.805273833671
39550 0.807302231237
39619 0.809330628803
39957 0.811359026369
40002 0.813387423935
40272 0.815415821501
40696 0.817444219067
41286 0.819472616633
41571 0.821501014199
41573 0.823529411765
41806 0.825557809331
42218 0.827586206897
42682 0.829614604462
44527 0.831643002028
44552 0.833671399594
44558 0.83569979716
45463 0.837728194726
45831 0.839756592292
46689 0.841784989858
46770 0.843813387424
47092 0.84584178499
47194 0.847870182556
48413 0.849898580122
48652 0.851926977688
48657 0.853955375254
48708 0.855983772819
48979 0.858012170385
50207 0.860040567951
50934 0.862068965517
51410 0.864097363083
51974 0.866125760649
52814 0.868154158215
52989 0.870182555781
53621 0.872210953347
54095 0.874239350913
54203 0.876267748479
54767 0.878296146045
56189 0.880324543611
56245 0.882352941176
56310 0.884381338742
56531 0.886409736308
56732 0.888438133874
57791 0.89046653144
58766 0.892494929006
62015 0.894523326572
62353 0.896551724138
64175 0.898580121704
64186 0.90060851927
64772 0.902636916836
66746 0.904665314402
67266 0.906693711968
67507 0.908722109533
68226 0.910750507099
70392 0.912778904665
70659 0.914807302231
70687 0.916835699797
71163 0.918864097363
73876 0.920892494929
74909 0.922920892495
77900 0.924949290061
78567 0.926977687627
80146 0.929006085193
80223 0.931034482759
80292 0.933062880325
80410 0.93509127789
81369 0.937119675456
83545 0.939148073022
85305 0.941176470588
86468 0.943204868154
86575 0.94523326572
87394 0.947261663286
89972 0.949290060852
91100 0.951318458418
91387 0.953346855984
92443 0.95537525355
93048 0.957403651116
98322 0.959432048682
100525 0.961460446247
102613 0.963488843813
103285 0.965517241379
105760 0.967545638945
106090 0.969574036511
106471 0.971602434077
107986 0.973630831643
108315 0.975659229209
109624 0.977687626775
111658 0.979716024341
119132 0.981744421907
124970 0.983772819473
126432 0.985801217039
133681 0.987829614604
145480 0.98985801217
147694 0.991886409736
178118 0.993914807302
184579 0.995943204868
187405 0.997971602434
196294 1.0
