30 0.00202429149798
310 0.00404858299595
454 0.00607287449393
495 0.0080971659919
504 0.0101214574899
552 0.0121457489879
568 0.0141700404858
652 0.0161943319838
704 0.0182186234818
781 0.0202429149798
785 0.0222672064777
798 0.0242914979757
811 0.0263157894737
812 0.0283400809717
814 0.0303643724696
858 0.0323886639676
863 0.0344129554656
885 0.0364372469636
903 0.0384615384615
907 0.0404858299595
915 0.0425101214575
918 0.0445344129555
950 0.0465587044534
955 0.0485829959514
1001 0.0506072874494
1039 0.0526315789474
1041 0.0546558704453
1058 0.0566801619433
1081 0.0587044534413
1091 0.0607287449393
1114 0.0627530364372
1131 0.0647773279352
1159 0.0668016194332
1196 0.0688259109312
1203 0.0708502024291
1214 0.0728744939271
1233 0.0748987854251
1279 0.0769230769231
1292 0.0789473684211
1330 0.080971659919
1348 0.082995951417
1365 0.087044534413
1365 0.087044534413
1367 0.0890688259109
1407 0.0910931174089
1409 0.0951417004049
1409 0.0951417004049
1421 0.0971659919028
1429 0.0991902834008
1431 0.101214574899
1432 0.103238866397
1438 0.105263157895
1469 0.107287449393
1471 0.109311740891
1482 0.111336032389
1531 0.115384615385
1531 0.115384615385
1540 0.117408906883
1551 0.119433198381
1554 0.121457489879
1555 0.123481781377
1558 0.125506072874
1560 0.127530364372
1561 0.12955465587
1567 0.131578947368
1571 0.133603238866
1575 0.135627530364
1577 0.137651821862
1585 0.13967611336
1592 0.141700404858
1602 0.143724696356
1606 0.145748987854
1607 0.147773279352
1615 0.14979757085
1624 0.151821862348
1628 0.153846153846
1636 0.155870445344
1639 0.157894736842
1642 0.15991902834
1652 0.161943319838
1658 0.163967611336
1660 0.165991902834
1663 0.168016194332
1674 0.17004048583
1687 0.172064777328
1704 0.174089068826
1706 0.178137651822
1706 0.178137651822
1712 0.18016194332
1724 0.182186234818
1726 0.184210526316
1729 0.186234817814
1740 0.188259109312
1745 0.19028340081
1772 0.192307692308
1818 0.194331983806
1824 0.196356275304
1839 0.198380566802
1841 0.2004048583
1860 0.202429149798
1866 0.204453441296
1875 0.206477732794
1881 0.210526315789
1881 0.210526315789
1898 0.212550607287
1899 0.214574898785
1927 0.216599190283
1941 0.218623481781
1944 0.220647773279
1951 0.222672064777
1953 0.224696356275
1959 0.226720647773
1967 0.228744939271
1971 0.230769230769
1985 0.232793522267
1987 0.234817813765
1995 0.236842105263
2001 0.238866396761
2028 0.242914979757
2028 0.242914979757
2033 0.244939271255
2046 0.246963562753
2051 0.248987854251
2053 0.251012145749
2054 0.253036437247
2071 0.255060728745
2092 0.257085020243
2095 0.259109311741
2096 0.261133603239
2097 0.263157894737
2104 0.265182186235
2105 0.267206477733
2129 0.269230769231
2130 0.271255060729
2147 0.273279352227
2150 0.275303643725
2157 0.277327935223
2158 0.279352226721
2160 0.281376518219
2179 0.285425101215
2179 0.285425101215
2180 0.287449392713
2184 0.289473684211
2185 0.291497975709
2186 0.293522267206
2187 0.295546558704
2188 0.297570850202
2189 0.301619433198
2189 0.301619433198
2190 0.303643724696
2191 0.305668016194
2201 0.307692307692
2202 0.30971659919
2210 0.311740890688
2227 0.313765182186
2228 0.315789473684
2233 0.317813765182
2236 0.321862348178
2236 0.321862348178
2243 0.325910931174
2243 0.325910931174
2244 0.327935222672
2248 0.32995951417
2254 0.331983805668
2255 0.334008097166
2270 0.336032388664
2277 0.338056680162
2280 0.34008097166
2292 0.342105263158
2307 0.344129554656
2312 0.346153846154
2316 0.348178137652
2319 0.35020242915
2330 0.352226720648
2333 0.354251012146
2336 0.356275303644
2347 0.358299595142
2364 0.36032388664
2372 0.362348178138
2385 0.364372469636
2395 0.366396761134
2409 0.368421052632
2413 0.37044534413
2416 0.372469635628
2435 0.374493927126
2441 0.376518218623
2442 0.378542510121
2447 0.380566801619
2454 0.382591093117
2455 0.384615384615
2457 0.386639676113
2459 0.388663967611
2460 0.390688259109
2477 0.392712550607
2478 0.394736842105
2494 0.396761133603
2509 0.398785425101
2532 0.400809716599
2540 0.402834008097
2555 0.404858299595
2573 0.406882591093
2576 0.408906882591
2579 0.410931174089
2582 0.412955465587
2587 0.414979757085
2588 0.417004048583
2594 0.419028340081
2602 0.421052631579
2617 0.423076923077
2628 0.425101214575
2633 0.427125506073
2635 0.429149797571
2642 0.431174089069
2645 0.433198380567
2650 0.435222672065
2662 0.437246963563
2666 0.441295546559
2666 0.441295546559
2668 0.443319838057
2681 0.445344129555
2694 0.447368421053
2699 0.449392712551
2700 0.451417004049
2708 0.453441295547
2710 0.455465587045
2711 0.457489878543
2713 0.45951417004
2726 0.461538461538
2753 0.463562753036
2756 0.465587044534
2766 0.467611336032
2770 0.46963562753
2778 0.471659919028
2783 0.475708502024
2783 0.475708502024
2784 0.477732793522
2787 0.47975708502
2801 0.483805668016
2801 0.483805668016
2809 0.485829959514
2834 0.487854251012
2837 0.48987854251
2841 0.491902834008
2855 0.495951417004
2855 0.495951417004
2862 0.497975708502
2875 0.5
2880 0.502024291498
2887 0.504048582996
2891 0.506072874494
2897 0.508097165992
2927 0.51012145749
2950 0.512145748988
2958 0.514170040486
2963 0.516194331984
2973 0.518218623482
2979 0.52024291498
2983 0.522267206478
2987 0.526315789474
2987 0.526315789474
3000 0.528340080972
3012 0.53036437247
3013 0.532388663968
3014 0.534412955466
3018 0.536437246964
3029 0.538461538462
3035 0.54048582996
3047 0.542510121457
3061 0.544534412955
3064 0.546558704453
3100 0.548582995951
3116 0.550607287449
3129 0.552631578947
3131 0.554655870445
3134 0.556680161943
3149 0.558704453441
3167 0.560728744939
3178 0.562753036437
3180 0.564777327935
3189 0.566801619433
3206 0.568825910931
3213 0.570850202429
3227 0.572874493927
3242 0.574898785425
3275 0.576923076923
3279 0.578947368421
3284 0.580971659919
3289 0.582995951417
3298 0.585020242915
3303 0.587044534413
3308 0.589068825911
3309 0.591093117409
3332 0.593117408907
3348 0.595141700405
3350 0.597165991903
3352 0.599190283401
3365 0.601214574899
3375 0.603238866397
3377 0.605263157895
3396 0.607287449393
3399 0.609311740891
3407 0.611336032389
3416 0.613360323887
3432 0.615384615385
3438 0.617408906883
3444 0.619433198381
3456 0.621457489879
3474 0.623481781377
3477 0.625506072874
3483 0.627530364372
3487 0.62955465587
3495 0.631578947368
3518 0.633603238866
3538 0.635627530364
3563 0.637651821862
3570 0.63967611336
3579 0.641700404858
3588 0.643724696356
3599 0.645748987854
3607 0.647773279352
3619 0.64979757085
3642 0.651821862348
3668 0.655870445344
3668 0.655870445344
3679 0.657894736842
3696 0.65991902834
3697 0.661943319838
3704 0.663967611336
3706 0.665991902834
3714 0.668016194332
3736 0.67004048583
3737 0.672064777328
3750 0.674089068826
3778 0.676113360324
3792 0.678137651822
3803 0.68016194332
3816 0.682186234818
3843 0.684210526316
3872 0.686234817814
3889 0.688259109312
3893 0.69028340081
3894 0.692307692308
3905 0.694331983806
3926 0.696356275304
3943 0.698380566802
3956 0.702429149798
3956 0.702429149798
3964 0.704453441296
3974 0.706477732794
3987 0.708502024291
3988 0.710526315789
4015 0.712550607287
4017 0.714574898785
4036 0.716599190283
4038 0.718623481781
4046 0.720647773279
4058 0.722672064777
4061 0.724696356275
4062 0.726720647773
4090 0.728744939271
4110 0.730769230769
4111 0.732793522267
4116 0.734817813765
4135 0.736842105263
4144 0.738866396761
4172 0.740890688259
4189 0.742914979757
4199 0.744939271255
4201 0.746963562753
4268 0.748987854251
4282 0.751012145749
4294 0.753036437247
4301 0.755060728745
4309 0.757085020243
4310 0.759109311741
4322 0.761133603239
4329 0.763157894737
4397 0.765182186235
4413 0.767206477733
4420 0.769230769231
4434 0.771255060729
4455 0.773279352227
4469 0.775303643725
4482 0.777327935223
4508 0.779352226721
4510 0.781376518219
4520 0.785425101215
4520 0.785425101215
4574 0.787449392713
4617 0.789473684211
4618 0.791497975709
4655 0.793522267206
4666 0.795546558704
4671 0.797570850202
4741 0.7995951417
4764 0.801619433198
4770 0.803643724696
4802 0.805668016194
4843 0.807692307692
4874 0.80971659919
4904 0.811740890688
4917 0.813765182186
4935 0.815789473684
4941 0.817813765182
4949 0.81983805668
4987 0.821862348178
5069 0.823886639676
5092 0.825910931174
5104 0.827935222672
5133 0.82995951417
5166 0.831983805668
5170 0.834008097166
5171 0.836032388664
5186 0.838056680162
5210 0.84008097166
5280 0.842105263158
5305 0.844129554656
5318 0.846153846154
5335 0.848178137652
5354 0.85020242915
5394 0.852226720648
5404 0.854251012146
5413 0.856275303644
5453 0.858299595142
5473 0.86032388664
5502 0.862348178138
5567 0.864372469636
5574 0.866396761134
5589 0.868421052632
5658 0.87044534413
5711 0.872469635628
5718 0.874493927126
5721 0.876518218623
5738 0.878542510121
5784 0.880566801619
5800 0.882591093117
5807 0.884615384615
5811 0.886639676113
5822 0.888663967611
5865 0.890688259109
5900 0.892712550607
5912 0.894736842105
5932 0.896761133603
5964 0.898785425101
5973 0.900809716599
5977 0.902834008097
5978 0.904858299595
6023 0.906882591093
6044 0.908906882591
6072 0.910931174089
6102 0.912955465587
6212 0.914979757085
6242 0.917004048583
6291 0.919028340081
6324 0.921052631579
6406 0.923076923077
6513 0.925101214575
6551 0.927125506073
6570 0.929149797571
6585 0.931174089069
6622 0.933198380567
6625 0.935222672065
6703 0.937246963563
6719 0.939271255061
6768 0.941295546559
6833 0.943319838057
6894 0.945344129555
6907 0.947368421053
6932 0.949392712551
7054 0.951417004049
7312 0.953441295547
7401 0.955465587045
7452 0.957489878543
7649 0.95951417004
7661 0.961538461538
7852 0.963562753036
7912 0.965587044534
7943 0.967611336032
7952 0.96963562753
7978 0.971659919028
8074 0.973684210526
8171 0.975708502024
8495 0.977732793522
9355 0.97975708502
9401 0.981781376518
9407 0.983805668016
9748 0.985829959514
11657 0.987854251012
11723 0.98987854251
12727 0.991902834008
13380 0.993927125506
33857 0.995951417004
34805 0.997975708502
113109 1.0
