30 0.00202429149798
725 0.00404858299595
965 0.00607287449393
1158 0.0080971659919
1362 0.0101214574899
1382 0.0121457489879
1576 0.0141700404858
1789 0.0161943319838
1828 0.0182186234818
1934 0.0202429149798
2065 0.0222672064777
2071 0.0242914979757
2106 0.0263157894737
2145 0.0283400809717
2255 0.0303643724696
2259 0.0323886639676
2264 0.0344129554656
2279 0.0364372469636
2290 0.0384615384615
2293 0.0404858299595
2335 0.0425101214575
2397 0.0445344129555
2449 0.0465587044534
2483 0.0485829959514
2618 0.0506072874494
2679 0.0526315789474
2711 0.0546558704453
2746 0.0566801619433
2833 0.0587044534413
2950 0.0607287449393
2984 0.0627530364372
3025 0.0647773279352
3136 0.0668016194332
3164 0.0688259109312
3179 0.0708502024291
3215 0.0728744939271
3219 0.0748987854251
3253 0.0769230769231
3313 0.0789473684211
3436 0.080971659919
3448 0.082995951417
3474 0.085020242915
3495 0.087044534413
3506 0.0890688259109
3531 0.0910931174089
3544 0.0931174089069
3560 0.0951417004049
3576 0.0971659919028
3635 0.0991902834008
3645 0.101214574899
3658 0.103238866397
3692 0.105263157895
3710 0.107287449393
3728 0.109311740891
3748 0.111336032389
3760 0.113360323887
3787 0.115384615385
3815 0.117408906883
3826 0.119433198381
3837 0.121457489879
3845 0.123481781377
3848 0.125506072874
3863 0.127530364372
3882 0.12955465587
3891 0.131578947368
3894 0.133603238866
3897 0.135627530364
3905 0.13967611336
3905 0.13967611336
3912 0.141700404858
3917 0.143724696356
3932 0.145748987854
3938 0.147773279352
3945 0.14979757085
3960 0.151821862348
4009 0.153846153846
4023 0.155870445344
4046 0.157894736842
4061 0.15991902834
4062 0.161943319838
4071 0.163967611336
4083 0.165991902834
4093 0.168016194332
4119 0.17004048583
4123 0.172064777328
4153 0.174089068826
4179 0.176113360324
4208 0.178137651822
4221 0.18016194332
4236 0.182186234818
4271 0.184210526316
4295 0.186234817814
4297 0.188259109312
4329 0.19028340081
4340 0.192307692308
4391 0.194331983806
4399 0.196356275304
4405 0.198380566802
4415 0.2004048583
4418 0.202429149798
4440 0.204453441296
4466 0.206477732794
4479 0.208502024291
4498 0.210526315789
4524 0.212550607287
4569 0.214574898785
4581 0.216599190283
4599 0.218623481781
4600 0.222672064777
4600 0.222672064777
4602 0.224696356275
4627 0.226720647773
4630 0.228744939271
4634 0.230769230769
4645 0.232793522267
4647 0.234817813765
4655 0.236842105263
4656 0.238866396761
4684 0.240890688259
4699 0.242914979757
4715 0.244939271255
4728 0.246963562753
4729 0.248987854251
4769 0.251012145749
4785 0.253036437247
4830 0.255060728745
4841 0.259109311741
4841 0.259109311741
4851 0.261133603239
4890 0.265182186235
4890 0.265182186235
4911 0.269230769231
4911 0.269230769231
4947 0.271255060729
4950 0.273279352227
4952 0.275303643725
4971 0.277327935223
4973 0.279352226721
5041 0.281376518219
5052 0.283400809717
5059 0.285425101215
5069 0.287449392713
5092 0.289473684211
5150 0.291497975709
5169 0.293522267206
5185 0.295546558704
5190 0.297570850202
5201 0.2995951417
5208 0.301619433198
5214 0.303643724696
5217 0.305668016194
5228 0.307692307692
5232 0.30971659919
5233 0.311740890688
5238 0.313765182186
5253 0.315789473684
5284 0.317813765182
5307 0.31983805668
5320 0.321862348178
5323 0.323886639676
5330 0.325910931174
5333 0.327935222672
5335 0.32995951417
5387 0.331983805668
5400 0.334008097166
5403 0.336032388664
5407 0.338056680162
5410 0.34008097166
5414 0.342105263158
5420 0.344129554656
5458 0.346153846154
5480 0.348178137652
5514 0.35020242915
5535 0.352226720648
5574 0.354251012146
5575 0.356275303644
5598 0.358299595142
5600 0.36032388664
5621 0.362348178138
5626 0.364372469636
5649 0.366396761134
5654 0.368421052632
5671 0.37044534413
5691 0.372469635628
5704 0.374493927126
5715 0.376518218623
5740 0.378542510121
5753 0.380566801619
5792 0.382591093117
5799 0.386639676113
5799 0.386639676113
5873 0.388663967611
5874 0.392712550607
5874 0.392712550607
5884 0.394736842105
5948 0.396761133603
5952 0.398785425101
5964 0.400809716599
5972 0.402834008097
5979 0.404858299595
5995 0.406882591093
5996 0.408906882591
6008 0.410931174089
6009 0.412955465587
6028 0.414979757085
6030 0.417004048583
6054 0.419028340081
6061 0.421052631579
6070 0.423076923077
6073 0.425101214575
6080 0.427125506073
6086 0.429149797571
6107 0.431174089069
6164 0.433198380567
6210 0.435222672065
6218 0.437246963563
6254 0.439271255061
6281 0.441295546559
6287 0.443319838057
6294 0.445344129555
6319 0.449392712551
6319 0.449392712551
6321 0.451417004049
6356 0.453441295547
6398 0.455465587045
6401 0.457489878543
6426 0.45951417004
6464 0.461538461538
6476 0.463562753036
6504 0.465587044534
6510 0.467611336032
6526 0.46963562753
6541 0.471659919028
6543 0.473684210526
6550 0.475708502024
6571 0.477732793522
6577 0.47975708502
6581 0.481781376518
6596 0.483805668016
6623 0.485829959514
6629 0.487854251012
6640 0.48987854251
6645 0.491902834008
6652 0.493927125506
6671 0.495951417004
6691 0.497975708502
6725 0.5
6749 0.502024291498
6750 0.504048582996
6772 0.506072874494
6796 0.508097165992
6800 0.512145748988
6800 0.512145748988
6802 0.514170040486
6811 0.516194331984
6812 0.518218623482
6818 0.52024291498
6826 0.522267206478
6830 0.524291497976
6837 0.526315789474
6843 0.528340080972
6857 0.53036437247
6865 0.532388663968
6868 0.534412955466
6888 0.536437246964
6908 0.538461538462
6936 0.54048582996
6963 0.542510121457
6965 0.544534412955
6968 0.546558704453
6969 0.548582995951
6975 0.550607287449
6983 0.552631578947
6994 0.554655870445
6995 0.556680161943
7002 0.558704453441
7007 0.560728744939
7015 0.562753036437
7065 0.564777327935
7140 0.566801619433
7157 0.568825910931
7167 0.570850202429
7198 0.572874493927
7211 0.574898785425
7216 0.576923076923
7251 0.578947368421
7253 0.580971659919
7254 0.582995951417
7258 0.585020242915
7272 0.587044534413
7283 0.589068825911
7340 0.591093117409
7345 0.593117408907
7358 0.595141700405
7389 0.597165991903
7400 0.599190283401
7413 0.601214574899
7416 0.603238866397
7422 0.605263157895
7423 0.607287449393
7428 0.609311740891
7444 0.611336032389
7449 0.613360323887
7450 0.615384615385
7474 0.617408906883
7494 0.619433198381
7495 0.621457489879
7514 0.623481781377
7585 0.625506072874
7587 0.627530364372
7598 0.62955465587
7648 0.631578947368
7696 0.633603238866
7773 0.635627530364
7790 0.637651821862
7806 0.63967611336
7811 0.641700404858
7812 0.643724696356
7827 0.645748987854
7850 0.64979757085
7850 0.64979757085
7861 0.651821862348
7882 0.653846153846
7901 0.655870445344
7948 0.657894736842
7985 0.65991902834
7996 0.661943319838
8068 0.663967611336
8081 0.665991902834
8122 0.668016194332
8159 0.67004048583
8166 0.672064777328
8179 0.674089068826
8206 0.676113360324
8276 0.678137651822
8285 0.68016194332
8290 0.682186234818
8382 0.684210526316
8409 0.686234817814
8473 0.688259109312
8474 0.69028340081
8485 0.692307692308
8491 0.694331983806
8512 0.696356275304
8538 0.698380566802
8540 0.7004048583
8572 0.702429149798
8578 0.706477732794
8578 0.706477732794
8591 0.708502024291
8634 0.710526315789
8651 0.712550607287
8664 0.714574898785
8686 0.716599190283
8708 0.718623481781
8747 0.720647773279
8754 0.722672064777
8781 0.724696356275
8782 0.726720647773
8793 0.728744939271
8799 0.730769230769
8815 0.732793522267
8834 0.734817813765
8858 0.736842105263
8898 0.738866396761
8960 0.740890688259
9010 0.742914979757
9017 0.744939271255
9044 0.746963562753
9149 0.748987854251
9173 0.751012145749
9182 0.753036437247
9184 0.755060728745
9185 0.757085020243
9217 0.759109311741
9220 0.761133603239
9226 0.763157894737
9247 0.765182186235
9297 0.767206477733
9334 0.769230769231
9379 0.771255060729
9412 0.773279352227
9507 0.775303643725
9549 0.777327935223
9596 0.779352226721
9600 0.781376518219
9601 0.783400809717
9625 0.785425101215
9654 0.787449392713
9657 0.789473684211
9707 0.791497975709
9799 0.793522267206
9809 0.795546558704
9829 0.797570850202
9875 0.7995951417
9925 0.801619433198
9934 0.803643724696
9961 0.805668016194
9983 0.807692307692
10015 0.80971659919
10020 0.811740890688
10048 0.813765182186
10072 0.815789473684
10089 0.817813765182
10099 0.81983805668
10122 0.821862348178
10234 0.823886639676
10237 0.825910931174
10340 0.827935222672
10382 0.82995951417
10400 0.831983805668
10464 0.834008097166
10507 0.836032388664
10508 0.838056680162
10597 0.84008097166
10613 0.842105263158
10617 0.844129554656
10691 0.846153846154
10728 0.85020242915
10728 0.85020242915
10757 0.852226720648
10769 0.854251012146
10910 0.856275303644
11011 0.858299595142
11034 0.86032388664
11072 0.862348178138
11081 0.864372469636
11151 0.866396761134
11152 0.868421052632
11274 0.87044534413
11334 0.872469635628
11360 0.874493927126
11389 0.876518218623
11449 0.878542510121
11459 0.880566801619
11489 0.882591093117
11497 0.884615384615
11511 0.886639676113
11519 0.888663967611
11745 0.890688259109
11754 0.892712550607
11854 0.896761133603
11854 0.896761133603
11892 0.898785425101
12059 0.900809716599
12145 0.902834008097
12165 0.904858299595
12300 0.906882591093
12364 0.908906882591
12551 0.910931174089
12588 0.912955465587
12594 0.914979757085
12648 0.917004048583
12688 0.919028340081
12865 0.921052631579
12909 0.923076923077
12993 0.925101214575
13003 0.927125506073
13059 0.929149797571
13162 0.931174089069
13184 0.933198380567
13253 0.935222672065
13615 0.937246963563
13638 0.939271255061
13762 0.941295546559
14166 0.943319838057
14185 0.945344129555
14311 0.947368421053
14399 0.949392712551
14732 0.951417004049
14762 0.953441295547
14977 0.955465587045
15088 0.957489878543
15188 0.95951417004
15268 0.961538461538
15771 0.963562753036
15843 0.965587044534
15867 0.967611336032
16258 0.96963562753
16398 0.971659919028
16652 0.973684210526
16704 0.975708502024
16834 0.977732793522
16878 0.97975708502
16984 0.981781376518
17015 0.983805668016
18353 0.985829959514
18577 0.987854251012
18894 0.98987854251
19351 0.991902834008
20598 0.993927125506
23830 0.995951417004
30419 0.997975708502
38664 1.0
