32 0.00202839756592
824 0.00405679513185
1097 0.00608519269777
1342 0.00811359026369
1564 0.0101419878296
1614 0.0121703853955
1777 0.0141987829615
2077 0.0162271805274
2367 0.0182555780933
2473 0.0202839756592
2476 0.0223123732252
2530 0.0243407707911
2578 0.026369168357
2588 0.0283975659229
2595 0.0304259634888
2609 0.0324543610548
2616 0.0344827586207
2626 0.0365111561866
2631 0.0385395537525
2643 0.0405679513185
2664 0.0425963488844
2777 0.0446247464503
3097 0.0466531440162
3120 0.0486815415822
3154 0.0507099391481
3308 0.052738336714
3381 0.0547667342799
3446 0.0567951318458
3462 0.0588235294118
3463 0.0608519269777
3630 0.0628803245436
3681 0.0649087221095
3686 0.0669371196755
3715 0.0689655172414
3893 0.0709939148073
3986 0.0730223123732
4131 0.0750507099391
4163 0.0770791075051
4207 0.079107505071
4236 0.0811359026369
4315 0.0831643002028
4320 0.0851926977688
4355 0.0872210953347
4404 0.0892494929006
4424 0.0912778904665
4432 0.0933062880325
4433 0.0953346855984
4454 0.0973630831643
4465 0.101419878296
4465 0.101419878296
4476 0.103448275862
4485 0.105476673428
4538 0.107505070994
4539 0.10953346856
4670 0.111561866126
4681 0.113590263692
4696 0.115618661258
4700 0.117647058824
4702 0.121703853955
4702 0.121703853955
4769 0.123732251521
4779 0.125760649087
4790 0.127789046653
4820 0.129817444219
4831 0.131845841785
4846 0.133874239351
4849 0.135902636917
4870 0.137931034483
4893 0.139959432049
4932 0.141987829615
4962 0.144016227181
5031 0.146044624746
5066 0.148073022312
5095 0.150101419878
5116 0.152129817444
5146 0.15415821501
5157 0.156186612576
5182 0.158215010142
5190 0.160243407708
5229 0.162271805274
5235 0.16430020284
5238 0.166328600406
5244 0.168356997972
5303 0.170385395538
5321 0.172413793103
5347 0.174442190669
5348 0.176470588235
5350 0.178498985801
5353 0.180527383367
5361 0.182555780933
5409 0.184584178499
5419 0.186612576065
5423 0.188640973631
5430 0.190669371197
5472 0.192697768763
5473 0.194726166329
5498 0.196754563895
5560 0.19878296146
5564 0.200811359026
5602 0.202839756592
5619 0.204868154158
5678 0.206896551724
5692 0.20892494929
5700 0.210953346856
5721 0.212981744422
5774 0.217038539554
5774 0.217038539554
5788 0.21906693712
5804 0.221095334686
5869 0.223123732252
5885 0.225152129817
5907 0.227180527383
5931 0.229208924949
5964 0.231237322515
5981 0.233265720081
5999 0.235294117647
6003 0.237322515213
6067 0.239350912779
6128 0.241379310345
6131 0.243407707911
6152 0.245436105477
6161 0.247464503043
6222 0.249492900609
6250 0.251521298174
6268 0.25354969574
6284 0.255578093306
6296 0.257606490872
6302 0.259634888438
6307 0.261663286004
6315 0.26369168357
6320 0.265720081136
6339 0.267748478702
6385 0.269776876268
6386 0.271805273834
6387 0.2738336714
6404 0.275862068966
6409 0.277890466531
6439 0.279918864097
6440 0.281947261663
6444 0.283975659229
6478 0.286004056795
6505 0.288032454361
6541 0.290060851927
6565 0.292089249493
6605 0.294117647059
6608 0.296146044625
6642 0.298174442191
6650 0.300202839757
6681 0.302231237323
6686 0.304259634888
6706 0.306288032454
6726 0.30831643002
6749 0.310344827586
6770 0.312373225152
6809 0.314401622718
6857 0.316430020284
6917 0.31845841785
6964 0.320486815416
6969 0.322515212982
7008 0.324543610548
7048 0.326572008114
7104 0.32860040568
7137 0.330628803245
7140 0.332657200811
7141 0.334685598377
7153 0.336713995943
7166 0.338742393509
7171 0.340770791075
7180 0.342799188641
7200 0.344827586207
7213 0.346855983773
7229 0.348884381339
7249 0.350912778905
7331 0.352941176471
7338 0.354969574037
7357 0.356997971602
7400 0.359026369168
7409 0.361054766734
7410 0.3630831643
7418 0.365111561866
7457 0.367139959432
7471 0.369168356998
7599 0.371196754564
7608 0.37322515213
7632 0.375253549696
7633 0.377281947262
7637 0.379310344828
7670 0.381338742394
7700 0.383367139959
7709 0.385395537525
7714 0.387423935091
7724 0.389452332657
7731 0.391480730223
7740 0.393509127789
7804 0.395537525355
7817 0.397565922921
7849 0.399594320487
7852 0.401622718053
7856 0.403651115619
7872 0.405679513185
7904 0.407707910751
7916 0.409736308316
7921 0.411764705882
7923 0.413793103448
7929 0.415821501014
7954 0.41784989858
7981 0.421906693712
7981 0.421906693712
7991 0.423935091278
8023 0.425963488844
8036 0.42799188641
8088 0.430020283976
8108 0.432048681542
8117 0.434077079108
8121 0.436105476673
8145 0.438133874239
8201 0.440162271805
8220 0.442190669371
8278 0.444219066937
8300 0.446247464503
8310 0.448275862069
8339 0.450304259635
8352 0.452332657201
8354 0.454361054767
8378 0.456389452333
8393 0.458417849899
8396 0.460446247465
8431 0.46247464503
8440 0.464503042596
8477 0.466531440162
8505 0.468559837728
8506 0.470588235294
8509 0.47261663286
8521 0.474645030426
8619 0.476673427992
8679 0.478701825558
8686 0.480730223124
8716 0.48275862069
8735 0.484787018256
8770 0.486815415822
8811 0.488843813387
8816 0.490872210953
8828 0.492900608519
8836 0.494929006085
8850 0.496957403651
8885 0.498985801217
8894 0.501014198783
8982 0.503042596349
9000 0.505070993915
9011 0.507099391481
9015 0.509127789047
9018 0.513184584178
9018 0.513184584178
9044 0.515212981744
9051 0.51724137931
9071 0.519269776876
9087 0.521298174442
9139 0.523326572008
9147 0.525354969574
9170 0.52738336714
9179 0.529411764706
9181 0.531440162272
9185 0.533468559838
9246 0.535496957404
9313 0.53752535497
9314 0.539553752535
9429 0.541582150101
9471 0.543610547667
9552 0.545638945233
9566 0.547667342799
9604 0.549695740365
9622 0.551724137931
9638 0.553752535497
9657 0.555780933063
9693 0.557809330629
9696 0.559837728195
9734 0.561866125761
9741 0.563894523327
9753 0.565922920892
9762 0.567951318458
9787 0.569979716024
9818 0.57200811359
9821 0.574036511156
9824 0.576064908722
9829 0.578093306288
9841 0.580121703854
9966 0.58215010142
9969 0.584178498986
9976 0.586206896552
10003 0.588235294118
10034 0.590263691684
10038 0.592292089249
10089 0.594320486815
10103 0.596348884381
10106 0.598377281947
10117 0.600405679513
10120 0.602434077079
10125 0.604462474645
10160 0.606490872211
10231 0.608519269777
10241 0.610547667343
10389 0.612576064909
10411 0.614604462475
10420 0.616632860041
10426 0.618661257606
10441 0.620689655172
10476 0.624746450304
10476 0.624746450304
10492 0.62677484787
10496 0.628803245436
10497 0.630831643002
10500 0.632860040568
10533 0.634888438134
10556 0.6369168357
10574 0.638945233266
10617 0.640973630832
10648 0.643002028398
10684 0.645030425963
10691 0.647058823529
10772 0.649087221095
10778 0.651115618661
10809 0.653144016227
10810 0.655172413793
10822 0.657200811359
10915 0.659229208925
10918 0.661257606491
10948 0.663286004057
10965 0.665314401623
10967 0.667342799189
10972 0.669371196755
10976 0.67139959432
11013 0.673427991886
11016 0.675456389452
11022 0.677484787018
11027 0.679513184584
11044 0.68154158215
11097 0.683569979716
11101 0.685598377282
11121 0.687626774848
11139 0.689655172414
11188 0.69168356998
11297 0.693711967546
11335 0.695740365112
11336 0.697768762677
11369 0.699797160243
11408 0.701825557809
11416 0.703853955375
11550 0.705882352941
11578 0.707910750507
11589 0.709939148073
11612 0.711967545639
11615 0.713995943205
11677 0.716024340771
11686 0.718052738337
11702 0.720081135903
11737 0.722109533469
11745 0.724137931034
11762 0.7261663286
11796 0.728194726166
11852 0.730223123732
11940 0.732251521298
11955 0.734279918864
11992 0.73630831643
12117 0.738336713996
12168 0.740365111562
12183 0.742393509128
12223 0.744421906694
12227 0.74645030426
12229 0.748478701826
12244 0.750507099391
12250 0.752535496957
12292 0.754563894523
12331 0.756592292089
12378 0.758620689655
12457 0.760649087221
12476 0.762677484787
12514 0.764705882353
12633 0.766734279919
12665 0.768762677485
12718 0.770791075051
12843 0.772819472617
12866 0.774847870183
12884 0.776876267748
12897 0.778904665314
12923 0.78093306288
12925 0.782961460446
12935 0.784989858012
12965 0.787018255578
12984 0.789046653144
13041 0.79107505071
13044 0.793103448276
13233 0.795131845842
13323 0.797160243408
13370 0.799188640974
13448 0.80121703854
13541 0.803245436105
13736 0.805273833671
13749 0.807302231237
13809 0.809330628803
13833 0.811359026369
13889 0.813387423935
14051 0.815415821501
14149 0.817444219067
14282 0.819472616633
14299 0.821501014199
14341 0.823529411765
14417 0.825557809331
14435 0.827586206897
14497 0.829614604462
14618 0.831643002028
14738 0.833671399594
14747 0.83569979716
14767 0.837728194726
14870 0.839756592292
14913 0.841784989858
14946 0.843813387424
15012 0.84584178499
15121 0.847870182556
15277 0.849898580122
15312 0.851926977688
15357 0.853955375254
15368 0.855983772819
15394 0.858012170385
15490 0.860040567951
15567 0.862068965517
15647 0.864097363083
15899 0.866125760649
15954 0.868154158215
16017 0.870182555781
16191 0.872210953347
16197 0.874239350913
16200 0.876267748479
16339 0.878296146045
16448 0.880324543611
16520 0.882352941176
16609 0.884381338742
16690 0.886409736308
16902 0.888438133874
16939 0.89046653144
16963 0.892494929006
17002 0.894523326572
17192 0.896551724138
17210 0.898580121704
17252 0.90060851927
17547 0.902636916836
17606 0.904665314402
17688 0.906693711968
17819 0.908722109533
17979 0.910750507099
17992 0.912778904665
18122 0.914807302231
18164 0.916835699797
18229 0.918864097363
18271 0.920892494929
18317 0.922920892495
18456 0.924949290061
18458 0.926977687627
18696 0.929006085193
18698 0.931034482759
19133 0.933062880325
19210 0.93509127789
19784 0.937119675456
20323 0.939148073022
20380 0.941176470588
20389 0.943204868154
20431 0.94523326572
20522 0.947261663286
20861 0.949290060852
20901 0.951318458418
21056 0.953346855984
21327 0.95537525355
21622 0.957403651116
21675 0.959432048682
21895 0.961460446247
22365 0.963488843813
22389 0.965517241379
22593 0.967545638945
22613 0.969574036511
23987 0.971602434077
24913 0.973630831643
25542 0.975659229209
27434 0.977687626775
27697 0.979716024341
28142 0.981744421907
28267 0.983772819473
29341 0.985801217039
30845 0.987829614604
31550 0.98985801217
32149 0.991886409736
36945 0.993914807302
53904 0.995943204868
60790 0.997971602434
100477 1.0
