28 0.00202429149798
540 0.00404858299595
711 0.00607287449393
851 0.0080971659919
990 0.0101214574899
1012 0.0121457489879
1146 0.0141700404858
1316 0.0161943319838
1322 0.0182186234818
1539 0.0202429149798
1552 0.0222672064777
1585 0.0242914979757
1616 0.0263157894737
1645 0.0283400809717
1655 0.0303643724696
1673 0.0344129554656
1673 0.0344129554656
1695 0.0364372469636
1727 0.0384615384615
1754 0.0404858299595
1778 0.0425101214575
1799 0.0445344129555
1823 0.0465587044534
1858 0.0485829959514
1974 0.0506072874494
1985 0.0526315789474
2005 0.0546558704453
2137 0.0566801619433
2176 0.0587044534413
2190 0.0607287449393
2233 0.0627530364372
2264 0.0647773279352
2294 0.0668016194332
2310 0.0688259109312
2327 0.0708502024291
2382 0.0728744939271
2420 0.0748987854251
2488 0.0769230769231
2496 0.0789473684211
2541 0.080971659919
2585 0.082995951417
2615 0.085020242915
2624 0.087044534413
2638 0.0890688259109
2688 0.0910931174089
2710 0.0931174089069
2748 0.0971659919028
2748 0.0971659919028
2757 0.0991902834008
2764 0.101214574899
2770 0.103238866397
2790 0.105263157895
2804 0.107287449393
2830 0.109311740891
2848 0.111336032389
2853 0.113360323887
2855 0.115384615385
2873 0.119433198381
2873 0.119433198381
2875 0.121457489879
2886 0.123481781377
2901 0.125506072874
2925 0.127530364372
2971 0.12955465587
2977 0.133603238866
2977 0.133603238866
2983 0.135627530364
2988 0.137651821862
2993 0.13967611336
2998 0.141700404858
2999 0.143724696356
3003 0.145748987854
3034 0.151821862348
3034 0.151821862348
3034 0.151821862348
3058 0.153846153846
3065 0.155870445344
3076 0.157894736842
3086 0.15991902834
3089 0.161943319838
3092 0.163967611336
3094 0.165991902834
3101 0.168016194332
3110 0.17004048583
3111 0.174089068826
3111 0.174089068826
3138 0.176113360324
3149 0.178137651822
3151 0.18016194332
3176 0.182186234818
3205 0.184210526316
3208 0.186234817814
3232 0.188259109312
3241 0.19028340081
3246 0.192307692308
3255 0.194331983806
3310 0.196356275304
3316 0.198380566802
3327 0.2004048583
3340 0.202429149798
3381 0.206477732794
3381 0.206477732794
3387 0.208502024291
3394 0.210526315789
3395 0.212550607287
3415 0.214574898785
3420 0.216599190283
3429 0.218623481781
3453 0.220647773279
3479 0.222672064777
3490 0.224696356275
3498 0.226720647773
3519 0.228744939271
3520 0.230769230769
3521 0.232793522267
3548 0.234817813765
3550 0.236842105263
3554 0.238866396761
3573 0.240890688259
3580 0.242914979757
3583 0.244939271255
3599 0.246963562753
3620 0.248987854251
3651 0.251012145749
3658 0.253036437247
3671 0.255060728745
3684 0.257085020243
3691 0.259109311741
3692 0.261133603239
3713 0.263157894737
3741 0.265182186235
3743 0.267206477733
3767 0.269230769231
3791 0.271255060729
3844 0.273279352227
3866 0.275303643725
3876 0.279352226721
3876 0.279352226721
3886 0.281376518219
3887 0.283400809717
3898 0.285425101215
3899 0.287449392713
3917 0.289473684211
3944 0.291497975709
3951 0.293522267206
3956 0.295546558704
3984 0.297570850202
3988 0.2995951417
3999 0.301619433198
4005 0.303643724696
4010 0.305668016194
4025 0.307692307692
4035 0.30971659919
4036 0.311740890688
4039 0.313765182186
4045 0.315789473684
4046 0.317813765182
4066 0.31983805668
4067 0.321862348178
4079 0.323886639676
4080 0.325910931174
4085 0.327935222672
4100 0.32995951417
4116 0.331983805668
4117 0.334008097166
4135 0.336032388664
4141 0.338056680162
4146 0.34008097166
4161 0.342105263158
4187 0.344129554656
4188 0.346153846154
4195 0.348178137652
4197 0.35020242915
4203 0.352226720648
4210 0.354251012146
4233 0.356275303644
4265 0.358299595142
4285 0.36032388664
4293 0.362348178138
4295 0.364372469636
4323 0.366396761134
4348 0.368421052632
4363 0.37044534413
4378 0.372469635628
4382 0.374493927126
4400 0.376518218623
4406 0.378542510121
4420 0.380566801619
4427 0.382591093117
4433 0.384615384615
4445 0.386639676113
4452 0.388663967611
4470 0.390688259109
4494 0.392712550607
4500 0.394736842105
4504 0.396761133603
4506 0.398785425101
4524 0.400809716599
4535 0.402834008097
4536 0.404858299595
4540 0.406882591093
4552 0.408906882591
4575 0.410931174089
4586 0.412955465587
4595 0.414979757085
4598 0.417004048583
4603 0.419028340081
4606 0.421052631579
4673 0.423076923077
4683 0.425101214575
4687 0.427125506073
4688 0.429149797571
4691 0.431174089069
4709 0.433198380567
4728 0.435222672065
4740 0.437246963563
4741 0.439271255061
4755 0.441295546559
4758 0.443319838057
4764 0.445344129555
4803 0.447368421053
4806 0.449392712551
4825 0.451417004049
4843 0.453441295547
4868 0.455465587045
4898 0.457489878543
4903 0.45951417004
4907 0.461538461538
4934 0.463562753036
4935 0.465587044534
4942 0.467611336032
4961 0.46963562753
4984 0.471659919028
4999 0.473684210526
5033 0.475708502024
5035 0.477732793522
5041 0.47975708502
5046 0.483805668016
5046 0.483805668016
5063 0.485829959514
5073 0.48987854251
5073 0.48987854251
5080 0.491902834008
5099 0.493927125506
5102 0.495951417004
5109 0.497975708502
5111 0.5
5118 0.502024291498
5120 0.506072874494
5120 0.506072874494
5128 0.508097165992
5137 0.51012145749
5164 0.512145748988
5206 0.514170040486
5222 0.516194331984
5226 0.518218623482
5235 0.52024291498
5243 0.522267206478
5260 0.524291497976
5279 0.526315789474
5280 0.528340080972
5285 0.53036437247
5286 0.534412955466
5286 0.534412955466
5289 0.536437246964
5290 0.538461538462
5322 0.54048582996
5325 0.542510121457
5345 0.544534412955
5366 0.546558704453
5445 0.548582995951
5448 0.550607287449
5450 0.552631578947
5451 0.554655870445
5457 0.556680161943
5464 0.558704453441
5477 0.560728744939
5487 0.562753036437
5554 0.564777327935
5555 0.566801619433
5557 0.568825910931
5563 0.570850202429
5573 0.572874493927
5581 0.574898785425
5584 0.576923076923
5607 0.578947368421
5642 0.580971659919
5690 0.582995951417
5720 0.585020242915
5747 0.587044534413
5750 0.589068825911
5766 0.591093117409
5802 0.593117408907
5805 0.595141700405
5813 0.597165991903
5823 0.599190283401
5830 0.601214574899
5831 0.603238866397
5857 0.607287449393
5857 0.607287449393
5859 0.609311740891
5876 0.611336032389
5907 0.613360323887
5914 0.615384615385
5947 0.619433198381
5947 0.619433198381
5955 0.621457489879
5957 0.623481781377
5979 0.625506072874
5983 0.627530364372
6014 0.62955465587
6017 0.631578947368
6024 0.633603238866
6040 0.635627530364
6048 0.637651821862
6051 0.63967611336
6077 0.641700404858
6099 0.643724696356
6147 0.645748987854
6148 0.647773279352
6171 0.64979757085
6176 0.651821862348
6219 0.653846153846
6264 0.655870445344
6278 0.657894736842
6287 0.65991902834
6306 0.661943319838
6325 0.663967611336
6351 0.665991902834
6364 0.668016194332
6381 0.67004048583
6418 0.672064777328
6425 0.674089068826
6431 0.676113360324
6438 0.678137651822
6462 0.68016194332
6466 0.682186234818
6469 0.684210526316
6521 0.686234817814
6532 0.688259109312
6533 0.69028340081
6598 0.692307692308
6647 0.694331983806
6656 0.696356275304
6703 0.698380566802
6723 0.7004048583
6741 0.702429149798
6742 0.704453441296
6752 0.706477732794
6776 0.708502024291
6780 0.710526315789
6794 0.712550607287
6832 0.714574898785
6843 0.716599190283
6881 0.718623481781
6883 0.720647773279
6914 0.722672064777
6924 0.724696356275
6950 0.726720647773
6952 0.728744939271
6956 0.730769230769
6967 0.732793522267
6988 0.734817813765
6993 0.736842105263
6997 0.738866396761
7030 0.740890688259
7047 0.742914979757
7059 0.744939271255
7061 0.746963562753
7076 0.748987854251
7080 0.751012145749
7112 0.753036437247
7128 0.755060728745
7132 0.757085020243
7173 0.759109311741
7176 0.761133603239
7242 0.763157894737
7244 0.765182186235
7259 0.767206477733
7290 0.769230769231
7292 0.771255060729
7303 0.773279352227
7312 0.775303643725
7326 0.777327935223
7327 0.779352226721
7328 0.781376518219
7384 0.783400809717
7422 0.785425101215
7434 0.787449392713
7498 0.789473684211
7499 0.791497975709
7511 0.793522267206
7613 0.795546558704
7670 0.797570850202
7705 0.7995951417
7715 0.801619433198
7720 0.803643724696
7787 0.805668016194
7887 0.807692307692
7898 0.80971659919
7965 0.811740890688
8003 0.813765182186
8010 0.815789473684
8053 0.817813765182
8102 0.81983805668
8109 0.821862348178
8126 0.823886639676
8129 0.825910931174
8164 0.827935222672
8179 0.82995951417
8209 0.831983805668
8266 0.834008097166
8348 0.836032388664
8385 0.838056680162
8390 0.84008097166
8394 0.842105263158
8395 0.844129554656
8405 0.846153846154
8412 0.848178137652
8456 0.85020242915
8461 0.852226720648
8463 0.854251012146
8625 0.856275303644
8671 0.858299595142
8689 0.86032388664
8746 0.862348178138
8777 0.864372469636
8827 0.866396761134
8830 0.868421052632
8844 0.87044534413
8874 0.872469635628
8903 0.874493927126
8922 0.876518218623
8939 0.878542510121
8958 0.880566801619
8973 0.882591093117
8990 0.884615384615
9082 0.886639676113
9116 0.888663967611
9141 0.890688259109
9265 0.892712550607
9280 0.894736842105
9304 0.896761133603
9397 0.898785425101
9413 0.900809716599
9493 0.902834008097
9596 0.904858299595
9761 0.906882591093
9778 0.908906882591
9838 0.910931174089
9870 0.912955465587
9978 0.914979757085
10163 0.917004048583
10213 0.919028340081
10234 0.921052631579
10297 0.923076923077
10808 0.925101214575
10810 0.927125506073
10912 0.929149797571
10913 0.931174089069
10950 0.933198380567
11076 0.935222672065
11120 0.937246963563
11124 0.939271255061
11125 0.941295546559
11325 0.943319838057
11418 0.945344129555
11456 0.947368421053
11530 0.949392712551
11561 0.951417004049
11850 0.953441295547
11870 0.955465587045
12097 0.957489878543
12106 0.95951417004
12128 0.961538461538
12180 0.963562753036
12311 0.965587044534
12397 0.967611336032
12483 0.96963562753
12639 0.971659919028
12732 0.973684210526
13284 0.975708502024
13413 0.977732793522
13490 0.97975708502
13557 0.981781376518
13687 0.983805668016
13909 0.985829959514
14272 0.987854251012
14311 0.98987854251
14357 0.991902834008
15553 0.993927125506
17665 0.995951417004
22984 0.997975708502
97967 1.0
