55 0.00202429149798
563 0.00404858299595
709 0.00607287449393
864 0.0080971659919
994 0.0101214574899
1037 0.0121457489879
1138 0.0141700404858
1336 0.0161943319838
1510 0.0182186234818
1520 0.0202429149798
1525 0.0222672064777
1575 0.0242914979757
1595 0.0263157894737
1608 0.0283400809717
1652 0.0303643724696
1663 0.0323886639676
1667 0.0344129554656
1682 0.0364372469636
1687 0.0384615384615
1691 0.0404858299595
1694 0.0425101214575
1782 0.0445344129555
1797 0.0465587044534
1852 0.0485829959514
1898 0.0506072874494
1972 0.0526315789474
2005 0.0546558704453
2052 0.0566801619433
2150 0.0587044534413
2158 0.0607287449393
2159 0.0627530364372
2197 0.0647773279352
2198 0.0668016194332
2310 0.0688259109312
2329 0.0708502024291
2342 0.0728744939271
2398 0.0748987854251
2413 0.0769230769231
2426 0.0789473684211
2431 0.080971659919
2439 0.082995951417
2518 0.085020242915
2557 0.087044534413
2561 0.0890688259109
2598 0.0910931174089
2604 0.0931174089069
2679 0.0951417004049
2682 0.0971659919028
2689 0.0991902834008
2699 0.101214574899
2707 0.103238866397
2741 0.105263157895
2747 0.107287449393
2770 0.109311740891
2784 0.111336032389
2802 0.113360323887
2816 0.115384615385
2820 0.117408906883
2848 0.119433198381
2850 0.121457489879
2853 0.123481781377
2856 0.125506072874
2866 0.127530364372
2873 0.12955465587
2892 0.131578947368
2893 0.133603238866
2903 0.135627530364
2906 0.137651821862
2914 0.13967611336
2918 0.141700404858
2934 0.143724696356
2938 0.145748987854
2946 0.147773279352
2958 0.14979757085
2963 0.151821862348
2964 0.153846153846
2965 0.155870445344
2974 0.157894736842
2977 0.15991902834
3002 0.161943319838
3013 0.163967611336
3021 0.165991902834
3026 0.168016194332
3043 0.17004048583
3047 0.172064777328
3096 0.174089068826
3099 0.176113360324
3104 0.178137651822
3106 0.18016194332
3156 0.182186234818
3159 0.184210526316
3164 0.186234817814
3168 0.188259109312
3204 0.19028340081
3214 0.192307692308
3223 0.194331983806
3241 0.196356275304
3266 0.198380566802
3273 0.2004048583
3305 0.202429149798
3343 0.204453441296
3356 0.206477732794
3366 0.208502024291
3382 0.210526315789
3386 0.212550607287
3388 0.214574898785
3395 0.216599190283
3403 0.218623481781
3410 0.220647773279
3420 0.222672064777
3434 0.224696356275
3449 0.226720647773
3451 0.228744939271
3454 0.230769230769
3455 0.232793522267
3456 0.234817813765
3482 0.236842105263
3487 0.238866396761
3492 0.240890688259
3500 0.242914979757
3520 0.244939271255
3530 0.246963562753
3541 0.248987854251
3549 0.251012145749
3550 0.253036437247
3553 0.255060728745
3570 0.257085020243
3577 0.259109311741
3614 0.261133603239
3637 0.263157894737
3649 0.265182186235
3660 0.267206477733
3663 0.269230769231
3666 0.271255060729
3675 0.273279352227
3688 0.275303643725
3701 0.277327935223
3732 0.279352226721
3745 0.281376518219
3751 0.283400809717
3763 0.285425101215
3779 0.287449392713
3804 0.289473684211
3806 0.291497975709
3813 0.293522267206
3829 0.295546558704
3848 0.297570850202
3849 0.2995951417
3882 0.301619433198
3894 0.303643724696
3925 0.305668016194
3941 0.307692307692
3945 0.30971659919
3953 0.311740890688
3955 0.313765182186
3972 0.315789473684
3977 0.317813765182
3988 0.321862348178
3988 0.321862348178
3994 0.323886639676
3995 0.325910931174
3996 0.327935222672
3999 0.32995951417
4004 0.331983805668
4022 0.334008097166
4035 0.336032388664
4042 0.338056680162
4076 0.34008097166
4077 0.342105263158
4082 0.344129554656
4102 0.346153846154
4125 0.348178137652
4138 0.35020242915
4141 0.352226720648
4147 0.354251012146
4148 0.356275303644
4149 0.358299595142
4157 0.36032388664
4167 0.362348178138
4192 0.366396761134
4192 0.366396761134
4194 0.368421052632
4205 0.37044534413
4232 0.372469635628
4234 0.374493927126
4249 0.378542510121
4249 0.378542510121
4259 0.380566801619
4272 0.382591093117
4282 0.384615384615
4297 0.386639676113
4310 0.388663967611
4320 0.390688259109
4338 0.392712550607
4359 0.394736842105
4368 0.396761133603
4392 0.398785425101
4396 0.400809716599
4403 0.402834008097
4426 0.406882591093
4426 0.406882591093
4427 0.408906882591
4434 0.410931174089
4439 0.412955465587
4466 0.414979757085
4525 0.417004048583
4530 0.419028340081
4533 0.423076923077
4533 0.423076923077
4539 0.425101214575
4543 0.427125506073
4551 0.431174089069
4551 0.431174089069
4578 0.433198380567
4631 0.435222672065
4636 0.437246963563
4639 0.439271255061
4647 0.441295546559
4651 0.443319838057
4654 0.445344129555
4679 0.449392712551
4679 0.449392712551
4686 0.451417004049
4697 0.453441295547
4718 0.455465587045
4719 0.457489878543
4750 0.45951417004
4774 0.461538461538
4778 0.463562753036
4795 0.465587044534
4857 0.467611336032
4860 0.46963562753
4865 0.471659919028
4885 0.473684210526
4887 0.477732793522
4887 0.477732793522
4906 0.47975708502
4925 0.481781376518
4943 0.483805668016
4946 0.485829959514
4978 0.487854251012
4979 0.48987854251
4987 0.491902834008
4988 0.493927125506
4989 0.495951417004
4992 0.497975708502
5000 0.5
5004 0.502024291498
5010 0.504048582996
5019 0.506072874494
5049 0.508097165992
5050 0.51012145749
5053 0.512145748988
5063 0.514170040486
5066 0.516194331984
5087 0.518218623482
5088 0.52024291498
5107 0.522267206478
5113 0.526315789474
5113 0.526315789474
5115 0.528340080972
5137 0.53036437247
5146 0.532388663968
5160 0.534412955466
5161 0.536437246964
5171 0.538461538462
5177 0.54048582996
5185 0.542510121457
5194 0.544534412955
5225 0.546558704453
5254 0.548582995951
5285 0.550607287449
5313 0.552631578947
5327 0.554655870445
5334 0.556680161943
5360 0.558704453441
5362 0.560728744939
5383 0.562753036437
5411 0.564777327935
5422 0.566801619433
5430 0.568825910931
5479 0.570850202429
5482 0.572874493927
5490 0.574898785425
5494 0.576923076923
5525 0.578947368421
5569 0.580971659919
5588 0.582995951417
5591 0.585020242915
5612 0.587044534413
5617 0.589068825911
5632 0.591093117409
5644 0.593117408907
5655 0.595141700405
5666 0.597165991903
5698 0.599190283401
5703 0.601214574899
5707 0.603238866397
5714 0.605263157895
5715 0.607287449393
5730 0.609311740891
5735 0.611336032389
5741 0.613360323887
5773 0.615384615385
5800 0.619433198381
5800 0.619433198381
5802 0.621457489879
5807 0.623481781377
5842 0.625506072874
5857 0.62955465587
5857 0.62955465587
5874 0.631578947368
5876 0.633603238866
5895 0.635627530364
5922 0.637651821862
5931 0.63967611336
5943 0.641700404858
5967 0.643724696356
5974 0.647773279352
5974 0.647773279352
5994 0.64979757085
5998 0.651821862348
6005 0.653846153846
6010 0.655870445344
6014 0.657894736842
6024 0.65991902834
6050 0.661943319838
6072 0.665991902834
6072 0.665991902834
6078 0.668016194332
6086 0.67004048583
6151 0.672064777328
6204 0.674089068826
6236 0.676113360324
6250 0.678137651822
6257 0.68016194332
6271 0.682186234818
6274 0.684210526316
6294 0.69028340081
6294 0.69028340081
6294 0.69028340081
6316 0.694331983806
6316 0.694331983806
6342 0.696356275304
6379 0.698380566802
6392 0.7004048583
6401 0.702429149798
6412 0.704453441296
6418 0.706477732794
6434 0.708502024291
6449 0.710526315789
6450 0.712550607287
6550 0.714574898785
6571 0.716599190283
6591 0.718623481781
6618 0.720647773279
6663 0.724696356275
6663 0.724696356275
6680 0.726720647773
6685 0.728744939271
6705 0.730769230769
6743 0.732793522267
6814 0.734817813765
6840 0.736842105263
6857 0.738866396761
6879 0.740890688259
6881 0.742914979757
6883 0.744939271255
6889 0.746963562753
6899 0.748987854251
6903 0.753036437247
6903 0.753036437247
6928 0.755060728745
6931 0.757085020243
6940 0.759109311741
6958 0.761133603239
6970 0.765182186235
6970 0.765182186235
6974 0.767206477733
6995 0.769230769231
6996 0.771255060729
7047 0.773279352227
7064 0.775303643725
7070 0.777327935223
7074 0.779352226721
7114 0.781376518219
7143 0.783400809717
7147 0.785425101215
7195 0.787449392713
7250 0.789473684211
7252 0.791497975709
7253 0.793522267206
7277 0.795546558704
7291 0.797570850202
7292 0.7995951417
7321 0.801619433198
7330 0.803643724696
7390 0.805668016194
7416 0.807692307692
7487 0.80971659919
7609 0.811740890688
7662 0.813765182186
7689 0.815789473684
7709 0.817813765182
7744 0.81983805668
7828 0.821862348178
7858 0.823886639676
7987 0.825910931174
7988 0.827935222672
8009 0.82995951417
8020 0.831983805668
8039 0.834008097166
8061 0.836032388664
8079 0.838056680162
8100 0.84008097166
8101 0.842105263158
8150 0.844129554656
8200 0.846153846154
8234 0.848178137652
8311 0.85020242915
8313 0.852226720648
8320 0.854251012146
8332 0.856275303644
8350 0.858299595142
8351 0.86032388664
8373 0.862348178138
8461 0.864372469636
8475 0.866396761134
8497 0.868421052632
8550 0.87044534413
8581 0.872469635628
8587 0.874493927126
8610 0.876518218623
8669 0.878542510121
8773 0.880566801619
8796 0.882591093117
8811 0.884615384615
8822 0.886639676113
8845 0.888663967611
8902 0.890688259109
8940 0.892712550607
8948 0.894736842105
9077 0.896761133603
9094 0.898785425101
9102 0.900809716599
9122 0.902834008097
9150 0.904858299595
9227 0.906882591093
9250 0.908906882591
9313 0.910931174089
9327 0.912955465587
9366 0.914979757085
9421 0.917004048583
9457 0.919028340081
9541 0.921052631579
9685 0.923076923077
9687 0.925101214575
9706 0.927125506073
9810 0.929149797571
9828 0.931174089069
10032 0.933198380567
10113 0.935222672065
10235 0.937246963563
10291 0.939271255061
10605 0.941295546559
10723 0.943319838057
10785 0.945344129555
10797 0.947368421053
10850 0.949392712551
10878 0.951417004049
10886 0.953441295547
10903 0.955465587045
11063 0.957489878543
11150 0.95951417004
11213 0.961538461538
11294 0.963562753036
11500 0.967611336032
11500 0.967611336032
12010 0.96963562753
12090 0.971659919028
12326 0.973684210526
12357 0.975708502024
12433 0.977732793522
12575 0.97975708502
12788 0.981781376518
12902 0.983805668016
13383 0.985829959514
13640 0.987854251012
13747 0.98987854251
14059 0.991902834008
15918 0.993927125506
17512 0.995951417004
22292 0.997975708502
34857 1.0
