30 0.00202839756592
963 0.00405679513185
1224 0.00608519269777
1499 0.00811359026369
1770 0.0101419878296
1774 0.0121703853955
2039 0.0141987829615
2340 0.0162271805274
2593 0.0182555780933
2644 0.0202839756592
2647 0.0223123732252
2724 0.0243407707911
2804 0.026369168357
2824 0.0283975659229
2861 0.0304259634888
2902 0.0324543610548
2922 0.0344827586207
2931 0.0365111561866
2937 0.0385395537525
2944 0.0405679513185
2949 0.0425963488844
2950 0.0446247464503
2987 0.0466531440162
3273 0.0486815415822
3292 0.0507099391481
3332 0.052738336714
3452 0.0547667342799
3480 0.0567951318458
3481 0.0588235294118
3749 0.0608519269777
3810 0.0628803245436
3841 0.0649087221095
4032 0.0669371196755
4046 0.0689655172414
4047 0.0709939148073
4109 0.0730223123732
4171 0.0750507099391
4253 0.0770791075051
4266 0.079107505071
4268 0.0811359026369
4344 0.0831643002028
4361 0.0851926977688
4363 0.0872210953347
4391 0.0912778904665
4391 0.0912778904665
4450 0.0933062880325
4484 0.0953346855984
4553 0.0973630831643
4608 0.0993914807302
4623 0.101419878296
4632 0.103448275862
4666 0.105476673428
4687 0.107505070994
4688 0.10953346856
4729 0.111561866126
4833 0.115618661258
4833 0.115618661258
4836 0.117647058824
4861 0.119675456389
4871 0.121703853955
4872 0.123732251521
4881 0.125760649087
4885 0.127789046653
4894 0.129817444219
4899 0.131845841785
4910 0.133874239351
4917 0.139959432049
4917 0.139959432049
4917 0.139959432049
4941 0.141987829615
4942 0.144016227181
4945 0.146044624746
4949 0.148073022312
4954 0.150101419878
4967 0.152129817444
4994 0.15415821501
4997 0.156186612576
5011 0.158215010142
5067 0.160243407708
5117 0.162271805274
5146 0.16430020284
5179 0.166328600406
5198 0.168356997972
5199 0.170385395538
5205 0.172413793103
5248 0.174442190669
5256 0.176470588235
5302 0.178498985801
5310 0.180527383367
5361 0.182555780933
5431 0.184584178499
5438 0.186612576065
5443 0.188640973631
5457 0.190669371197
5463 0.192697768763
5472 0.194726166329
5525 0.196754563895
5528 0.19878296146
5561 0.200811359026
5563 0.202839756592
5597 0.204868154158
5611 0.206896551724
5634 0.20892494929
5638 0.210953346856
5666 0.212981744422
5687 0.215010141988
5747 0.217038539554
5758 0.21906693712
5762 0.221095334686
5769 0.223123732252
5772 0.225152129817
5812 0.227180527383
5825 0.229208924949
5841 0.231237322515
5845 0.233265720081
5851 0.235294117647
5913 0.237322515213
5920 0.239350912779
5924 0.241379310345
5929 0.243407707911
5995 0.245436105477
6020 0.247464503043
6030 0.249492900609
6032 0.251521298174
6036 0.25354969574
6094 0.255578093306
6104 0.257606490872
6123 0.259634888438
6139 0.261663286004
6140 0.26369168357
6149 0.267748478702
6149 0.267748478702
6164 0.269776876268
6171 0.2738336714
6171 0.2738336714
6180 0.275862068966
6187 0.277890466531
6206 0.279918864097
6237 0.281947261663
6289 0.283975659229
6319 0.286004056795
6353 0.288032454361
6357 0.290060851927
6394 0.292089249493
6398 0.294117647059
6418 0.296146044625
6424 0.298174442191
6505 0.300202839757
6509 0.302231237323
6524 0.304259634888
6539 0.306288032454
6576 0.30831643002
6606 0.310344827586
6617 0.312373225152
6628 0.314401622718
6648 0.316430020284
6661 0.31845841785
6664 0.320486815416
6671 0.322515212982
6677 0.324543610548
6689 0.326572008114
6690 0.32860040568
6732 0.330628803245
6745 0.332657200811
6758 0.334685598377
6764 0.336713995943
6780 0.338742393509
6783 0.340770791075
6806 0.342799188641
6817 0.344827586207
6903 0.346855983773
6974 0.348884381339
6976 0.350912778905
6977 0.352941176471
7017 0.354969574037
7050 0.356997971602
7063 0.359026369168
7095 0.361054766734
7120 0.3630831643
7130 0.365111561866
7133 0.367139959432
7150 0.369168356998
7152 0.371196754564
7158 0.37322515213
7176 0.375253549696
7185 0.377281947262
7200 0.381338742394
7200 0.381338742394
7204 0.383367139959
7220 0.385395537525
7231 0.387423935091
7236 0.389452332657
7251 0.391480730223
7295 0.393509127789
7310 0.395537525355
7357 0.397565922921
7367 0.399594320487
7370 0.401622718053
7374 0.403651115619
7411 0.405679513185
7428 0.407707910751
7574 0.409736308316
7588 0.411764705882
7601 0.413793103448
7666 0.415821501014
7686 0.41784989858
7696 0.419878296146
7714 0.421906693712
7737 0.423935091278
7774 0.425963488844
7799 0.42799188641
7834 0.430020283976
7836 0.434077079108
7836 0.434077079108
7852 0.436105476673
7853 0.438133874239
7857 0.440162271805
7897 0.442190669371
7906 0.444219066937
7911 0.446247464503
7919 0.448275862069
7936 0.450304259635
7938 0.452332657201
7976 0.456389452333
7976 0.456389452333
7996 0.458417849899
8010 0.460446247465
8016 0.46247464503
8023 0.464503042596
8025 0.466531440162
8039 0.468559837728
8046 0.470588235294
8054 0.47261663286
8067 0.474645030426
8086 0.476673427992
8129 0.478701825558
8139 0.480730223124
8160 0.48275862069
8176 0.484787018256
8187 0.486815415822
8197 0.488843813387
8218 0.490872210953
8222 0.492900608519
8249 0.494929006085
8251 0.496957403651
8257 0.498985801217
8272 0.501014198783
8283 0.503042596349
8297 0.505070993915
8299 0.507099391481
8301 0.509127789047
8303 0.511156186613
8351 0.513184584178
8411 0.515212981744
8454 0.51724137931
8530 0.519269776876
8534 0.521298174442
8554 0.523326572008
8581 0.525354969574
8618 0.52738336714
8643 0.529411764706
8651 0.531440162272
8653 0.533468559838
8659 0.535496957404
8665 0.53752535497
8673 0.539553752535
8683 0.541582150101
8704 0.543610547667
8706 0.545638945233
8761 0.547667342799
8763 0.549695740365
8766 0.553752535497
8766 0.553752535497
8792 0.555780933063
8799 0.557809330629
8823 0.559837728195
8851 0.561866125761
8861 0.563894523327
8908 0.565922920892
8916 0.567951318458
8937 0.569979716024
8946 0.57200811359
8947 0.574036511156
8951 0.576064908722
8967 0.578093306288
8993 0.580121703854
9075 0.58215010142
9080 0.584178498986
9089 0.586206896552
9104 0.588235294118
9110 0.590263691684
9154 0.592292089249
9163 0.594320486815
9168 0.596348884381
9169 0.598377281947
9170 0.600405679513
9172 0.602434077079
9192 0.604462474645
9196 0.606490872211
9231 0.608519269777
9274 0.610547667343
9291 0.612576064909
9295 0.614604462475
9304 0.616632860041
9362 0.618661257606
9364 0.620689655172
9374 0.622718052738
9399 0.624746450304
9427 0.62677484787
9462 0.628803245436
9488 0.630831643002
9512 0.632860040568
9533 0.634888438134
9553 0.6369168357
9570 0.638945233266
9571 0.640973630832
9581 0.643002028398
9661 0.645030425963
9708 0.647058823529
9770 0.649087221095
9777 0.651115618661
9827 0.653144016227
9869 0.655172413793
9884 0.657200811359
9920 0.659229208925
9951 0.661257606491
9969 0.663286004057
9993 0.665314401623
9997 0.667342799189
10048 0.669371196755
10080 0.67139959432
10091 0.673427991886
10108 0.675456389452
10196 0.677484787018
10230 0.679513184584
10261 0.68154158215
10269 0.683569979716
10294 0.685598377282
10432 0.687626774848
10440 0.689655172414
10509 0.69168356998
10524 0.693711967546
10531 0.695740365112
10578 0.697768762677
10587 0.699797160243
10613 0.701825557809
10624 0.703853955375
10635 0.705882352941
10735 0.707910750507
10747 0.709939148073
10767 0.711967545639
10804 0.713995943205
10888 0.716024340771
10924 0.718052738337
10928 0.720081135903
10960 0.722109533469
11020 0.724137931034
11039 0.7261663286
11059 0.728194726166
11082 0.730223123732
11136 0.732251521298
11139 0.734279918864
11143 0.73630831643
11150 0.738336713996
11216 0.740365111562
11250 0.742393509128
11254 0.744421906694
11267 0.74645030426
11270 0.748478701826
11273 0.750507099391
11279 0.752535496957
11282 0.754563894523
11359 0.756592292089
11479 0.758620689655
11529 0.760649087221
11558 0.762677484787
11598 0.764705882353
11711 0.766734279919
11724 0.768762677485
11726 0.770791075051
11787 0.772819472617
11792 0.774847870183
11839 0.776876267748
11869 0.778904665314
11914 0.78093306288
11949 0.782961460446
11955 0.784989858012
11982 0.787018255578
12093 0.789046653144
12103 0.79107505071
12133 0.793103448276
12155 0.795131845842
12158 0.797160243408
12178 0.799188640974
12234 0.80121703854
12281 0.803245436105
12493 0.805273833671
12616 0.807302231237
12692 0.809330628803
12733 0.811359026369
12770 0.813387423935
12775 0.815415821501
12783 0.817444219067
12788 0.819472616633
12858 0.821501014199
12942 0.823529411765
12966 0.825557809331
13009 0.827586206897
13040 0.829614604462
13081 0.831643002028
13184 0.833671399594
13200 0.83569979716
13227 0.837728194726
13245 0.839756592292
13432 0.841784989858
13469 0.843813387424
13482 0.84584178499
13490 0.847870182556
13507 0.849898580122
13528 0.851926977688
13724 0.853955375254
13769 0.855983772819
13783 0.858012170385
13802 0.860040567951
13908 0.864097363083
13908 0.864097363083
13996 0.866125760649
14043 0.868154158215
14071 0.870182555781
14096 0.872210953347
14122 0.874239350913
14154 0.876267748479
14161 0.878296146045
14339 0.880324543611
14363 0.882352941176
14425 0.884381338742
14461 0.886409736308
14522 0.888438133874
14547 0.89046653144
14874 0.892494929006
15000 0.894523326572
15038 0.896551724138
15358 0.898580121704
15435 0.90060851927
15465 0.902636916836
15503 0.904665314402
15558 0.906693711968
15604 0.908722109533
15709 0.910750507099
15761 0.912778904665
15793 0.914807302231
15809 0.916835699797
15839 0.918864097363
15887 0.920892494929
15900 0.922920892495
15940 0.924949290061
15961 0.926977687627
15998 0.929006085193
16042 0.931034482759
16067 0.933062880325
16109 0.93509127789
16696 0.937119675456
16883 0.939148073022
17222 0.941176470588
17352 0.943204868154
17568 0.94523326572
17654 0.947261663286
17810 0.949290060852
18380 0.951318458418
18386 0.953346855984
18402 0.95537525355
18536 0.957403651116
18547 0.959432048682
19212 0.961460446247
19214 0.963488843813
19662 0.965517241379
19800 0.967545638945
20098 0.969574036511
20682 0.971602434077
21019 0.973630831643
21263 0.975659229209
21466 0.977687626775
21685 0.979716024341
21705 0.981744421907
21740 0.983772819473
23057 0.985801217039
23136 0.987829614604
23422 0.98985801217
24306 0.991886409736
27587 0.993914807302
35103 0.995943204868
39634 0.997971602434
3904098 1.0
