30 0.00202839756592
930 0.00405679513185
1237 0.00608519269777
1479 0.00811359026369
1757 0.0101419878296
1762 0.0121703853955
2026 0.0141987829615
2332 0.0162271805274
2339 0.0182555780933
2520 0.0202839756592
2639 0.0223123732252
2660 0.0243407707911
2721 0.026369168357
2726 0.0283975659229
2820 0.0304259634888
2902 0.0344827586207
2902 0.0344827586207
2914 0.0365111561866
2918 0.0385395537525
2932 0.0405679513185
2941 0.0425963488844
3048 0.0446247464503
3138 0.0466531440162
3139 0.0486815415822
3315 0.0507099391481
3450 0.052738336714
3469 0.0547667342799
3563 0.0567951318458
3577 0.0588235294118
3757 0.0608519269777
3783 0.0628803245436
3794 0.0649087221095
4005 0.0669371196755
4034 0.0689655172414
4043 0.0709939148073
4096 0.0730223123732
4198 0.0750507099391
4219 0.0770791075051
4393 0.079107505071
4394 0.0811359026369
4413 0.0831643002028
4446 0.0851926977688
4518 0.0872210953347
4553 0.0892494929006
4567 0.0912778904665
4571 0.0933062880325
4598 0.0953346855984
4636 0.0973630831643
4670 0.0993914807302
4704 0.101419878296
4708 0.103448275862
4712 0.105476673428
4740 0.107505070994
4768 0.10953346856
4796 0.111561866126
4805 0.113590263692
4807 0.115618661258
4819 0.117647058824
4820 0.119675456389
4850 0.121703853955
4859 0.123732251521
4862 0.125760649087
4863 0.127789046653
4907 0.129817444219
4917 0.131845841785
4936 0.133874239351
4945 0.135902636917
4947 0.137931034483
4950 0.139959432049
4954 0.141987829615
4997 0.144016227181
4998 0.146044624746
5003 0.148073022312
5015 0.150101419878
5026 0.152129817444
5051 0.15415821501
5075 0.156186612576
5079 0.158215010142
5088 0.160243407708
5101 0.162271805274
5132 0.16430020284
5173 0.166328600406
5190 0.168356997972
5192 0.170385395538
5194 0.174442190669
5194 0.174442190669
5257 0.176470588235
5258 0.178498985801
5329 0.180527383367
5412 0.182555780933
5425 0.184584178499
5497 0.186612576065
5498 0.188640973631
5501 0.190669371197
5506 0.192697768763
5520 0.194726166329
5525 0.196754563895
5540 0.19878296146
5590 0.200811359026
5596 0.202839756592
5609 0.204868154158
5623 0.206896551724
5654 0.20892494929
5746 0.210953346856
5783 0.212981744422
5819 0.215010141988
5821 0.217038539554
5823 0.21906693712
5831 0.221095334686
5833 0.223123732252
5850 0.225152129817
5884 0.227180527383
5921 0.229208924949
5925 0.231237322515
5932 0.233265720081
5965 0.235294117647
5970 0.237322515213
6027 0.239350912779
6034 0.241379310345
6087 0.243407707911
6109 0.245436105477
6114 0.247464503043
6132 0.249492900609
6137 0.251521298174
6156 0.25354969574
6164 0.255578093306
6169 0.257606490872
6172 0.259634888438
6190 0.261663286004
6192 0.26369168357
6233 0.265720081136
6268 0.267748478702
6273 0.269776876268
6287 0.271805273834
6354 0.2738336714
6356 0.275862068966
6360 0.277890466531
6368 0.279918864097
6374 0.281947261663
6415 0.283975659229
6420 0.286004056795
6451 0.288032454361
6500 0.290060851927
6504 0.292089249493
6524 0.294117647059
6537 0.296146044625
6543 0.298174442191
6554 0.300202839757
6558 0.302231237323
6592 0.304259634888
6646 0.306288032454
6648 0.30831643002
6656 0.310344827586
6670 0.312373225152
6689 0.314401622718
6699 0.316430020284
6741 0.31845841785
6775 0.320486815416
6780 0.322515212982
6811 0.324543610548
6902 0.326572008114
6921 0.32860040568
6963 0.330628803245
6982 0.332657200811
6991 0.334685598377
7035 0.336713995943
7042 0.338742393509
7066 0.340770791075
7105 0.342799188641
7106 0.344827586207
7110 0.346855983773
7136 0.348884381339
7142 0.350912778905
7155 0.352941176471
7188 0.354969574037
7197 0.356997971602
7208 0.359026369168
7231 0.361054766734
7237 0.3630831643
7251 0.365111561866
7274 0.367139959432
7299 0.369168356998
7306 0.371196754564
7325 0.37322515213
7344 0.375253549696
7370 0.377281947262
7371 0.379310344828
7378 0.381338742394
7394 0.383367139959
7420 0.385395537525
7437 0.387423935091
7469 0.389452332657
7525 0.391480730223
7565 0.393509127789
7578 0.395537525355
7616 0.397565922921
7622 0.399594320487
7623 0.401622718053
7625 0.405679513185
7625 0.405679513185
7651 0.407707910751
7663 0.409736308316
7698 0.411764705882
7708 0.413793103448
7712 0.415821501014
7713 0.41784989858
7721 0.419878296146
7723 0.421906693712
7730 0.423935091278
7736 0.425963488844
7778 0.42799188641
7790 0.430020283976
7846 0.432048681542
7857 0.434077079108
7864 0.436105476673
7960 0.438133874239
7962 0.440162271805
7987 0.442190669371
8003 0.444219066937
8005 0.446247464503
8009 0.448275862069
8020 0.450304259635
8035 0.452332657201
8056 0.454361054767
8061 0.456389452333
8063 0.458417849899
8126 0.460446247465
8178 0.46247464503
8200 0.464503042596
8239 0.466531440162
8248 0.468559837728
8260 0.470588235294
8271 0.47261663286
8311 0.474645030426
8345 0.476673427992
8373 0.478701825558
8393 0.480730223124
8410 0.48275862069
8419 0.484787018256
8444 0.486815415822
8504 0.488843813387
8522 0.490872210953
8526 0.492900608519
8578 0.494929006085
8608 0.496957403651
8616 0.498985801217
8631 0.501014198783
8658 0.503042596349
8665 0.505070993915
8678 0.507099391481
8683 0.509127789047
8701 0.511156186613
8717 0.513184584178
8722 0.515212981744
8732 0.51724137931
8741 0.519269776876
8747 0.521298174442
8749 0.523326572008
8765 0.52738336714
8765 0.52738336714
8773 0.529411764706
8776 0.531440162272
8786 0.533468559838
8788 0.535496957404
8827 0.53752535497
8836 0.539553752535
8856 0.541582150101
8861 0.543610547667
8890 0.545638945233
8938 0.547667342799
8941 0.549695740365
8971 0.551724137931
8995 0.553752535497
9010 0.555780933063
9021 0.557809330629
9048 0.559837728195
9056 0.561866125761
9065 0.563894523327
9075 0.565922920892
9088 0.567951318458
9109 0.569979716024
9125 0.57200811359
9149 0.574036511156
9152 0.576064908722
9198 0.578093306288
9209 0.580121703854
9222 0.58215010142
9225 0.584178498986
9243 0.586206896552
9252 0.588235294118
9270 0.590263691684
9275 0.592292089249
9307 0.594320486815
9311 0.596348884381
9338 0.598377281947
9382 0.600405679513
9431 0.602434077079
9454 0.604462474645
9455 0.606490872211
9462 0.608519269777
9488 0.610547667343
9511 0.612576064909
9527 0.614604462475
9549 0.616632860041
9573 0.618661257606
9608 0.620689655172
9619 0.622718052738
9672 0.624746450304
9709 0.62677484787
9726 0.628803245436
9851 0.630831643002
9860 0.632860040568
9904 0.634888438134
9911 0.6369168357
9915 0.638945233266
9952 0.640973630832
9978 0.643002028398
9985 0.645030425963
10021 0.647058823529
10027 0.649087221095
10067 0.651115618661
10075 0.653144016227
10104 0.655172413793
10106 0.657200811359
10174 0.659229208925
10180 0.661257606491
10189 0.663286004057
10210 0.665314401623
10236 0.667342799189
10257 0.669371196755
10292 0.67139959432
10305 0.673427991886
10328 0.675456389452
10415 0.677484787018
10443 0.679513184584
10500 0.68154158215
10516 0.683569979716
10558 0.685598377282
10561 0.687626774848
10598 0.689655172414
10610 0.69168356998
10677 0.693711967546
10682 0.695740365112
10685 0.697768762677
10696 0.699797160243
10704 0.701825557809
10766 0.703853955375
10803 0.705882352941
10822 0.707910750507
10896 0.709939148073
10976 0.711967545639
11037 0.713995943205
11049 0.716024340771
11071 0.718052738337
11102 0.720081135903
11108 0.722109533469
11111 0.724137931034
11159 0.7261663286
11183 0.728194726166
11263 0.730223123732
11333 0.732251521298
11338 0.734279918864
11408 0.73630831643
11412 0.738336713996
11501 0.740365111562
11700 0.742393509128
11710 0.744421906694
11762 0.74645030426
11772 0.748478701826
11777 0.750507099391
11826 0.752535496957
11842 0.754563894523
11857 0.756592292089
11864 0.758620689655
11884 0.760649087221
11889 0.762677484787
11968 0.764705882353
11975 0.766734279919
11993 0.768762677485
12029 0.770791075051
12057 0.772819472617
12087 0.774847870183
12114 0.776876267748
12213 0.778904665314
12224 0.78093306288
12230 0.782961460446
12265 0.784989858012
12287 0.787018255578
12326 0.789046653144
12389 0.79107505071
12418 0.793103448276
12436 0.795131845842
12449 0.797160243408
12456 0.799188640974
12484 0.80121703854
12554 0.803245436105
12560 0.805273833671
12594 0.807302231237
12670 0.809330628803
12849 0.811359026369
12880 0.813387423935
12903 0.815415821501
12929 0.819472616633
12929 0.819472616633
12936 0.821501014199
13085 0.823529411765
13139 0.825557809331
13148 0.827586206897
13175 0.829614604462
13198 0.831643002028
13314 0.833671399594
13447 0.83569979716
13502 0.837728194726
13711 0.839756592292
13716 0.841784989858
13745 0.843813387424
13752 0.84584178499
13834 0.847870182556
13960 0.849898580122
13993 0.851926977688
14049 0.853955375254
14092 0.855983772819
14097 0.858012170385
14167 0.860040567951
14174 0.862068965517
14191 0.864097363083
14219 0.866125760649
14323 0.868154158215
14375 0.870182555781
14470 0.872210953347
14530 0.874239350913
14554 0.876267748479
14584 0.878296146045
14696 0.880324543611
14872 0.882352941176
14934 0.884381338742
15076 0.886409736308
15125 0.888438133874
15244 0.89046653144
15385 0.892494929006
15551 0.894523326572
15607 0.896551724138
15652 0.90060851927
15652 0.90060851927
15693 0.902636916836
15750 0.904665314402
15819 0.906693711968
15979 0.908722109533
15983 0.910750507099
16014 0.912778904665
16036 0.914807302231
16047 0.916835699797
16070 0.918864097363
16470 0.920892494929
16637 0.922920892495
16652 0.924949290061
16655 0.926977687627
16698 0.929006085193
16830 0.931034482759
16834 0.933062880325
17013 0.93509127789
17554 0.937119675456
17577 0.939148073022
17616 0.941176470588
17749 0.943204868154
17942 0.94523326572
18138 0.947261663286
18423 0.949290060852
18993 0.951318458418
19186 0.953346855984
19240 0.95537525355
19480 0.957403651116
19761 0.959432048682
20219 0.961460446247
20521 0.963488843813
20829 0.965517241379
20919 0.967545638945
20996 0.969574036511
21582 0.971602434077
21635 0.973630831643
21819 0.975659229209
21954 0.977687626775
23191 0.979716024341
23258 0.981744421907
23448 0.983772819473
27913 0.985801217039
35427 0.987829614604
49314 0.98985801217
58000 0.991886409736
62257 0.993914807302
65287 0.995943204868
147018 0.997971602434
2173844 1.0
