35 0.00202839756592
494 0.00405679513185
816 0.00608519269777
882 0.00811359026369
912 0.0101419878296
991 0.0121703853955
1013 0.0141987829615
1176 0.0162271805274
1364 0.0182555780933
1368 0.0202839756592
1430 0.0223123732252
1433 0.0243407707911
1464 0.026369168357
1466 0.0283975659229
1507 0.0304259634888
1508 0.0324543610548
1617 0.0344827586207
1633 0.0365111561866
1723 0.0385395537525
1751 0.0405679513185
1853 0.0425963488844
1947 0.0446247464503
2039 0.0466531440162
2062 0.0486815415822
2133 0.0507099391481
2148 0.052738336714
2217 0.0547667342799
2276 0.0567951318458
2341 0.0588235294118
2346 0.0608519269777
2357 0.0628803245436
2519 0.0649087221095
2546 0.0669371196755
2553 0.0689655172414
2560 0.0709939148073
2589 0.0730223123732
2592 0.0750507099391
2606 0.0770791075051
2630 0.079107505071
2660 0.0811359026369
2789 0.0831643002028
2826 0.0851926977688
2889 0.0872210953347
2937 0.0892494929006
2940 0.0912778904665
2942 0.0933062880325
2943 0.0973630831643
2943 0.0973630831643
2962 0.0993914807302
3006 0.101419878296
3007 0.103448275862
3038 0.105476673428
3077 0.107505070994
3082 0.10953346856
3094 0.113590263692
3094 0.113590263692
3128 0.115618661258
3135 0.117647058824
3201 0.119675456389
3212 0.121703853955
3236 0.123732251521
3242 0.125760649087
3248 0.127789046653
3264 0.129817444219
3286 0.131845841785
3299 0.133874239351
3301 0.135902636917
3319 0.137931034483
3324 0.139959432049
3379 0.141987829615
3399 0.144016227181
3418 0.146044624746
3420 0.148073022312
3445 0.150101419878
3448 0.152129817444
3455 0.15415821501
3468 0.156186612576
3486 0.158215010142
3489 0.160243407708
3514 0.162271805274
3520 0.16430020284
3526 0.166328600406
3559 0.168356997972
3567 0.174442190669
3567 0.174442190669
3567 0.174442190669
3571 0.176470588235
3646 0.178498985801
3661 0.180527383367
3681 0.182555780933
3717 0.184584178499
3727 0.186612576065
3742 0.188640973631
3757 0.190669371197
3766 0.192697768763
3768 0.194726166329
3769 0.196754563895
3782 0.19878296146
3794 0.200811359026
3796 0.202839756592
3809 0.204868154158
3810 0.206896551724
3826 0.20892494929
3827 0.210953346856
3866 0.212981744422
3910 0.215010141988
3916 0.217038539554
3925 0.21906693712
3931 0.221095334686
3981 0.223123732252
3983 0.225152129817
3996 0.227180527383
4019 0.229208924949
4051 0.231237322515
4054 0.233265720081
4066 0.235294117647
4080 0.237322515213
4083 0.239350912779
4105 0.241379310345
4114 0.243407707911
4138 0.245436105477
4148 0.247464503043
4154 0.249492900609
4181 0.251521298174
4182 0.255578093306
4182 0.255578093306
4222 0.257606490872
4254 0.259634888438
4262 0.261663286004
4270 0.26369168357
4278 0.265720081136
4283 0.267748478702
4285 0.269776876268
4286 0.271805273834
4312 0.2738336714
4325 0.275862068966
4364 0.277890466531
4370 0.279918864097
4378 0.281947261663
4394 0.283975659229
4422 0.286004056795
4439 0.288032454361
4443 0.290060851927
4444 0.292089249493
4447 0.294117647059
4458 0.296146044625
4462 0.298174442191
4490 0.300202839757
4495 0.302231237323
4534 0.304259634888
4551 0.306288032454
4552 0.30831643002
4598 0.310344827586
4620 0.312373225152
4669 0.314401622718
4671 0.316430020284
4705 0.31845841785
4711 0.320486815416
4712 0.322515212982
4732 0.324543610548
4734 0.326572008114
4735 0.32860040568
4759 0.330628803245
4789 0.332657200811
4834 0.334685598377
4867 0.336713995943
4876 0.338742393509
4883 0.340770791075
4887 0.342799188641
4923 0.344827586207
4937 0.346855983773
4949 0.348884381339
4951 0.350912778905
4983 0.352941176471
4997 0.354969574037
5026 0.356997971602
5028 0.359026369168
5053 0.361054766734
5057 0.3630831643
5061 0.365111561866
5065 0.367139959432
5066 0.369168356998
5067 0.371196754564
5086 0.37322515213
5106 0.375253549696
5112 0.377281947262
5117 0.379310344828
5127 0.381338742394
5129 0.383367139959
5148 0.385395537525
5149 0.387423935091
5155 0.389452332657
5158 0.391480730223
5232 0.393509127789
5273 0.395537525355
5287 0.397565922921
5327 0.399594320487
5337 0.401622718053
5360 0.403651115619
5373 0.405679513185
5380 0.407707910751
5428 0.409736308316
5561 0.411764705882
5589 0.413793103448
5650 0.415821501014
5652 0.41784989858
5653 0.419878296146
5689 0.421906693712
5701 0.423935091278
5705 0.425963488844
5727 0.42799188641
5732 0.430020283976
5744 0.432048681542
5768 0.434077079108
5822 0.436105476673
5879 0.438133874239
5881 0.444219066937
5881 0.444219066937
5881 0.444219066937
5885 0.446247464503
5896 0.448275862069
5901 0.450304259635
5914 0.452332657201
5966 0.454361054767
5971 0.456389452333
5979 0.458417849899
5993 0.460446247465
5994 0.46247464503
6009 0.464503042596
6028 0.466531440162
6038 0.468559837728
6039 0.470588235294
6054 0.47261663286
6057 0.474645030426
6070 0.476673427992
6088 0.478701825558
6103 0.480730223124
6108 0.48275862069
6160 0.484787018256
6164 0.486815415822
6175 0.488843813387
6177 0.490872210953
6188 0.492900608519
6214 0.494929006085
6217 0.496957403651
6268 0.498985801217
6322 0.501014198783
6323 0.503042596349
6347 0.505070993915
6356 0.507099391481
6375 0.509127789047
6393 0.511156186613
6404 0.513184584178
6408 0.515212981744
6428 0.51724137931
6449 0.519269776876
6454 0.521298174442
6482 0.523326572008
6498 0.525354969574
6522 0.52738336714
6533 0.529411764706
6586 0.531440162272
6601 0.533468559838
6606 0.535496957404
6641 0.53752535497
6657 0.539553752535
6667 0.541582150101
6680 0.543610547667
6699 0.545638945233
6709 0.547667342799
6733 0.549695740365
6755 0.551724137931
6779 0.553752535497
6794 0.555780933063
6834 0.557809330629
6863 0.559837728195
6874 0.561866125761
6879 0.563894523327
6885 0.565922920892
6902 0.567951318458
6904 0.57200811359
6904 0.57200811359
6912 0.574036511156
6956 0.576064908722
7020 0.578093306288
7081 0.580121703854
7090 0.58215010142
7115 0.584178498986
7151 0.586206896552
7186 0.588235294118
7189 0.590263691684
7194 0.592292089249
7205 0.594320486815
7213 0.596348884381
7265 0.598377281947
7298 0.600405679513
7358 0.602434077079
7396 0.604462474645
7412 0.606490872211
7431 0.608519269777
7466 0.610547667343
7472 0.612576064909
7473 0.614604462475
7481 0.616632860041
7553 0.618661257606
7566 0.620689655172
7568 0.622718052738
7576 0.624746450304
7592 0.62677484787
7599 0.628803245436
7622 0.630831643002
7643 0.632860040568
7666 0.634888438134
7667 0.6369168357
7696 0.638945233266
7700 0.640973630832
7722 0.643002028398
7724 0.645030425963
7728 0.647058823529
7747 0.649087221095
7757 0.651115618661
7766 0.653144016227
7773 0.655172413793
7783 0.657200811359
7797 0.659229208925
7809 0.661257606491
7821 0.663286004057
7896 0.665314401623
7901 0.667342799189
7907 0.669371196755
7909 0.67139959432
7959 0.673427991886
7988 0.675456389452
8020 0.677484787018
8029 0.679513184584
8047 0.68154158215
8050 0.683569979716
8051 0.685598377282
8106 0.687626774848
8123 0.689655172414
8134 0.69168356998
8158 0.693711967546
8206 0.695740365112
8224 0.697768762677
8282 0.699797160243
8332 0.701825557809
8342 0.703853955375
8375 0.705882352941
8384 0.707910750507
8407 0.709939148073
8442 0.711967545639
8456 0.713995943205
8475 0.716024340771
8478 0.718052738337
8527 0.720081135903
8534 0.722109533469
8592 0.724137931034
8618 0.7261663286
8766 0.728194726166
8809 0.730223123732
8841 0.734279918864
8841 0.734279918864
8844 0.73630831643
8849 0.738336713996
8925 0.740365111562
8956 0.742393509128
9016 0.744421906694
9053 0.74645030426
9092 0.748478701826
9151 0.750507099391
9164 0.752535496957
9171 0.754563894523
9250 0.756592292089
9255 0.758620689655
9256 0.760649087221
9286 0.762677484787
9367 0.764705882353
9370 0.766734279919
9375 0.768762677485
9441 0.770791075051
9453 0.772819472617
9469 0.774847870183
9470 0.776876267748
9501 0.778904665314
9540 0.78093306288
9607 0.782961460446
9639 0.784989858012
9648 0.787018255578
9658 0.789046653144
9704 0.79107505071
9708 0.793103448276
9761 0.795131845842
9872 0.797160243408
9893 0.799188640974
9901 0.80121703854
9917 0.803245436105
9961 0.805273833671
10077 0.807302231237
10078 0.809330628803
10222 0.811359026369
10259 0.813387423935
10299 0.815415821501
10459 0.817444219067
10483 0.819472616633
10491 0.821501014199
10534 0.823529411765
10624 0.825557809331
10789 0.827586206897
10954 0.829614604462
10956 0.831643002028
10983 0.833671399594
11020 0.83569979716
11031 0.837728194726
11066 0.839756592292
11073 0.841784989858
11076 0.843813387424
11155 0.84584178499
11170 0.847870182556
11190 0.849898580122
11201 0.851926977688
11585 0.853955375254
11714 0.855983772819
11754 0.858012170385
11856 0.860040567951
11900 0.862068965517
11963 0.864097363083
12035 0.866125760649
12135 0.868154158215
12160 0.870182555781
12211 0.872210953347
12528 0.874239350913
12664 0.876267748479
12685 0.878296146045
12688 0.880324543611
12755 0.882352941176
12874 0.884381338742
12960 0.886409736308
12994 0.888438133874
13004 0.89046653144
13025 0.892494929006
13027 0.894523326572
13082 0.896551724138
13622 0.898580121704
13639 0.90060851927
13684 0.902636916836
13810 0.904665314402
14304 0.906693711968
14312 0.908722109533
14884 0.910750507099
14933 0.912778904665
15157 0.914807302231
16306 0.916835699797
16360 0.918864097363
16391 0.920892494929
16428 0.922920892495
16486 0.924949290061
16506 0.926977687627
16541 0.929006085193
17437 0.931034482759
17757 0.933062880325
17878 0.93509127789
17882 0.937119675456
18329 0.939148073022
18489 0.941176470588
18606 0.943204868154
18705 0.94523326572
18879 0.947261663286
19149 0.949290060852
19282 0.951318458418
20443 0.953346855984
20607 0.95537525355
21396 0.957403651116
21851 0.959432048682
21888 0.961460446247
22432 0.963488843813
22590 0.965517241379
23391 0.967545638945
24165 0.969574036511
24576 0.971602434077
24951 0.973630831643
25354 0.975659229209
25637 0.977687626775
26206 0.979716024341
26228 0.981744421907
26707 0.983772819473
32242 0.985801217039
34078 0.987829614604
37369 0.98985801217
37995 0.991886409736
38359 0.993914807302
39379 0.995943204868
84057 0.997971602434
116046 1.0
