33 0.00202839756592
330 0.00405679513185
524 0.00608519269777
526 0.00811359026369
593 0.0101419878296
607 0.0121703853955
654 0.0141987829615
687 0.0162271805274
913 0.0182555780933
930 0.0202839756592
950 0.0223123732252
1006 0.0243407707911
1012 0.026369168357
1036 0.0283975659229
1053 0.0304259634888
1071 0.0324543610548
1076 0.0344827586207
1085 0.0365111561866
1094 0.0385395537525
1178 0.0405679513185
1242 0.0425963488844
1311 0.0446247464503
1479 0.0486815415822
1479 0.0486815415822
1509 0.0507099391481
1554 0.052738336714
1560 0.0547667342799
1579 0.0567951318458
1597 0.0588235294118
1608 0.0608519269777
1618 0.0628803245436
1670 0.0649087221095
1673 0.0669371196755
1888 0.0689655172414
1928 0.0709939148073
1943 0.0730223123732
1959 0.0750507099391
1991 0.0770791075051
2012 0.079107505071
2015 0.0811359026369
2053 0.0831643002028
2096 0.0851926977688
2165 0.0872210953347
2166 0.0892494929006
2205 0.0912778904665
2246 0.0933062880325
2250 0.0953346855984
2271 0.0973630831643
2332 0.0993914807302
2357 0.101419878296
2388 0.103448275862
2407 0.105476673428
2445 0.107505070994
2469 0.10953346856
2491 0.111561866126
2514 0.113590263692
2526 0.115618661258
2530 0.117647058824
2535 0.119675456389
2575 0.121703853955
2582 0.123732251521
2618 0.125760649087
2624 0.127789046653
2647 0.129817444219
2656 0.131845841785
2657 0.133874239351
2681 0.135902636917
2712 0.137931034483
2784 0.139959432049
2793 0.141987829615
2827 0.144016227181
2828 0.146044624746
2871 0.148073022312
2874 0.150101419878
2883 0.152129817444
2890 0.15415821501
2891 0.156186612576
2893 0.158215010142
2913 0.160243407708
2919 0.162271805274
2925 0.16430020284
2942 0.166328600406
2947 0.168356997972
2962 0.170385395538
2998 0.172413793103
3007 0.174442190669
3028 0.176470588235
3045 0.178498985801
3051 0.180527383367
3057 0.182555780933
3070 0.184584178499
3112 0.188640973631
3112 0.188640973631
3128 0.190669371197
3174 0.192697768763
3196 0.194726166329
3233 0.196754563895
3235 0.19878296146
3246 0.200811359026
3250 0.204868154158
3250 0.204868154158
3272 0.206896551724
3301 0.20892494929
3321 0.210953346856
3334 0.212981744422
3344 0.215010141988
3435 0.217038539554
3438 0.21906693712
3488 0.221095334686
3506 0.223123732252
3525 0.225152129817
3539 0.227180527383
3549 0.229208924949
3616 0.231237322515
3624 0.233265720081
3636 0.235294117647
3658 0.237322515213
3669 0.239350912779
3689 0.241379310345
3720 0.243407707911
3726 0.245436105477
3758 0.247464503043
3765 0.249492900609
3777 0.251521298174
3790 0.255578093306
3790 0.255578093306
3794 0.257606490872
3841 0.259634888438
3861 0.261663286004
3960 0.265720081136
3960 0.265720081136
3968 0.267748478702
3972 0.269776876268
4014 0.271805273834
4017 0.2738336714
4025 0.275862068966
4039 0.277890466531
4069 0.279918864097
4073 0.281947261663
4077 0.283975659229
4129 0.286004056795
4136 0.288032454361
4169 0.290060851927
4180 0.292089249493
4193 0.294117647059
4239 0.296146044625
4265 0.298174442191
4266 0.300202839757
4273 0.302231237323
4336 0.304259634888
4396 0.306288032454
4409 0.30831643002
4467 0.310344827586
4484 0.312373225152
4500 0.316430020284
4500 0.316430020284
4513 0.31845841785
4517 0.320486815416
4590 0.322515212982
4615 0.324543610548
4619 0.326572008114
4629 0.32860040568
4633 0.330628803245
4636 0.332657200811
4690 0.334685598377
4704 0.336713995943
4710 0.338742393509
4720 0.340770791075
4722 0.342799188641
4733 0.344827586207
4742 0.346855983773
4755 0.348884381339
4774 0.350912778905
4784 0.352941176471
4799 0.354969574037
4807 0.356997971602
4809 0.359026369168
4812 0.361054766734
4840 0.365111561866
4840 0.365111561866
4848 0.367139959432
4857 0.369168356998
4933 0.371196754564
4948 0.37322515213
4955 0.375253549696
4987 0.377281947262
4991 0.379310344828
5011 0.381338742394
5016 0.383367139959
5017 0.385395537525
5029 0.387423935091
5113 0.389452332657
5115 0.391480730223
5117 0.393509127789
5129 0.395537525355
5143 0.397565922921
5147 0.399594320487
5202 0.401622718053
5210 0.403651115619
5217 0.407707910751
5217 0.407707910751
5226 0.409736308316
5233 0.411764705882
5240 0.413793103448
5249 0.415821501014
5253 0.41784989858
5258 0.419878296146
5273 0.421906693712
5277 0.423935091278
5298 0.425963488844
5322 0.42799188641
5326 0.430020283976
5344 0.432048681542
5349 0.434077079108
5353 0.436105476673
5409 0.438133874239
5412 0.440162271805
5419 0.442190669371
5433 0.444219066937
5463 0.446247464503
5471 0.450304259635
5471 0.450304259635
5480 0.452332657201
5558 0.454361054767
5576 0.458417849899
5576 0.458417849899
5617 0.460446247465
5621 0.46247464503
5639 0.464503042596
5657 0.466531440162
5659 0.468559837728
5732 0.470588235294
5737 0.47261663286
5754 0.474645030426
5775 0.476673427992
5802 0.478701825558
5841 0.480730223124
5845 0.48275862069
5849 0.484787018256
5917 0.486815415822
5921 0.488843813387
5925 0.492900608519
5925 0.492900608519
5930 0.494929006085
5949 0.496957403651
5993 0.498985801217
6038 0.501014198783
6040 0.503042596349
6047 0.505070993915
6052 0.507099391481
6082 0.509127789047
6128 0.511156186613
6151 0.513184584178
6159 0.515212981744
6193 0.51724137931
6207 0.519269776876
6233 0.521298174442
6247 0.523326572008
6275 0.525354969574
6279 0.52738336714
6283 0.529411764706
6303 0.531440162272
6308 0.533468559838
6342 0.535496957404
6372 0.53752535497
6377 0.539553752535
6392 0.541582150101
6399 0.543610547667
6484 0.545638945233
6529 0.547667342799
6559 0.549695740365
6566 0.551724137931
6616 0.553752535497
6641 0.555780933063
6670 0.557809330629
6728 0.559837728195
6768 0.561866125761
6778 0.563894523327
6811 0.565922920892
6862 0.567951318458
6897 0.569979716024
6909 0.57200811359
6979 0.574036511156
6983 0.576064908722
6991 0.578093306288
7014 0.580121703854
7039 0.58215010142
7086 0.584178498986
7092 0.586206896552
7102 0.588235294118
7115 0.590263691684
7124 0.592292089249
7148 0.594320486815
7172 0.596348884381
7185 0.598377281947
7230 0.600405679513
7262 0.602434077079
7272 0.604462474645
7326 0.606490872211
7349 0.608519269777
7353 0.610547667343
7381 0.612576064909
7400 0.614604462475
7413 0.616632860041
7419 0.618661257606
7424 0.620689655172
7439 0.622718052738
7482 0.624746450304
7489 0.62677484787
7493 0.628803245436
7503 0.630831643002
7509 0.632860040568
7541 0.634888438134
7545 0.6369168357
7590 0.638945233266
7596 0.640973630832
7598 0.643002028398
7599 0.645030425963
7610 0.647058823529
7625 0.649087221095
7652 0.651115618661
7660 0.653144016227
7721 0.655172413793
7724 0.657200811359
7744 0.659229208925
7777 0.661257606491
7803 0.663286004057
7833 0.665314401623
7880 0.667342799189
7883 0.669371196755
7895 0.67139959432
7897 0.673427991886
7909 0.675456389452
7962 0.677484787018
7975 0.679513184584
7978 0.68154158215
8002 0.683569979716
8015 0.685598377282
8028 0.687626774848
8047 0.689655172414
8084 0.69168356998
8089 0.693711967546
8141 0.695740365112
8159 0.697768762677
8189 0.699797160243
8246 0.701825557809
8346 0.703853955375
8348 0.705882352941
8456 0.707910750507
8542 0.709939148073
8552 0.711967545639
8579 0.713995943205
8588 0.716024340771
8590 0.718052738337
8658 0.720081135903
8743 0.722109533469
8749 0.724137931034
8760 0.7261663286
8791 0.728194726166
8816 0.730223123732
8884 0.732251521298
8919 0.734279918864
8937 0.73630831643
8951 0.738336713996
8979 0.740365111562
8984 0.742393509128
9008 0.744421906694
9020 0.74645030426
9160 0.748478701826
9192 0.750507099391
9265 0.752535496957
9274 0.754563894523
9278 0.756592292089
9283 0.758620689655
9331 0.760649087221
9347 0.762677484787
9367 0.764705882353
9512 0.766734279919
9557 0.768762677485
9617 0.770791075051
9682 0.772819472617
9693 0.774847870183
9789 0.776876267748
9791 0.778904665314
9846 0.78093306288
9920 0.782961460446
9966 0.784989858012
9992 0.787018255578
10093 0.789046653144
10125 0.79107505071
10132 0.793103448276
10187 0.795131845842
10232 0.797160243408
10244 0.799188640974
10289 0.80121703854
10309 0.803245436105
10326 0.805273833671
10333 0.807302231237
10337 0.809330628803
10385 0.811359026369
10548 0.813387423935
10610 0.815415821501
10636 0.817444219067
10712 0.819472616633
10784 0.821501014199
10918 0.823529411765
11029 0.825557809331
11095 0.827586206897
11142 0.829614604462
11391 0.831643002028
11428 0.833671399594
11483 0.83569979716
11486 0.837728194726
11554 0.839756592292
11574 0.841784989858
11746 0.843813387424
11846 0.84584178499
12054 0.847870182556
12090 0.849898580122
12226 0.851926977688
12348 0.853955375254
12352 0.855983772819
12354 0.858012170385
12511 0.860040567951
12514 0.862068965517
12516 0.864097363083
12665 0.866125760649
12690 0.868154158215
12823 0.870182555781
12939 0.872210953347
13050 0.874239350913
13162 0.876267748479
13170 0.878296146045
13406 0.880324543611
13465 0.882352941176
13551 0.884381338742
13928 0.886409736308
14286 0.888438133874
14629 0.89046653144
14776 0.892494929006
14917 0.894523326572
15345 0.896551724138
15356 0.898580121704
15420 0.90060851927
15531 0.902636916836
15910 0.904665314402
15926 0.906693711968
16223 0.908722109533
16429 0.910750507099
16767 0.912778904665
17372 0.914807302231
18118 0.916835699797
18772 0.918864097363
19202 0.920892494929
20288 0.922920892495
20718 0.924949290061
20995 0.926977687627
21154 0.929006085193
21217 0.931034482759
21254 0.933062880325
21294 0.93509127789
21958 0.937119675456
21971 0.939148073022
22474 0.941176470588
22627 0.943204868154
22830 0.94523326572
23178 0.947261663286
24820 0.949290060852
25005 0.951318458418
25519 0.953346855984
26015 0.95537525355
26038 0.957403651116
26740 0.959432048682
27179 0.961460446247
30190 0.963488843813
31238 0.965517241379
32030 0.967545638945
32916 0.969574036511
34707 0.971602434077
34995 0.973630831643
37003 0.975659229209
41760 0.977687626775
42230 0.979716024341
45587 0.981744421907
48542 0.983772819473
50250 0.985801217039
51002 0.987829614604
63819 0.98985801217
65939 0.991886409736
81174 0.993914807302
83635 0.995943204868
91642 0.997971602434
92145 1.0
