31 0.00202839756592
1011 0.00405679513185
1355 0.00608519269777
1617 0.00811359026369
1908 0.0101419878296
1945 0.0121703853955
2196 0.0141987829615
2562 0.0162271805274
2606 0.0182555780933
2953 0.0202839756592
2980 0.0223123732252
2999 0.0243407707911
3072 0.026369168357
3095 0.0283975659229
3183 0.0304259634888
3197 0.0324543610548
3202 0.0344827586207
3207 0.0365111561866
3232 0.0385395537525
3238 0.0405679513185
3258 0.0425963488844
3320 0.0446247464503
3430 0.0466531440162
3801 0.0486815415822
3854 0.0507099391481
3911 0.052738336714
3930 0.0547667342799
3997 0.0567951318458
4201 0.0588235294118
4228 0.0608519269777
4257 0.0628803245436
4280 0.0649087221095
4471 0.0669371196755
4485 0.0689655172414
4509 0.0709939148073
4570 0.0730223123732
4736 0.0750507099391
4907 0.0770791075051
4938 0.079107505071
5035 0.0811359026369
5050 0.0831643002028
5064 0.0851926977688
5112 0.0872210953347
5125 0.0892494929006
5211 0.0912778904665
5270 0.0933062880325
5300 0.0953346855984
5308 0.0973630831643
5343 0.0993914807302
5361 0.101419878296
5366 0.103448275862
5448 0.105476673428
5470 0.107505070994
5490 0.10953346856
5493 0.111561866126
5498 0.113590263692
5512 0.115618661258
5524 0.117647058824
5603 0.119675456389
5614 0.121703853955
5615 0.123732251521
5623 0.125760649087
5639 0.127789046653
5648 0.129817444219
5709 0.131845841785
5716 0.133874239351
5742 0.135902636917
5765 0.137931034483
5785 0.139959432049
5791 0.141987829615
5809 0.144016227181
5851 0.146044624746
5878 0.148073022312
5889 0.150101419878
5928 0.152129817444
5968 0.15415821501
5973 0.156186612576
5977 0.158215010142
5982 0.160243407708
5992 0.162271805274
6020 0.16430020284
6027 0.166328600406
6048 0.168356997972
6127 0.170385395538
6164 0.172413793103
6171 0.174442190669
6219 0.176470588235
6233 0.178498985801
6309 0.180527383367
6314 0.182555780933
6399 0.184584178499
6442 0.186612576065
6472 0.188640973631
6505 0.190669371197
6536 0.192697768763
6559 0.194726166329
6576 0.196754563895
6585 0.19878296146
6610 0.200811359026
6634 0.202839756592
6656 0.204868154158
6679 0.206896551724
6706 0.20892494929
6723 0.210953346856
6729 0.212981744422
6733 0.215010141988
6779 0.217038539554
6794 0.21906693712
6799 0.221095334686
6800 0.223123732252
6863 0.225152129817
6878 0.227180527383
6918 0.229208924949
6939 0.231237322515
6941 0.233265720081
6953 0.235294117647
6954 0.237322515213
6966 0.239350912779
6985 0.241379310345
6992 0.243407707911
7043 0.245436105477
7070 0.247464503043
7074 0.249492900609
7172 0.251521298174
7273 0.25354969574
7306 0.255578093306
7309 0.257606490872
7361 0.259634888438
7367 0.261663286004
7374 0.26369168357
7383 0.265720081136
7484 0.267748478702
7491 0.269776876268
7518 0.271805273834
7573 0.2738336714
7586 0.275862068966
7587 0.277890466531
7612 0.279918864097
7628 0.281947261663
7655 0.283975659229
7718 0.286004056795
7735 0.288032454361
7797 0.290060851927
7807 0.292089249493
7813 0.294117647059
7825 0.296146044625
7902 0.298174442191
7925 0.300202839757
7938 0.302231237323
7952 0.304259634888
7983 0.306288032454
8046 0.30831643002
8062 0.310344827586
8088 0.312373225152
8107 0.314401622718
8111 0.316430020284
8124 0.31845841785
8132 0.320486815416
8140 0.322515212982
8141 0.324543610548
8146 0.326572008114
8170 0.32860040568
8225 0.330628803245
8270 0.332657200811
8287 0.334685598377
8366 0.336713995943
8406 0.338742393509
8449 0.340770791075
8461 0.342799188641
8476 0.344827586207
8493 0.346855983773
8529 0.348884381339
8542 0.352941176471
8542 0.352941176471
8585 0.354969574037
8591 0.356997971602
8615 0.359026369168
8625 0.361054766734
8658 0.365111561866
8658 0.365111561866
8675 0.367139959432
8690 0.369168356998
8768 0.371196754564
8769 0.37322515213
8819 0.375253549696
8840 0.377281947262
8847 0.379310344828
8895 0.381338742394
8914 0.383367139959
8918 0.385395537525
8922 0.387423935091
8953 0.389452332657
8955 0.391480730223
8967 0.393509127789
9014 0.395537525355
9044 0.397565922921
9057 0.399594320487
9116 0.401622718053
9126 0.403651115619
9133 0.405679513185
9154 0.407707910751
9170 0.409736308316
9186 0.411764705882
9216 0.413793103448
9217 0.415821501014
9234 0.41784989858
9256 0.419878296146
9275 0.421906693712
9278 0.423935091278
9339 0.425963488844
9353 0.42799188641
9360 0.430020283976
9379 0.432048681542
9406 0.436105476673
9406 0.436105476673
9422 0.438133874239
9475 0.440162271805
9484 0.442190669371
9503 0.444219066937
9538 0.446247464503
9561 0.448275862069
9571 0.450304259635
9619 0.452332657201
9628 0.454361054767
9632 0.456389452333
9674 0.458417849899
9710 0.460446247465
9725 0.46247464503
9741 0.464503042596
9753 0.466531440162
9756 0.468559837728
9764 0.470588235294
9769 0.47261663286
9774 0.474645030426
9798 0.476673427992
9825 0.478701825558
9865 0.480730223124
9870 0.48275862069
9905 0.484787018256
9929 0.486815415822
9931 0.488843813387
9950 0.490872210953
9958 0.492900608519
9966 0.494929006085
9978 0.496957403651
9997 0.498985801217
10019 0.501014198783
10100 0.503042596349
10101 0.505070993915
10157 0.507099391481
10181 0.511156186613
10181 0.511156186613
10182 0.513184584178
10191 0.515212981744
10206 0.51724137931
10220 0.519269776876
10248 0.521298174442
10268 0.523326572008
10305 0.525354969574
10337 0.52738336714
10341 0.529411764706
10397 0.531440162272
10411 0.533468559838
10443 0.535496957404
10488 0.53752535497
10582 0.539553752535
10600 0.541582150101
10602 0.543610547667
10618 0.545638945233
10665 0.547667342799
10667 0.549695740365
10680 0.551724137931
10701 0.553752535497
10732 0.555780933063
10781 0.557809330629
10790 0.559837728195
10836 0.561866125761
10890 0.563894523327
10946 0.565922920892
10957 0.567951318458
11019 0.569979716024
11027 0.57200811359
11038 0.574036511156
11068 0.576064908722
11084 0.578093306288
11105 0.580121703854
11160 0.58215010142
11208 0.584178498986
11233 0.586206896552
11256 0.588235294118
11302 0.590263691684
11420 0.592292089249
11436 0.594320486815
11444 0.596348884381
11479 0.598377281947
11551 0.600405679513
11590 0.602434077079
11610 0.606490872211
11610 0.606490872211
11634 0.608519269777
11647 0.610547667343
11652 0.612576064909
11674 0.614604462475
11683 0.616632860041
11753 0.618661257606
11812 0.622718052738
11812 0.622718052738
11831 0.624746450304
11866 0.62677484787
11931 0.628803245436
11950 0.630831643002
12000 0.632860040568
12090 0.634888438134
12096 0.6369168357
12106 0.638945233266
12117 0.640973630832
12194 0.643002028398
12268 0.645030425963
12396 0.647058823529
12403 0.649087221095
12423 0.651115618661
12502 0.653144016227
12531 0.655172413793
12532 0.657200811359
12552 0.659229208925
12584 0.661257606491
12609 0.663286004057
12623 0.665314401623
12652 0.667342799189
12667 0.669371196755
12672 0.67139959432
12674 0.673427991886
12675 0.675456389452
12701 0.677484787018
12712 0.679513184584
12717 0.68154158215
12766 0.683569979716
12792 0.685598377282
12847 0.687626774848
12858 0.689655172414
12867 0.69168356998
12927 0.693711967546
12971 0.695740365112
12990 0.697768762677
13063 0.699797160243
13068 0.701825557809
13109 0.703853955375
13118 0.705882352941
13153 0.707910750507
13189 0.709939148073
13197 0.711967545639
13200 0.713995943205
13288 0.716024340771
13347 0.718052738337
13369 0.720081135903
13404 0.722109533469
13415 0.724137931034
13416 0.7261663286
13421 0.728194726166
13444 0.730223123732
13478 0.732251521298
13597 0.734279918864
13627 0.73630831643
13733 0.738336713996
13739 0.740365111562
13791 0.742393509128
13816 0.744421906694
13978 0.74645030426
14019 0.748478701826
14055 0.750507099391
14057 0.752535496957
14078 0.754563894523
14101 0.756592292089
14127 0.758620689655
14204 0.760649087221
14239 0.762677484787
14243 0.764705882353
14252 0.766734279919
14440 0.768762677485
14449 0.770791075051
14633 0.772819472617
14638 0.774847870183
14647 0.776876267748
14726 0.778904665314
14871 0.78093306288
14913 0.782961460446
14930 0.784989858012
14992 0.787018255578
15072 0.789046653144
15159 0.79107505071
15245 0.793103448276
15329 0.795131845842
15418 0.797160243408
15697 0.799188640974
15831 0.80121703854
15843 0.803245436105
15907 0.805273833671
15924 0.807302231237
15931 0.809330628803
16131 0.811359026369
16192 0.813387423935
16209 0.815415821501
16268 0.817444219067
16370 0.819472616633
16426 0.821501014199
16515 0.823529411765
16573 0.825557809331
16641 0.827586206897
16793 0.829614604462
16840 0.831643002028
16907 0.833671399594
17182 0.83569979716
17212 0.837728194726
17227 0.839756592292
17248 0.841784989858
17422 0.843813387424
17452 0.84584178499
17492 0.847870182556
17512 0.849898580122
17548 0.851926977688
17629 0.853955375254
17671 0.855983772819
17756 0.858012170385
17834 0.860040567951
17942 0.862068965517
18028 0.864097363083
18044 0.866125760649
18091 0.868154158215
18131 0.870182555781
18139 0.872210953347
18459 0.874239350913
18624 0.876267748479
18674 0.878296146045
18797 0.880324543611
19084 0.882352941176
19429 0.884381338742
19615 0.886409736308
19645 0.888438133874
19790 0.89046653144
19844 0.892494929006
20001 0.894523326572
20086 0.896551724138
20109 0.898580121704
20197 0.90060851927
20231 0.902636916836
20446 0.904665314402
20455 0.906693711968
20676 0.908722109533
20886 0.910750507099
21389 0.912778904665
21411 0.914807302231
21428 0.916835699797
21435 0.918864097363
21514 0.920892494929
21674 0.922920892495
21903 0.924949290061
22135 0.926977687627
22344 0.929006085193
22462 0.931034482759
22790 0.933062880325
23507 0.93509127789
23588 0.937119675456
23592 0.939148073022
23789 0.941176470588
23892 0.943204868154
24145 0.94523326572
24557 0.947261663286
24741 0.949290060852
25244 0.951318458418
25343 0.953346855984
25464 0.95537525355
25618 0.957403651116
25673 0.959432048682
25829 0.961460446247
26028 0.963488843813
26283 0.965517241379
26300 0.967545638945
27004 0.969574036511
27124 0.971602434077
27472 0.973630831643
27509 0.975659229209
28968 0.977687626775
29400 0.979716024341
30182 0.981744421907
31824 0.983772819473
32218 0.985801217039
35738 0.987829614604
40072 0.98985801217
40746 0.991886409736
53054 0.993914807302
58493 0.995943204868
60598 0.997971602434
2622421 1.0
