31 0.00202839756592
373 0.00405679513185
771 0.00608519269777
773 0.00811359026369
802 0.0101419878296
822 0.0121703853955
839 0.0141987829615
936 0.0162271805274
1257 0.0182555780933
1292 0.0202839756592
1336 0.0223123732252
1340 0.0243407707911
1351 0.026369168357
1367 0.0283975659229
1422 0.0304259634888
1432 0.0324543610548
1460 0.0344827586207
1554 0.0365111561866
1622 0.0385395537525
1633 0.0405679513185
1681 0.0425963488844
1758 0.0446247464503
1774 0.0466531440162
1979 0.0486815415822
1980 0.0507099391481
2050 0.052738336714
2051 0.0547667342799
2136 0.0567951318458
2166 0.0588235294118
2221 0.0608519269777
2348 0.0628803245436
2430 0.0649087221095
2459 0.0669371196755
2477 0.0689655172414
2534 0.0709939148073
2536 0.0730223123732
2548 0.0750507099391
2666 0.0770791075051
2684 0.079107505071
2729 0.0811359026369
2738 0.0831643002028
2748 0.0851926977688
2749 0.0872210953347
2813 0.0892494929006
2879 0.0912778904665
2925 0.0933062880325
2970 0.0953346855984
3003 0.0973630831643
3017 0.0993914807302
3053 0.101419878296
3062 0.103448275862
3077 0.105476673428
3203 0.107505070994
3255 0.10953346856
3267 0.111561866126
3269 0.113590263692
3298 0.115618661258
3312 0.117647058824
3314 0.119675456389
3333 0.121703853955
3361 0.123732251521
3388 0.125760649087
3390 0.127789046653
3399 0.129817444219
3433 0.131845841785
3437 0.133874239351
3465 0.135902636917
3471 0.137931034483
3476 0.139959432049
3488 0.141987829615
3556 0.144016227181
3557 0.146044624746
3564 0.148073022312
3660 0.150101419878
3677 0.152129817444
3678 0.15415821501
3730 0.156186612576
3745 0.158215010142
3763 0.160243407708
3773 0.162271805274
3780 0.16430020284
3781 0.166328600406
3786 0.168356997972
3797 0.170385395538
3818 0.174442190669
3818 0.174442190669
3841 0.176470588235
3882 0.178498985801
3925 0.180527383367
3934 0.182555780933
3988 0.184584178499
3994 0.186612576065
4032 0.188640973631
4057 0.190669371197
4104 0.192697768763
4133 0.194726166329
4140 0.196754563895
4154 0.19878296146
4162 0.202839756592
4162 0.202839756592
4172 0.204868154158
4184 0.206896551724
4209 0.20892494929
4234 0.210953346856
4305 0.212981744422
4321 0.215010141988
4324 0.217038539554
4369 0.21906693712
4388 0.221095334686
4427 0.223123732252
4467 0.225152129817
4541 0.227180527383
4545 0.229208924949
4549 0.231237322515
4575 0.233265720081
4590 0.235294117647
4600 0.237322515213
4616 0.239350912779
4623 0.241379310345
4625 0.243407707911
4629 0.245436105477
4634 0.247464503043
4746 0.249492900609
4776 0.251521298174
4813 0.255578093306
4813 0.255578093306
4893 0.257606490872
4894 0.259634888438
4928 0.261663286004
4939 0.26369168357
4949 0.265720081136
4956 0.267748478702
4977 0.269776876268
4981 0.271805273834
5055 0.2738336714
5092 0.275862068966
5097 0.277890466531
5100 0.279918864097
5157 0.281947261663
5185 0.283975659229
5201 0.286004056795
5255 0.288032454361
5317 0.290060851927
5370 0.292089249493
5382 0.294117647059
5416 0.296146044625
5430 0.298174442191
5444 0.300202839757
5456 0.302231237323
5459 0.304259634888
5488 0.306288032454
5496 0.30831643002
5507 0.310344827586
5513 0.312373225152
5527 0.314401622718
5603 0.316430020284
5606 0.31845841785
5638 0.320486815416
5651 0.322515212982
5659 0.324543610548
5675 0.326572008114
5677 0.32860040568
5682 0.330628803245
5758 0.332657200811
5763 0.334685598377
5789 0.336713995943
5790 0.338742393509
5818 0.340770791075
5832 0.342799188641
5865 0.344827586207
5893 0.346855983773
5916 0.348884381339
5940 0.350912778905
5973 0.352941176471
5977 0.354969574037
5990 0.356997971602
5994 0.359026369168
5996 0.361054766734
6007 0.3630831643
6065 0.365111561866
6069 0.367139959432
6105 0.369168356998
6112 0.371196754564
6114 0.37322515213
6162 0.375253549696
6256 0.377281947262
6271 0.379310344828
6274 0.381338742394
6309 0.383367139959
6338 0.385395537525
6417 0.387423935091
6471 0.389452332657
6481 0.391480730223
6490 0.393509127789
6527 0.395537525355
6534 0.397565922921
6536 0.399594320487
6541 0.401622718053
6544 0.403651115619
6550 0.405679513185
6575 0.407707910751
6583 0.409736308316
6641 0.411764705882
6651 0.413793103448
6688 0.415821501014
6715 0.41784989858
6739 0.419878296146
6740 0.421906693712
6765 0.423935091278
6812 0.425963488844
6830 0.42799188641
6846 0.430020283976
6865 0.432048681542
6978 0.434077079108
6991 0.436105476673
7008 0.438133874239
7057 0.442190669371
7057 0.442190669371
7069 0.444219066937
7082 0.446247464503
7087 0.448275862069
7118 0.450304259635
7124 0.452332657201
7131 0.454361054767
7170 0.456389452333
7198 0.458417849899
7254 0.460446247465
7278 0.46247464503
7304 0.464503042596
7331 0.466531440162
7356 0.468559837728
7363 0.470588235294
7374 0.47261663286
7379 0.474645030426
7436 0.476673427992
7464 0.478701825558
7465 0.480730223124
7472 0.48275862069
7499 0.484787018256
7514 0.486815415822
7523 0.488843813387
7544 0.490872210953
7559 0.492900608519
7566 0.494929006085
7584 0.496957403651
7586 0.501014198783
7586 0.501014198783
7601 0.503042596349
7667 0.505070993915
7676 0.507099391481
7681 0.509127789047
7716 0.511156186613
7722 0.513184584178
7767 0.515212981744
7829 0.51724137931
7834 0.519269776876
7847 0.521298174442
7863 0.523326572008
7892 0.525354969574
7951 0.52738336714
7973 0.529411764706
7975 0.531440162272
7989 0.533468559838
8009 0.535496957404
8017 0.53752535497
8059 0.539553752535
8060 0.541582150101
8131 0.543610547667
8140 0.545638945233
8152 0.547667342799
8220 0.549695740365
8228 0.551724137931
8249 0.553752535497
8258 0.555780933063
8267 0.557809330629
8541 0.559837728195
8613 0.561866125761
8636 0.563894523327
8669 0.565922920892
8681 0.567951318458
8682 0.569979716024
8706 0.57200811359
8726 0.574036511156
8741 0.578093306288
8741 0.578093306288
8766 0.580121703854
8782 0.58215010142
8792 0.584178498986
8804 0.586206896552
8826 0.588235294118
8875 0.590263691684
8918 0.592292089249
8926 0.594320486815
8968 0.596348884381
9057 0.598377281947
9072 0.600405679513
9099 0.602434077079
9154 0.604462474645
9197 0.606490872211
9246 0.608519269777
9291 0.610547667343
9310 0.612576064909
9494 0.614604462475
9520 0.616632860041
9564 0.618661257606
9567 0.620689655172
9599 0.622718052738
9609 0.624746450304
9624 0.62677484787
9634 0.628803245436
9685 0.630831643002
9687 0.632860040568
9714 0.634888438134
9733 0.6369168357
9759 0.638945233266
9764 0.640973630832
9777 0.643002028398
9788 0.645030425963
9810 0.647058823529
9819 0.649087221095
9859 0.651115618661
9906 0.653144016227
9915 0.655172413793
9921 0.657200811359
9924 0.659229208925
9982 0.661257606491
9996 0.663286004057
10010 0.665314401623
10021 0.667342799189
10025 0.669371196755
10053 0.67139959432
10127 0.673427991886
10129 0.675456389452
10133 0.677484787018
10206 0.679513184584
10216 0.68154158215
10220 0.683569979716
10221 0.685598377282
10325 0.687626774848
10326 0.689655172414
10349 0.69168356998
10493 0.693711967546
10532 0.695740365112
10570 0.697768762677
10642 0.699797160243
10670 0.701825557809
10805 0.703853955375
10913 0.705882352941
10922 0.707910750507
10938 0.709939148073
10953 0.711967545639
10967 0.713995943205
10986 0.716024340771
11045 0.718052738337
11065 0.720081135903
11134 0.722109533469
11194 0.724137931034
11287 0.7261663286
11294 0.728194726166
11301 0.730223123732
11339 0.732251521298
11386 0.734279918864
11408 0.73630831643
11436 0.738336713996
11442 0.740365111562
11509 0.742393509128
11579 0.744421906694
11636 0.74645030426
11651 0.748478701826
11681 0.750507099391
11739 0.752535496957
11821 0.754563894523
11849 0.756592292089
11982 0.758620689655
12059 0.760649087221
12111 0.762677484787
12304 0.764705882353
12313 0.766734279919
12441 0.768762677485
12511 0.770791075051
12585 0.772819472617
12653 0.774847870183
12682 0.776876267748
12692 0.778904665314
12772 0.78093306288
12820 0.782961460446
13018 0.784989858012
13042 0.787018255578
13071 0.789046653144
13084 0.79107505071
13130 0.793103448276
13266 0.795131845842
13279 0.797160243408
13330 0.799188640974
13376 0.80121703854
13379 0.803245436105
13497 0.805273833671
13548 0.807302231237
13602 0.809330628803
13608 0.811359026369
13723 0.813387423935
13735 0.815415821501
13757 0.817444219067
13851 0.819472616633
13971 0.821501014199
14038 0.823529411765
14233 0.825557809331
14304 0.827586206897
14437 0.829614604462
14527 0.831643002028
14581 0.833671399594
14648 0.83569979716
14676 0.837728194726
14798 0.839756592292
14857 0.841784989858
14914 0.843813387424
14925 0.84584178499
14972 0.847870182556
14975 0.849898580122
15274 0.851926977688
15332 0.853955375254
15682 0.855983772819
15980 0.858012170385
15993 0.860040567951
16488 0.862068965517
16500 0.864097363083
16616 0.866125760649
17049 0.868154158215
17426 0.870182555781
17612 0.872210953347
17697 0.874239350913
17712 0.876267748479
17938 0.878296146045
18052 0.880324543611
18067 0.882352941176
18133 0.884381338742
18829 0.886409736308
19152 0.888438133874
19829 0.89046653144
21231 0.892494929006
21247 0.894523326572
21814 0.896551724138
22109 0.898580121704
22319 0.90060851927
22889 0.902636916836
22977 0.904665314402
23263 0.906693711968
23435 0.908722109533
24015 0.910750507099
24579 0.912778904665
24580 0.914807302231
24762 0.916835699797
24894 0.918864097363
25125 0.920892494929
25498 0.922920892495
26602 0.924949290061
27089 0.926977687627
27112 0.929006085193
28153 0.931034482759
28488 0.933062880325
28817 0.93509127789
28841 0.937119675456
31718 0.939148073022
31883 0.941176470588
33099 0.943204868154
33286 0.94523326572
33587 0.947261663286
34493 0.949290060852
35634 0.951318458418
36012 0.953346855984
38255 0.95537525355
38320 0.957403651116
41143 0.959432048682
48885 0.961460446247
50393 0.963488843813
50473 0.965517241379
52097 0.967545638945
53377 0.969574036511
55695 0.971602434077
56373 0.973630831643
57493 0.975659229209
62152 0.977687626775
65735 0.979716024341
65977 0.981744421907
67497 0.983772819473
67600 0.985801217039
76937 0.987829614604
78949 0.98985801217
84563 0.991886409736
89689 0.993914807302
97009 0.995943204868
99097 0.997971602434
124118 1.0
