29 0.00202429149798
825 0.00404858299595
1098 0.00607287449393
1312 0.0080971659919
1535 0.0101214574899
1591 0.0121457489879
1793 0.0141700404858
2051 0.0161943319838
2228 0.0182186234818
2298 0.0202429149798
2348 0.0222672064777
2385 0.0242914979757
2440 0.0263157894737
2496 0.0283400809717
2546 0.0303643724696
2594 0.0323886639676
2608 0.0344129554656
2616 0.0364372469636
2640 0.0384615384615
2654 0.0404858299595
2696 0.0425101214575
2798 0.0445344129555
2874 0.0465587044534
2879 0.0485829959514
3032 0.0506072874494
3078 0.0526315789474
3143 0.0546558704453
3336 0.0566801619433
3367 0.0587044534413
3373 0.0607287449393
3387 0.0627530364372
3427 0.0647773279352
3452 0.0668016194332
3581 0.0688259109312
3610 0.0708502024291
3671 0.0728744939271
3729 0.0748987854251
3823 0.0769230769231
3835 0.0789473684211
3944 0.080971659919
3950 0.082995951417
4018 0.085020242915
4046 0.087044534413
4074 0.0890688259109
4100 0.0910931174089
4204 0.0931174089069
4206 0.0951417004049
4235 0.0971659919028
4246 0.0991902834008
4271 0.101214574899
4277 0.103238866397
4290 0.105263157895
4303 0.107287449393
4333 0.109311740891
4341 0.111336032389
4353 0.113360323887
4387 0.115384615385
4405 0.117408906883
4461 0.119433198381
4464 0.121457489879
4473 0.123481781377
4479 0.127530364372
4479 0.127530364372
4486 0.12955465587
4512 0.131578947368
4524 0.133603238866
4543 0.135627530364
4572 0.137651821862
4576 0.13967611336
4589 0.141700404858
4609 0.145748987854
4609 0.145748987854
4613 0.147773279352
4662 0.14979757085
4667 0.151821862348
4681 0.153846153846
4692 0.155870445344
4697 0.157894736842
4704 0.15991902834
4723 0.161943319838
4727 0.163967611336
4741 0.165991902834
4746 0.168016194332
4755 0.17004048583
4832 0.172064777328
4846 0.174089068826
4870 0.176113360324
4932 0.178137651822
4957 0.18016194332
4989 0.184210526316
4989 0.184210526316
5016 0.186234817814
5046 0.188259109312
5075 0.19028340081
5102 0.192307692308
5180 0.194331983806
5194 0.196356275304
5243 0.198380566802
5257 0.202429149798
5257 0.202429149798
5275 0.204453441296
5280 0.206477732794
5287 0.208502024291
5346 0.210526315789
5348 0.212550607287
5353 0.214574898785
5390 0.216599190283
5398 0.218623481781
5399 0.220647773279
5443 0.224696356275
5443 0.224696356275
5456 0.226720647773
5477 0.228744939271
5519 0.230769230769
5528 0.232793522267
5544 0.234817813765
5546 0.236842105263
5548 0.238866396761
5586 0.240890688259
5593 0.242914979757
5610 0.244939271255
5619 0.246963562753
5621 0.248987854251
5622 0.251012145749
5657 0.253036437247
5667 0.255060728745
5684 0.257085020243
5700 0.259109311741
5707 0.261133603239
5721 0.263157894737
5729 0.265182186235
5816 0.267206477733
5824 0.269230769231
5829 0.271255060729
5837 0.273279352227
5842 0.275303643725
5918 0.277327935223
5923 0.279352226721
5966 0.281376518219
5967 0.283400809717
6019 0.285425101215
6031 0.287449392713
6051 0.289473684211
6062 0.291497975709
6073 0.293522267206
6082 0.295546558704
6089 0.297570850202
6101 0.2995951417
6125 0.301619433198
6181 0.303643724696
6187 0.305668016194
6201 0.307692307692
6218 0.30971659919
6220 0.311740890688
6227 0.313765182186
6240 0.315789473684
6247 0.317813765182
6249 0.31983805668
6324 0.321862348178
6338 0.323886639676
6344 0.325910931174
6349 0.327935222672
6383 0.32995951417
6390 0.331983805668
6406 0.334008097166
6420 0.336032388664
6460 0.338056680162
6489 0.34008097166
6496 0.342105263158
6503 0.344129554656
6528 0.346153846154
6529 0.348178137652
6546 0.35020242915
6562 0.352226720648
6592 0.354251012146
6601 0.356275303644
6628 0.358299595142
6655 0.36032388664
6673 0.362348178138
6676 0.364372469636
6679 0.366396761134
6733 0.368421052632
6739 0.37044534413
6781 0.372469635628
6843 0.374493927126
6854 0.376518218623
6871 0.378542510121
6888 0.380566801619
6899 0.382591093117
6964 0.384615384615
6970 0.386639676113
6976 0.388663967611
6986 0.390688259109
6992 0.392712550607
7004 0.394736842105
7031 0.396761133603
7038 0.398785425101
7078 0.400809716599
7086 0.402834008097
7110 0.404858299595
7129 0.406882591093
7134 0.408906882591
7188 0.412955465587
7188 0.412955465587
7193 0.414979757085
7203 0.417004048583
7227 0.419028340081
7251 0.421052631579
7312 0.423076923077
7321 0.425101214575
7339 0.427125506073
7374 0.429149797571
7393 0.431174089069
7402 0.433198380567
7404 0.435222672065
7415 0.437246963563
7432 0.439271255061
7438 0.441295546559
7513 0.443319838057
7527 0.445344129555
7587 0.447368421053
7597 0.449392712551
7608 0.451417004049
7609 0.453441295547
7616 0.455465587045
7678 0.457489878543
7698 0.45951417004
7699 0.461538461538
7722 0.463562753036
7726 0.465587044534
7746 0.467611336032
7764 0.46963562753
7792 0.471659919028
7795 0.473684210526
7813 0.475708502024
7859 0.477732793522
7862 0.47975708502
7866 0.481781376518
7867 0.483805668016
7879 0.485829959514
7917 0.487854251012
7921 0.48987854251
7924 0.491902834008
7928 0.493927125506
7932 0.495951417004
7944 0.497975708502
7994 0.5
7995 0.502024291498
8021 0.504048582996
8065 0.506072874494
8069 0.508097165992
8070 0.51012145749
8103 0.512145748988
8116 0.514170040486
8126 0.516194331984
8132 0.518218623482
8143 0.52024291498
8183 0.522267206478
8192 0.524291497976
8235 0.526315789474
8239 0.53036437247
8239 0.53036437247
8274 0.532388663968
8280 0.534412955466
8286 0.536437246964
8303 0.538461538462
8327 0.54048582996
8346 0.542510121457
8361 0.544534412955
8396 0.546558704453
8410 0.548582995951
8414 0.550607287449
8415 0.552631578947
8431 0.554655870445
8447 0.556680161943
8456 0.558704453441
8458 0.560728744939
8535 0.562753036437
8538 0.564777327935
8562 0.566801619433
8564 0.568825910931
8614 0.570850202429
8617 0.572874493927
8619 0.574898785425
8661 0.576923076923
8706 0.578947368421
8740 0.580971659919
8785 0.582995951417
8793 0.585020242915
8809 0.587044534413
8842 0.589068825911
8859 0.591093117409
8888 0.593117408907
8922 0.595141700405
9014 0.597165991903
9032 0.599190283401
9042 0.601214574899
9088 0.603238866397
9095 0.605263157895
9096 0.607287449393
9142 0.609311740891
9144 0.611336032389
9169 0.613360323887
9196 0.615384615385
9233 0.617408906883
9277 0.619433198381
9280 0.621457489879
9301 0.623481781377
9307 0.625506072874
9324 0.627530364372
9326 0.62955465587
9337 0.631578947368
9387 0.633603238866
9453 0.635627530364
9518 0.637651821862
9529 0.63967611336
9599 0.641700404858
9606 0.643724696356
9639 0.645748987854
9656 0.647773279352
9672 0.64979757085
9683 0.651821862348
9701 0.653846153846
9703 0.655870445344
9705 0.657894736842
9708 0.65991902834
9721 0.661943319838
9735 0.663967611336
9753 0.665991902834
9776 0.668016194332
9791 0.67004048583
9845 0.672064777328
9898 0.674089068826
9914 0.676113360324
9926 0.68016194332
9926 0.68016194332
9984 0.682186234818
10027 0.684210526316
10028 0.686234817814
10046 0.688259109312
10051 0.69028340081
10064 0.692307692308
10153 0.694331983806
10156 0.696356275304
10172 0.698380566802
10178 0.7004048583
10215 0.702429149798
10223 0.704453441296
10240 0.706477732794
10282 0.708502024291
10284 0.710526315789
10301 0.712550607287
10312 0.714574898785
10396 0.716599190283
10406 0.718623481781
10425 0.720647773279
10467 0.722672064777
10484 0.724696356275
10546 0.726720647773
10566 0.728744939271
10574 0.730769230769
10591 0.732793522267
10623 0.734817813765
10643 0.736842105263
10706 0.738866396761
10756 0.740890688259
10767 0.742914979757
10787 0.744939271255
10801 0.746963562753
10935 0.748987854251
10952 0.751012145749
11027 0.753036437247
11093 0.755060728745
11167 0.757085020243
11183 0.759109311741
11198 0.761133603239
11303 0.763157894737
11311 0.765182186235
11371 0.767206477733
11398 0.769230769231
11453 0.771255060729
11463 0.773279352227
11496 0.775303643725
11508 0.777327935223
11516 0.779352226721
11530 0.781376518219
11607 0.783400809717
11671 0.785425101215
11689 0.787449392713
11842 0.789473684211
11869 0.791497975709
11904 0.793522267206
11906 0.795546558704
11959 0.797570850202
11966 0.7995951417
11973 0.801619433198
12017 0.803643724696
12241 0.805668016194
12298 0.807692307692
12322 0.80971659919
12330 0.811740890688
12377 0.813765182186
12454 0.815789473684
12469 0.817813765182
12535 0.81983805668
12544 0.821862348178
12556 0.823886639676
12564 0.825910931174
12606 0.827935222672
12628 0.82995951417
12630 0.831983805668
12692 0.834008097166
12761 0.836032388664
12769 0.838056680162
12806 0.84008097166
12982 0.842105263158
13002 0.844129554656
13066 0.846153846154
13109 0.848178137652
13130 0.85020242915
13244 0.852226720648
13271 0.854251012146
13320 0.856275303644
13327 0.858299595142
13338 0.86032388664
13361 0.862348178138
13419 0.864372469636
13484 0.866396761134
13508 0.868421052632
13523 0.87044534413
13556 0.872469635628
13602 0.874493927126
13920 0.876518218623
14005 0.878542510121
14244 0.880566801619
14247 0.882591093117
14250 0.884615384615
14424 0.886639676113
14446 0.888663967611
14595 0.890688259109
14612 0.892712550607
14709 0.894736842105
14734 0.896761133603
14851 0.898785425101
15001 0.900809716599
15024 0.902834008097
15132 0.904858299595
15215 0.906882591093
15331 0.908906882591
15348 0.910931174089
15634 0.912955465587
15948 0.914979757085
15956 0.917004048583
16015 0.919028340081
16112 0.921052631579
16202 0.923076923077
16247 0.925101214575
16327 0.927125506073
16518 0.929149797571
16546 0.931174089069
16669 0.933198380567
16967 0.935222672065
17070 0.937246963563
17322 0.939271255061
17519 0.941295546559
17551 0.943319838057
17578 0.945344129555
17702 0.947368421053
17843 0.949392712551
18002 0.951417004049
18201 0.953441295547
18344 0.955465587045
18526 0.957489878543
18589 0.95951417004
18638 0.961538461538
18810 0.963562753036
18921 0.965587044534
19700 0.967611336032
19830 0.96963562753
20153 0.971659919028
20170 0.973684210526
20916 0.975708502024
21263 0.977732793522
21487 0.97975708502
21564 0.981781376518
21686 0.983805668016
21848 0.985829959514
23262 0.987854251012
23508 0.98987854251
23859 0.991902834008
27446 0.993927125506
35719 0.995951417004
37028 0.997975708502
51473 1.0
