431 0.0020325203252
1282 0.00406504065041
1876 0.00609756097561
2099 0.00813008130081
2159 0.010162601626
2204 0.0121951219512
2260 0.0142276422764
2558 0.0162601626016
2985 0.0182926829268
3080 0.020325203252
3183 0.0223577235772
3345 0.0243902439024
3382 0.0264227642276
3417 0.0284552845528
3425 0.030487804878
3483 0.0325203252033
3509 0.0345528455285
3594 0.0365853658537
3618 0.0386178861789
3639 0.0406504065041
3690 0.0426829268293
3806 0.0447154471545
3910 0.0467479674797
4007 0.0487804878049
4024 0.0508130081301
4063 0.0528455284553
4166 0.0548780487805
4259 0.0569105691057
4347 0.0589430894309
4353 0.0609756097561
4389 0.0650406504065
4389 0.0650406504065
4533 0.0670731707317
4544 0.0691056910569
4557 0.0711382113821
4646 0.0731707317073
4651 0.0752032520325
4737 0.0772357723577
4770 0.0792682926829
4782 0.0813008130081
4844 0.0833333333333
4849 0.0853658536585
4899 0.0873983739837
4919 0.0894308943089
4952 0.0914634146341
4961 0.0934959349593
4975 0.0955284552846
5013 0.0975609756098
5015 0.099593495935
5047 0.10162601626
5082 0.103658536585
5093 0.105691056911
5163 0.107723577236
5172 0.109756097561
5175 0.111788617886
5214 0.113821138211
5215 0.115853658537
5218 0.117886178862
5219 0.119918699187
5254 0.121951219512
5256 0.123983739837
5277 0.126016260163
5335 0.128048780488
5355 0.130081300813
5442 0.132113821138
5458 0.134146341463
5476 0.136178861789
5532 0.138211382114
5596 0.140243902439
5659 0.142276422764
5678 0.144308943089
5692 0.146341463415
5721 0.14837398374
5768 0.150406504065
5770 0.15243902439
5774 0.154471544715
5778 0.156504065041
5788 0.158536585366
5803 0.160569105691
5823 0.162601626016
5832 0.166666666667
5832 0.166666666667
5834 0.168699186992
5836 0.170731707317
5873 0.172764227642
5877 0.174796747967
5892 0.176829268293
5897 0.178861788618
5912 0.180894308943
5918 0.182926829268
5923 0.184959349593
5928 0.186991869919
5941 0.189024390244
5972 0.191056910569
5996 0.193089430894
6005 0.19512195122
6007 0.197154471545
6017 0.19918699187
6056 0.201219512195
6084 0.20325203252
6137 0.205284552846
6148 0.207317073171
6162 0.209349593496
6165 0.211382113821
6168 0.213414634146
6253 0.215447154472
6284 0.217479674797
6290 0.221544715447
6290 0.221544715447
6293 0.223577235772
6294 0.225609756098
6295 0.227642276423
6323 0.229674796748
6335 0.231707317073
6336 0.233739837398
6340 0.235772357724
6348 0.237804878049
6349 0.239837398374
6367 0.241869918699
6386 0.243902439024
6434 0.24593495935
6445 0.247967479675
6463 0.25
6471 0.252032520325
6480 0.25406504065
6486 0.256097560976
6554 0.258130081301
6566 0.260162601626
6607 0.262195121951
6623 0.264227642276
6628 0.266260162602
6630 0.268292682927
6633 0.270325203252
6660 0.272357723577
6680 0.274390243902
6691 0.276422764228
6695 0.278455284553
6729 0.280487804878
6784 0.282520325203
6800 0.284552845528
6809 0.286585365854
6830 0.288617886179
6833 0.290650406504
6851 0.292682926829
6876 0.294715447154
6880 0.29674796748
6884 0.298780487805
6887 0.30081300813
6903 0.302845528455
6907 0.30487804878
6920 0.306910569106
6921 0.308943089431
6944 0.310975609756
6978 0.313008130081
6995 0.315040650407
6999 0.317073170732
7013 0.319105691057
7058 0.321138211382
7064 0.323170731707
7065 0.325203252033
7070 0.327235772358
7100 0.329268292683
7110 0.331300813008
7114 0.333333333333
7135 0.335365853659
7139 0.337398373984
7165 0.339430894309
7211 0.341463414634
7220 0.343495934959
7249 0.345528455285
7279 0.34756097561
7298 0.349593495935
7389 0.35162601626
7421 0.353658536585
7422 0.355691056911
7464 0.357723577236
7481 0.359756097561
7492 0.361788617886
7565 0.363821138211
7573 0.365853658537
7600 0.367886178862
7614 0.369918699187
7630 0.371951219512
7655 0.373983739837
7735 0.376016260163
7783 0.378048780488
7798 0.380081300813
7800 0.382113821138
7801 0.384146341463
7817 0.386178861789
7842 0.388211382114
7846 0.390243902439
7854 0.392276422764
7875 0.394308943089
7894 0.396341463415
7930 0.39837398374
7937 0.400406504065
7990 0.40243902439
8024 0.404471544715
8039 0.406504065041
8050 0.408536585366
8059 0.410569105691
8072 0.412601626016
8091 0.414634146341
8116 0.416666666667
8135 0.418699186992
8142 0.420731707317
8153 0.422764227642
8216 0.424796747967
8240 0.426829268293
8253 0.428861788618
8254 0.430894308943
8279 0.432926829268
8283 0.434959349593
8312 0.436991869919
8330 0.439024390244
8331 0.441056910569
8342 0.443089430894
8364 0.44512195122
8374 0.447154471545
8414 0.44918699187
8427 0.451219512195
8443 0.45325203252
8473 0.455284552846
8478 0.457317073171
8503 0.459349593496
8506 0.463414634146
8506 0.463414634146
8507 0.465447154472
8510 0.467479674797
8539 0.469512195122
8603 0.471544715447
8644 0.473577235772
8705 0.475609756098
8719 0.477642276423
8725 0.479674796748
8763 0.481707317073
8764 0.483739837398
8835 0.485772357724
8850 0.487804878049
8857 0.489837398374
8907 0.491869918699
8917 0.493902439024
8922 0.49593495935
8929 0.497967479675
8938 0.5
8974 0.502032520325
9039 0.50406504065
9056 0.506097560976
9084 0.508130081301
9111 0.510162601626
9112 0.512195121951
9121 0.514227642276
9134 0.516260162602
9152 0.518292682927
9154 0.520325203252
9174 0.522357723577
9188 0.524390243902
9195 0.526422764228
9206 0.528455284553
9249 0.530487804878
9284 0.532520325203
9321 0.534552845528
9363 0.536585365854
9366 0.538617886179
9382 0.540650406504
9521 0.542682926829
9527 0.544715447154
9541 0.54674796748
9546 0.548780487805
9566 0.55081300813
9583 0.552845528455
9627 0.55487804878
9630 0.556910569106
9669 0.558943089431
9696 0.563008130081
9696 0.563008130081
9697 0.565040650407
9703 0.567073170732
9773 0.569105691057
9805 0.571138211382
9824 0.573170731707
9827 0.575203252033
9832 0.577235772358
9833 0.579268292683
9852 0.581300813008
9861 0.583333333333
9874 0.585365853659
9903 0.587398373984
9932 0.589430894309
9940 0.591463414634
9942 0.593495934959
9945 0.595528455285
9947 0.59756097561
9967 0.599593495935
9986 0.60162601626
9992 0.603658536585
10009 0.605691056911
10042 0.607723577236
10083 0.609756097561
10084 0.611788617886
10085 0.613821138211
10125 0.615853658537
10129 0.617886178862
10144 0.619918699187
10170 0.621951219512
10189 0.623983739837
10203 0.626016260163
10224 0.628048780488
10247 0.630081300813
10252 0.632113821138
10261 0.634146341463
10301 0.636178861789
10364 0.638211382114
10365 0.640243902439
10402 0.642276422764
10425 0.644308943089
10478 0.646341463415
10512 0.64837398374
10542 0.650406504065
10550 0.65243902439
10587 0.654471544715
10617 0.656504065041
10636 0.658536585366
10725 0.660569105691
10726 0.662601626016
10730 0.664634146341
10839 0.666666666667
10844 0.668699186992
10872 0.670731707317
10892 0.672764227642
10941 0.674796747967
10968 0.676829268293
10969 0.678861788618
10979 0.680894308943
10981 0.682926829268
10984 0.684959349593
11041 0.686991869919
11076 0.689024390244
11213 0.691056910569
11219 0.693089430894
11234 0.69512195122
11319 0.697154471545
11345 0.69918699187
11406 0.701219512195
11496 0.70325203252
11519 0.705284552846
11536 0.707317073171
11569 0.709349593496
11571 0.711382113821
11598 0.713414634146
11614 0.715447154472
11692 0.717479674797
11694 0.719512195122
11739 0.721544715447
11761 0.723577235772
11763 0.725609756098
11766 0.727642276423
11792 0.729674796748
11811 0.731707317073
11890 0.733739837398
11957 0.735772357724
11961 0.737804878049
12028 0.739837398374
12042 0.741869918699
12048 0.743902439024
12099 0.74593495935
12123 0.747967479675
12191 0.75
12198 0.752032520325
12293 0.75406504065
12377 0.756097560976
12410 0.758130081301
12427 0.760162601626
12511 0.762195121951
12544 0.764227642276
12577 0.766260162602
12639 0.768292682927
12650 0.770325203252
12727 0.772357723577
12753 0.774390243902
12851 0.776422764228
12853 0.778455284553
12960 0.780487804878
13076 0.782520325203
13109 0.784552845528
13229 0.786585365854
13259 0.788617886179
13372 0.790650406504
13396 0.792682926829
13493 0.794715447154
13559 0.79674796748
13593 0.798780487805
13643 0.80081300813
13679 0.802845528455
13707 0.80487804878
13714 0.806910569106
13726 0.808943089431
13774 0.810975609756
13797 0.813008130081
13828 0.815040650407
13889 0.817073170732
13923 0.819105691057
13943 0.821138211382
14029 0.823170731707
14113 0.825203252033
14119 0.827235772358
14276 0.829268292683
14284 0.831300813008
14307 0.833333333333
14410 0.835365853659
14431 0.837398373984
14449 0.839430894309
14494 0.841463414634
14546 0.843495934959
14566 0.845528455285
14628 0.84756097561
14631 0.849593495935
14638 0.85162601626
14669 0.853658536585
14718 0.855691056911
14719 0.857723577236
14731 0.859756097561
14739 0.861788617886
14932 0.863821138211
14945 0.865853658537
14970 0.867886178862
15033 0.869918699187
15045 0.871951219512
15233 0.873983739837
15239 0.876016260163
15412 0.878048780488
15458 0.880081300813
15724 0.882113821138
15772 0.884146341463
15799 0.886178861789
15811 0.888211382114
15861 0.890243902439
15977 0.892276422764
16028 0.894308943089
16299 0.896341463415
16330 0.89837398374
16351 0.900406504065
16481 0.90243902439
16498 0.904471544715
16800 0.906504065041
16811 0.908536585366
16854 0.910569105691
16903 0.912601626016
16906 0.914634146341
16981 0.916666666667
17000 0.918699186992
17053 0.920731707317
17084 0.922764227642
17200 0.924796747967
17316 0.926829268293
17331 0.928861788618
17823 0.930894308943
17857 0.932926829268
18200 0.934959349593
18271 0.936991869919
18377 0.939024390244
18738 0.941056910569
19029 0.943089430894
19418 0.94512195122
19507 0.947154471545
19805 0.94918699187
19843 0.951219512195
19967 0.95325203252
20563 0.955284552846
20653 0.957317073171
20928 0.959349593496
21000 0.961382113821
21037 0.963414634146
21130 0.965447154472
21202 0.967479674797
21226 0.969512195122
21345 0.971544715447
21634 0.973577235772
21646 0.975609756098
21850 0.977642276423
22601 0.979674796748
22789 0.981707317073
23748 0.983739837398
24824 0.985772357724
25657 0.987804878049
28283 0.989837398374
32990 0.991869918699
93119 0.993902439024
116198 0.99593495935
125178 0.997967479675
403144 1.0
