377 0.0020325203252
1353 0.00406504065041
2208 0.00609756097561
2389 0.00813008130081
2526 0.010162601626
2618 0.0121951219512
3003 0.0142276422764
3155 0.0162601626016
3233 0.0182926829268
3430 0.020325203252
3550 0.0223577235772
3636 0.0243902439024
3970 0.0264227642276
4059 0.0284552845528
4132 0.030487804878
4294 0.0325203252033
4363 0.0345528455285
4442 0.0365853658537
4497 0.0386178861789
4536 0.0406504065041
4546 0.0426829268293
4615 0.0447154471545
4745 0.0487804878049
4745 0.0487804878049
4843 0.0528455284553
4843 0.0528455284553
4857 0.0548780487805
4878 0.0569105691057
5013 0.0589430894309
5057 0.0609756097561
5130 0.0630081300813
5145 0.0670731707317
5145 0.0670731707317
5160 0.0691056910569
5224 0.0711382113821
5279 0.0731707317073
5375 0.0752032520325
5403 0.0772357723577
5413 0.0792682926829
5471 0.0813008130081
5490 0.0833333333333
5708 0.0853658536585
5777 0.0873983739837
5816 0.0894308943089
5840 0.0914634146341
5887 0.0934959349593
5974 0.0955284552846
5991 0.0975609756098
6019 0.099593495935
6199 0.10162601626
6209 0.103658536585
6263 0.105691056911
6278 0.107723577236
6292 0.109756097561
6307 0.111788617886
6326 0.113821138211
6331 0.115853658537
6611 0.117886178862
6651 0.121951219512
6651 0.121951219512
6697 0.123983739837
6705 0.126016260163
6716 0.128048780488
6764 0.130081300813
6769 0.132113821138
6819 0.134146341463
6894 0.136178861789
6956 0.138211382114
6965 0.140243902439
6974 0.142276422764
6993 0.144308943089
6998 0.146341463415
6999 0.150406504065
6999 0.150406504065
7054 0.15243902439
7134 0.154471544715
7153 0.156504065041
7198 0.158536585366
7224 0.160569105691
7269 0.162601626016
7323 0.164634146341
7324 0.166666666667
7326 0.168699186992
7354 0.170731707317
7362 0.172764227642
7378 0.174796747967
7379 0.176829268293
7428 0.178861788618
7461 0.180894308943
7478 0.182926829268
7499 0.184959349593
7526 0.186991869919
7528 0.189024390244
7542 0.191056910569
7554 0.193089430894
7583 0.19512195122
7648 0.197154471545
7651 0.19918699187
7677 0.201219512195
7703 0.20325203252
7710 0.205284552846
7715 0.207317073171
7767 0.209349593496
7776 0.211382113821
7793 0.213414634146
7798 0.215447154472
7799 0.217479674797
7833 0.219512195122
7848 0.221544715447
7863 0.223577235772
7875 0.225609756098
7935 0.227642276423
8002 0.229674796748
8007 0.231707317073
8022 0.233739837398
8102 0.235772357724
8108 0.237804878049
8143 0.239837398374
8149 0.241869918699
8163 0.243902439024
8194 0.24593495935
8202 0.247967479675
8266 0.25
8294 0.252032520325
8310 0.25406504065
8313 0.256097560976
8322 0.258130081301
8349 0.260162601626
8362 0.262195121951
8434 0.264227642276
8458 0.266260162602
8482 0.268292682927
8503 0.270325203252
8524 0.272357723577
8574 0.274390243902
8607 0.276422764228
8608 0.278455284553
8613 0.280487804878
8632 0.282520325203
8693 0.284552845528
8750 0.286585365854
8755 0.288617886179
8756 0.290650406504
8802 0.292682926829
8856 0.294715447154
8857 0.29674796748
8869 0.298780487805
8884 0.30081300813
8890 0.302845528455
8901 0.30487804878
8904 0.306910569106
8991 0.308943089431
8992 0.310975609756
9013 0.313008130081
9031 0.315040650407
9061 0.317073170732
9102 0.321138211382
9102 0.321138211382
9108 0.323170731707
9110 0.325203252033
9112 0.327235772358
9115 0.331300813008
9115 0.331300813008
9116 0.333333333333
9135 0.335365853659
9137 0.337398373984
9285 0.339430894309
9316 0.341463414634
9384 0.343495934959
9408 0.345528455285
9434 0.34756097561
9496 0.349593495935
9498 0.35162601626
9532 0.353658536585
9621 0.355691056911
9622 0.357723577236
9660 0.359756097561
9713 0.361788617886
9725 0.363821138211
9738 0.365853658537
9797 0.367886178862
9820 0.369918699187
9828 0.371951219512
9909 0.373983739837
9925 0.376016260163
9952 0.378048780488
10016 0.380081300813
10051 0.382113821138
10062 0.384146341463
10122 0.386178861789
10123 0.388211382114
10169 0.390243902439
10187 0.392276422764
10310 0.394308943089
10337 0.396341463415
10372 0.39837398374
10454 0.400406504065
10530 0.40243902439
10601 0.404471544715
10608 0.406504065041
10610 0.408536585366
10628 0.410569105691
10633 0.412601626016
10667 0.414634146341
10711 0.416666666667
10735 0.418699186992
10737 0.420731707317
10783 0.422764227642
10786 0.424796747967
10793 0.426829268293
10812 0.428861788618
10832 0.430894308943
10842 0.432926829268
10850 0.434959349593
10859 0.436991869919
10922 0.439024390244
10961 0.441056910569
10967 0.443089430894
10981 0.44512195122
11016 0.447154471545
11055 0.44918699187
11094 0.451219512195
11112 0.45325203252
11135 0.455284552846
11174 0.457317073171
11176 0.459349593496
11205 0.461382113821
11305 0.463414634146
11317 0.465447154472
11318 0.467479674797
11366 0.469512195122
11370 0.471544715447
11379 0.473577235772
11380 0.475609756098
11385 0.477642276423
11411 0.479674796748
11433 0.481707317073
11439 0.483739837398
11478 0.485772357724
11550 0.487804878049
11565 0.489837398374
11571 0.491869918699
11635 0.493902439024
11637 0.49593495935
11673 0.497967479675
11683 0.5
11691 0.502032520325
11719 0.50406504065
11774 0.506097560976
11797 0.508130081301
11844 0.510162601626
11856 0.512195121951
11865 0.514227642276
11878 0.516260162602
11887 0.518292682927
11905 0.520325203252
11965 0.522357723577
12000 0.524390243902
12003 0.526422764228
12010 0.528455284553
12051 0.530487804878
12059 0.532520325203
12179 0.534552845528
12209 0.536585365854
12260 0.538617886179
12270 0.540650406504
12327 0.542682926829
12331 0.544715447154
12333 0.54674796748
12346 0.548780487805
12372 0.55081300813
12392 0.552845528455
12416 0.55487804878
12453 0.556910569106
12466 0.558943089431
12470 0.560975609756
12483 0.563008130081
12538 0.565040650407
12559 0.567073170732
12682 0.569105691057
12815 0.571138211382
12864 0.573170731707
12883 0.575203252033
12950 0.577235772358
12958 0.579268292683
13039 0.581300813008
13073 0.583333333333
13107 0.585365853659
13148 0.587398373984
13167 0.589430894309
13226 0.591463414634
13283 0.593495934959
13402 0.595528455285
13461 0.59756097561
13487 0.599593495935
13490 0.60162601626
13553 0.603658536585
13564 0.605691056911
13575 0.607723577236
13587 0.609756097561
13589 0.611788617886
13718 0.613821138211
13817 0.615853658537
13828 0.617886178862
13844 0.619918699187
13856 0.621951219512
13861 0.623983739837
13979 0.626016260163
13989 0.628048780488
14014 0.630081300813
14018 0.632113821138
14079 0.634146341463
14110 0.636178861789
14156 0.638211382114
14176 0.640243902439
14199 0.642276422764
14205 0.644308943089
14257 0.646341463415
14290 0.64837398374
14369 0.650406504065
14383 0.65243902439
14384 0.654471544715
14448 0.656504065041
14476 0.658536585366
14503 0.660569105691
14543 0.662601626016
14557 0.664634146341
14564 0.666666666667
14594 0.668699186992
14630 0.670731707317
14643 0.672764227642
14704 0.674796747967
14740 0.676829268293
14838 0.678861788618
14842 0.680894308943
14866 0.682926829268
14913 0.684959349593
14996 0.686991869919
15015 0.689024390244
15102 0.691056910569
15118 0.693089430894
15143 0.69512195122
15214 0.697154471545
15221 0.69918699187
15265 0.701219512195
15389 0.70325203252
15432 0.705284552846
15512 0.707317073171
15595 0.709349593496
15624 0.711382113821
15669 0.713414634146
15758 0.715447154472
15761 0.717479674797
15791 0.719512195122
15868 0.721544715447
16050 0.723577235772
16118 0.725609756098
16186 0.729674796748
16186 0.729674796748
16194 0.731707317073
16239 0.733739837398
16271 0.735772357724
16287 0.737804878049
16308 0.739837398374
16310 0.741869918699
16327 0.743902439024
16542 0.74593495935
16557 0.747967479675
16828 0.75
16916 0.752032520325
16944 0.75406504065
16949 0.756097560976
17203 0.758130081301
17342 0.760162601626
17369 0.762195121951
17382 0.764227642276
17470 0.766260162602
17473 0.768292682927
17557 0.770325203252
17560 0.772357723577
17571 0.774390243902
17887 0.776422764228
17978 0.778455284553
18017 0.780487804878
18072 0.782520325203
18092 0.784552845528
18114 0.786585365854
18126 0.788617886179
18262 0.790650406504
18285 0.792682926829
18314 0.794715447154
18335 0.79674796748
18364 0.798780487805
18497 0.80081300813
18525 0.802845528455
18619 0.80487804878
18628 0.806910569106
18661 0.808943089431
18870 0.810975609756
18900 0.813008130081
18918 0.815040650407
18950 0.817073170732
19073 0.819105691057
19238 0.821138211382
19323 0.823170731707
19329 0.825203252033
19534 0.827235772358
19625 0.829268292683
19720 0.831300813008
19886 0.833333333333
20117 0.835365853659
20156 0.837398373984
20398 0.839430894309
20578 0.841463414634
20669 0.843495934959
20675 0.845528455285
20738 0.84756097561
20760 0.849593495935
20832 0.85162601626
20902 0.853658536585
21078 0.855691056911
21135 0.857723577236
21280 0.859756097561
21431 0.861788617886
21449 0.863821138211
21909 0.865853658537
21968 0.867886178862
21993 0.869918699187
22156 0.871951219512
22170 0.873983739837
22487 0.876016260163
22506 0.878048780488
22700 0.880081300813
22797 0.882113821138
23400 0.884146341463
23449 0.886178861789
23719 0.888211382114
23727 0.890243902439
23830 0.892276422764
23846 0.894308943089
24204 0.896341463415
24352 0.89837398374
24365 0.900406504065
24392 0.90243902439
24399 0.904471544715
24414 0.906504065041
25184 0.908536585366
25245 0.910569105691
25443 0.912601626016
25488 0.914634146341
25533 0.916666666667
25535 0.918699186992
25791 0.920731707317
25801 0.922764227642
25868 0.924796747967
26137 0.926829268293
26268 0.928861788618
26496 0.930894308943
27129 0.932926829268
27316 0.934959349593
27344 0.936991869919
28146 0.939024390244
28723 0.941056910569
29096 0.943089430894
29160 0.94512195122
29198 0.947154471545
29308 0.94918699187
29473 0.951219512195
29496 0.95325203252
29570 0.955284552846
29617 0.957317073171
29736 0.959349593496
29778 0.961382113821
30768 0.963414634146
31117 0.965447154472
31562 0.967479674797
32890 0.969512195122
34614 0.971544715447
36611 0.973577235772
36768 0.975609756098
38823 0.977642276423
39244 0.979674796748
45649 0.981707317073
46408 0.983739837398
46911 0.985772357724
52552 0.987804878049
53939 0.989837398374
53986 0.991869918699
56881 0.993902439024
125903 0.99593495935
127722 0.997967479675
130387 1.0
