69 0.00202429149798
498 0.00404858299595
568 0.00607287449393
727 0.0080971659919
822 0.0101214574899
864 0.0121457489879
911 0.0141700404858
922 0.0161943319838
924 0.0182186234818
936 0.0202429149798
951 0.0222672064777
1000 0.0242914979757
1017 0.0263157894737
1033 0.0283400809717
1040 0.0303643724696
1048 0.0323886639676
1090 0.0344129554656
1092 0.0364372469636
1105 0.0384615384615
1109 0.0404858299595
1153 0.0425101214575
1155 0.0445344129555
1182 0.0465587044534
1207 0.0485829959514
1297 0.0506072874494
1307 0.0546558704453
1307 0.0546558704453
1325 0.0566801619433
1338 0.0587044534413
1409 0.0607287449393
1436 0.0627530364372
1446 0.0647773279352
1447 0.0668016194332
1450 0.0688259109312
1458 0.0708502024291
1468 0.0728744939271
1471 0.0748987854251
1472 0.0769230769231
1475 0.0789473684211
1479 0.080971659919
1483 0.082995951417
1520 0.085020242915
1536 0.087044534413
1559 0.0890688259109
1566 0.0910931174089
1576 0.0931174089069
1581 0.0951417004049
1595 0.0971659919028
1644 0.0991902834008
1655 0.101214574899
1670 0.103238866397
1681 0.107287449393
1681 0.107287449393
1695 0.109311740891
1720 0.111336032389
1724 0.113360323887
1727 0.115384615385
1748 0.117408906883
1758 0.119433198381
1768 0.121457489879
1778 0.123481781377
1780 0.125506072874
1788 0.127530364372
1830 0.12955465587
1844 0.131578947368
1867 0.133603238866
1880 0.135627530364
1894 0.137651821862
1901 0.13967611336
1928 0.141700404858
1930 0.143724696356
1979 0.145748987854
1984 0.147773279352
1994 0.14979757085
1995 0.151821862348
2008 0.153846153846
2011 0.155870445344
2021 0.15991902834
2021 0.15991902834
2031 0.161943319838
2069 0.163967611336
2075 0.165991902834
2095 0.168016194332
2096 0.17004048583
2107 0.172064777328
2114 0.174089068826
2123 0.176113360324
2125 0.178137651822
2130 0.18016194332
2131 0.182186234818
2132 0.184210526316
2138 0.186234817814
2143 0.188259109312
2162 0.19028340081
2169 0.192307692308
2215 0.194331983806
2238 0.196356275304
2239 0.198380566802
2258 0.2004048583
2272 0.202429149798
2280 0.204453441296
2282 0.206477732794
2289 0.208502024291
2295 0.210526315789
2298 0.212550607287
2303 0.214574898785
2313 0.216599190283
2319 0.218623481781
2321 0.220647773279
2323 0.222672064777
2327 0.224696356275
2333 0.226720647773
2335 0.228744939271
2338 0.230769230769
2349 0.232793522267
2392 0.234817813765
2399 0.236842105263
2409 0.238866396761
2429 0.242914979757
2429 0.242914979757
2439 0.244939271255
2455 0.248987854251
2455 0.248987854251
2456 0.251012145749
2459 0.253036437247
2474 0.255060728745
2475 0.257085020243
2505 0.259109311741
2515 0.261133603239
2516 0.263157894737
2517 0.265182186235
2524 0.267206477733
2531 0.269230769231
2538 0.271255060729
2563 0.273279352227
2566 0.275303643725
2572 0.277327935223
2574 0.279352226721
2575 0.281376518219
2610 0.283400809717
2618 0.285425101215
2647 0.287449392713
2648 0.289473684211
2656 0.291497975709
2665 0.293522267206
2667 0.295546558704
2678 0.297570850202
2685 0.301619433198
2685 0.301619433198
2692 0.303643724696
2694 0.305668016194
2697 0.307692307692
2709 0.30971659919
2711 0.311740890688
2716 0.313765182186
2721 0.315789473684
2727 0.317813765182
2735 0.31983805668
2741 0.321862348178
2747 0.323886639676
2819 0.325910931174
2823 0.327935222672
2842 0.32995951417
2849 0.331983805668
2851 0.334008097166
2855 0.336032388664
2865 0.338056680162
2871 0.34008097166
2894 0.342105263158
2898 0.344129554656
2904 0.346153846154
2920 0.348178137652
2930 0.35020242915
2943 0.352226720648
2981 0.354251012146
2990 0.356275303644
2994 0.358299595142
3003 0.36032388664
3004 0.362348178138
3006 0.364372469636
3007 0.366396761134
3017 0.368421052632
3029 0.37044534413
3047 0.372469635628
3060 0.374493927126
3075 0.376518218623
3082 0.378542510121
3112 0.380566801619
3113 0.382591093117
3117 0.384615384615
3122 0.386639676113
3123 0.388663967611
3171 0.390688259109
3173 0.392712550607
3179 0.394736842105
3206 0.396761133603
3207 0.398785425101
3220 0.400809716599
3226 0.402834008097
3236 0.404858299595
3246 0.406882591093
3248 0.408906882591
3255 0.410931174089
3301 0.412955465587
3329 0.414979757085
3351 0.417004048583
3354 0.419028340081
3364 0.421052631579
3368 0.423076923077
3372 0.425101214575
3380 0.427125506073
3393 0.429149797571
3394 0.431174089069
3401 0.433198380567
3403 0.435222672065
3411 0.439271255061
3411 0.439271255061
3412 0.441295546559
3422 0.443319838057
3438 0.445344129555
3442 0.447368421053
3444 0.449392712551
3461 0.451417004049
3474 0.453441295547
3475 0.455465587045
3498 0.457489878543
3528 0.45951417004
3529 0.461538461538
3546 0.463562753036
3577 0.465587044534
3580 0.467611336032
3586 0.46963562753
3591 0.471659919028
3637 0.473684210526
3656 0.475708502024
3678 0.477732793522
3717 0.47975708502
3729 0.481781376518
3737 0.483805668016
3753 0.485829959514
3782 0.487854251012
3789 0.48987854251
3791 0.491902834008
3804 0.493927125506
3808 0.495951417004
3818 0.497975708502
3828 0.5
3830 0.502024291498
3861 0.504048582996
3864 0.506072874494
3868 0.508097165992
3902 0.51012145749
3918 0.512145748988
3931 0.514170040486
3938 0.516194331984
3953 0.518218623482
3970 0.52024291498
3971 0.522267206478
3977 0.524291497976
3987 0.528340080972
3987 0.528340080972
3991 0.53036437247
3998 0.532388663968
3999 0.534412955466
4012 0.536437246964
4032 0.54048582996
4032 0.54048582996
4036 0.542510121457
4038 0.544534412955
4051 0.546558704453
4052 0.548582995951
4053 0.550607287449
4070 0.552631578947
4084 0.554655870445
4111 0.556680161943
4129 0.558704453441
4173 0.560728744939
4182 0.562753036437
4183 0.564777327935
4188 0.566801619433
4211 0.568825910931
4250 0.570850202429
4259 0.572874493927
4265 0.574898785425
4291 0.576923076923
4299 0.578947368421
4302 0.580971659919
4333 0.585020242915
4333 0.585020242915
4381 0.587044534413
4386 0.589068825911
4387 0.591093117409
4411 0.593117408907
4416 0.595141700405
4424 0.597165991903
4432 0.599190283401
4503 0.601214574899
4510 0.603238866397
4539 0.605263157895
4558 0.607287449393
4569 0.609311740891
4578 0.613360323887
4578 0.613360323887
4608 0.615384615385
4617 0.617408906883
4635 0.619433198381
4656 0.621457489879
4669 0.623481781377
4685 0.625506072874
4730 0.627530364372
4756 0.62955465587
4787 0.631578947368
4810 0.633603238866
4815 0.635627530364
4832 0.637651821862
4839 0.63967611336
4851 0.641700404858
4852 0.643724696356
4870 0.645748987854
4888 0.647773279352
4914 0.64979757085
4915 0.651821862348
4920 0.655870445344
4920 0.655870445344
4967 0.657894736842
4969 0.65991902834
5000 0.661943319838
5062 0.663967611336
5064 0.665991902834
5082 0.668016194332
5099 0.67004048583
5108 0.672064777328
5133 0.674089068826
5162 0.676113360324
5181 0.678137651822
5196 0.68016194332
5272 0.686234817814
5272 0.686234817814
5272 0.686234817814
5274 0.688259109312
5286 0.69028340081
5315 0.692307692308
5322 0.694331983806
5343 0.696356275304
5369 0.698380566802
5413 0.7004048583
5452 0.702429149798
5489 0.704453441296
5508 0.706477732794
5530 0.708502024291
5536 0.710526315789
5552 0.712550607287
5560 0.714574898785
5569 0.716599190283
5576 0.718623481781
5598 0.720647773279
5614 0.722672064777
5623 0.724696356275
5646 0.726720647773
5678 0.728744939271
5704 0.730769230769
5716 0.732793522267
5811 0.734817813765
5817 0.736842105263
5828 0.738866396761
5829 0.740890688259
5837 0.742914979757
5846 0.744939271255
5882 0.746963562753
5947 0.748987854251
5951 0.751012145749
5970 0.753036437247
5975 0.755060728745
6031 0.757085020243
6087 0.759109311741
6091 0.761133603239
6101 0.763157894737
6102 0.765182186235
6105 0.767206477733
6123 0.769230769231
6132 0.771255060729
6133 0.773279352227
6137 0.775303643725
6191 0.777327935223
6236 0.779352226721
6286 0.781376518219
6289 0.783400809717
6316 0.785425101215
6364 0.787449392713
6392 0.789473684211
6393 0.791497975709
6413 0.793522267206
6418 0.795546558704
6442 0.797570850202
6477 0.7995951417
6539 0.801619433198
6544 0.803643724696
6551 0.805668016194
6574 0.807692307692
6634 0.80971659919
6640 0.811740890688
6645 0.813765182186
6654 0.815789473684
6665 0.817813765182
6672 0.81983805668
6674 0.821862348178
6688 0.823886639676
6699 0.825910931174
6731 0.827935222672
6733 0.82995951417
6908 0.831983805668
6940 0.834008097166
6954 0.836032388664
7093 0.838056680162
7159 0.84008097166
7174 0.842105263158
7229 0.844129554656
7237 0.846153846154
7262 0.848178137652
7277 0.85020242915
7318 0.852226720648
7364 0.854251012146
7476 0.856275303644
7543 0.858299595142
7572 0.86032388664
7612 0.862348178138
7688 0.864372469636
7701 0.866396761134
7708 0.868421052632
7760 0.87044534413
7832 0.872469635628
7839 0.874493927126
7884 0.876518218623
7893 0.878542510121
7949 0.880566801619
7973 0.882591093117
7975 0.884615384615
7981 0.886639676113
7998 0.888663967611
8041 0.890688259109
8330 0.892712550607
8373 0.894736842105
8479 0.896761133603
8561 0.898785425101
8610 0.900809716599
8645 0.902834008097
8656 0.906882591093
8656 0.906882591093
8719 0.908906882591
8806 0.910931174089
8848 0.912955465587
8864 0.914979757085
8877 0.917004048583
8893 0.919028340081
9009 0.921052631579
9038 0.923076923077
9284 0.925101214575
9460 0.927125506073
9521 0.929149797571
9529 0.931174089069
9556 0.933198380567
9640 0.935222672065
9694 0.937246963563
9698 0.939271255061
9780 0.941295546559
10080 0.943319838057
10091 0.945344129555
10147 0.947368421053
10163 0.949392712551
10194 0.951417004049
10510 0.953441295547
10534 0.955465587045
10617 0.957489878543
11158 0.95951417004
11183 0.961538461538
11723 0.963562753036
11794 0.965587044534
12162 0.967611336032
12264 0.96963562753
12690 0.971659919028
13359 0.973684210526
13526 0.975708502024
14020 0.977732793522
14097 0.97975708502
14250 0.981781376518
15714 0.983805668016
15885 0.985829959514
15970 0.987854251012
16743 0.98987854251
25585 0.991902834008
89365 0.993927125506
119536 0.995951417004
123898 0.997975708502
441437 1.0
