48 0.00202429149798
1147 0.00404858299595
1163 0.00607287449393
1184 0.0080971659919
1256 0.0101214574899
1371 0.0121457489879
1583 0.0141700404858
1668 0.0161943319838
1695 0.0182186234818
1923 0.0202429149798
1978 0.0222672064777
2072 0.0242914979757
2093 0.0263157894737
2095 0.0283400809717
2155 0.0303643724696
2163 0.0323886639676
2204 0.0344129554656
2243 0.0364372469636
2255 0.0384615384615
2313 0.0404858299595
2392 0.0425101214575
2443 0.0445344129555
2458 0.0465587044534
2468 0.0485829959514
2479 0.0506072874494
2520 0.0526315789474
2534 0.0546558704453
2548 0.0566801619433
2580 0.0587044534413
2731 0.0607287449393
2738 0.0627530364372
2744 0.0647773279352
2808 0.0668016194332
2821 0.0688259109312
2872 0.0708502024291
2947 0.0728744939271
2979 0.0748987854251
3016 0.0769230769231
3037 0.0789473684211
3056 0.080971659919
3067 0.082995951417
3125 0.085020242915
3204 0.087044534413
3241 0.0890688259109
3267 0.0910931174089
3268 0.0931174089069
3284 0.0951417004049
3293 0.0971659919028
3308 0.0991902834008
3330 0.101214574899
3341 0.103238866397
3382 0.105263157895
3412 0.107287449393
3448 0.109311740891
3451 0.111336032389
3460 0.113360323887
3493 0.115384615385
3563 0.117408906883
3573 0.119433198381
3585 0.121457489879
3604 0.123481781377
3615 0.125506072874
3653 0.127530364372
3665 0.12955465587
3712 0.131578947368
3742 0.133603238866
3777 0.135627530364
3778 0.137651821862
3816 0.13967611336
3855 0.141700404858
3897 0.143724696356
3930 0.145748987854
4039 0.147773279352
4041 0.14979757085
4042 0.153846153846
4042 0.153846153846
4056 0.155870445344
4059 0.157894736842
4077 0.15991902834
4129 0.161943319838
4145 0.163967611336
4159 0.165991902834
4178 0.168016194332
4183 0.17004048583
4248 0.172064777328
4260 0.174089068826
4283 0.176113360324
4317 0.18016194332
4317 0.18016194332
4350 0.182186234818
4371 0.184210526316
4394 0.186234817814
4433 0.188259109312
4435 0.19028340081
4473 0.192307692308
4476 0.194331983806
4506 0.196356275304
4540 0.198380566802
4548 0.2004048583
4549 0.202429149798
4556 0.204453441296
4591 0.206477732794
4643 0.208502024291
4644 0.210526315789
4686 0.212550607287
4693 0.214574898785
4698 0.216599190283
4716 0.218623481781
4724 0.220647773279
4771 0.222672064777
4816 0.224696356275
4818 0.226720647773
4835 0.228744939271
4854 0.230769230769
4855 0.232793522267
4864 0.234817813765
4871 0.238866396761
4871 0.238866396761
4886 0.240890688259
4895 0.242914979757
4922 0.244939271255
4942 0.246963562753
4968 0.248987854251
4976 0.251012145749
4978 0.253036437247
4986 0.255060728745
5010 0.257085020243
5053 0.259109311741
5072 0.261133603239
5087 0.263157894737
5089 0.265182186235
5093 0.267206477733
5106 0.269230769231
5124 0.271255060729
5171 0.273279352227
5228 0.275303643725
5238 0.277327935223
5243 0.279352226721
5244 0.281376518219
5249 0.283400809717
5277 0.285425101215
5296 0.287449392713
5343 0.289473684211
5372 0.291497975709
5388 0.293522267206
5419 0.295546558704
5428 0.297570850202
5431 0.2995951417
5436 0.301619433198
5449 0.303643724696
5551 0.305668016194
5565 0.307692307692
5585 0.30971659919
5598 0.311740890688
5624 0.313765182186
5660 0.315789473684
5680 0.317813765182
5702 0.31983805668
5706 0.321862348178
5712 0.323886639676
5719 0.325910931174
5773 0.327935222672
5810 0.32995951417
5813 0.331983805668
5814 0.334008097166
5817 0.336032388664
5836 0.338056680162
5858 0.34008097166
5864 0.342105263158
5883 0.344129554656
5894 0.346153846154
5930 0.348178137652
5973 0.35020242915
5977 0.352226720648
5996 0.354251012146
6018 0.356275303644
6054 0.358299595142
6083 0.36032388664
6111 0.362348178138
6133 0.366396761134
6133 0.366396761134
6152 0.368421052632
6184 0.37044534413
6191 0.374493927126
6191 0.374493927126
6264 0.376518218623
6294 0.378542510121
6323 0.380566801619
6353 0.382591093117
6376 0.384615384615
6388 0.386639676113
6394 0.388663967611
6423 0.390688259109
6434 0.392712550607
6435 0.394736842105
6439 0.396761133603
6451 0.398785425101
6465 0.400809716599
6484 0.402834008097
6567 0.404858299595
6579 0.406882591093
6591 0.408906882591
6594 0.410931174089
6605 0.412955465587
6620 0.414979757085
6695 0.417004048583
6720 0.419028340081
6739 0.421052631579
6882 0.423076923077
6888 0.425101214575
6912 0.427125506073
6914 0.429149797571
6920 0.431174089069
7022 0.433198380567
7042 0.435222672065
7044 0.437246963563
7054 0.441295546559
7054 0.441295546559
7078 0.443319838057
7095 0.445344129555
7099 0.447368421053
7107 0.449392712551
7115 0.451417004049
7148 0.453441295547
7169 0.455465587045
7191 0.457489878543
7223 0.45951417004
7226 0.461538461538
7260 0.463562753036
7269 0.465587044534
7314 0.467611336032
7359 0.46963562753
7380 0.471659919028
7403 0.473684210526
7412 0.475708502024
7437 0.477732793522
7448 0.47975708502
7488 0.481781376518
7528 0.485829959514
7528 0.485829959514
7532 0.487854251012
7548 0.48987854251
7603 0.491902834008
7666 0.493927125506
7667 0.495951417004
7724 0.497975708502
7728 0.5
7743 0.502024291498
7747 0.504048582996
7769 0.506072874494
7783 0.508097165992
7789 0.51012145749
7790 0.512145748988
7806 0.514170040486
7816 0.516194331984
7819 0.518218623482
7884 0.52024291498
7938 0.522267206478
7946 0.524291497976
7949 0.526315789474
7990 0.528340080972
8018 0.53036437247
8029 0.532388663968
8034 0.534412955466
8037 0.536437246964
8180 0.538461538462
8192 0.54048582996
8222 0.542510121457
8262 0.544534412955
8263 0.546558704453
8272 0.548582995951
8282 0.550607287449
8291 0.552631578947
8293 0.554655870445
8335 0.556680161943
8339 0.558704453441
8373 0.560728744939
8374 0.562753036437
8380 0.564777327935
8520 0.566801619433
8544 0.568825910931
8566 0.570850202429
8627 0.572874493927
8664 0.574898785425
8675 0.576923076923
8691 0.578947368421
8698 0.580971659919
8710 0.582995951417
8713 0.585020242915
8734 0.587044534413
8750 0.589068825911
8761 0.591093117409
8804 0.593117408907
8815 0.595141700405
8817 0.597165991903
8867 0.599190283401
8874 0.601214574899
8885 0.603238866397
8891 0.605263157895
8915 0.607287449393
8916 0.609311740891
8950 0.611336032389
8972 0.613360323887
9017 0.615384615385
9021 0.617408906883
9070 0.619433198381
9129 0.621457489879
9146 0.623481781377
9255 0.625506072874
9281 0.627530364372
9315 0.62955465587
9329 0.631578947368
9340 0.633603238866
9347 0.635627530364
9408 0.637651821862
9436 0.63967611336
9452 0.641700404858
9466 0.643724696356
9491 0.645748987854
9502 0.647773279352
9557 0.64979757085
9604 0.651821862348
9623 0.653846153846
9624 0.655870445344
9652 0.657894736842
9699 0.65991902834
9707 0.661943319838
9713 0.663967611336
9756 0.665991902834
9764 0.668016194332
9871 0.67004048583
9890 0.672064777328
9968 0.674089068826
9993 0.676113360324
10016 0.678137651822
10113 0.68016194332
10118 0.682186234818
10122 0.684210526316
10145 0.686234817814
10186 0.688259109312
10217 0.69028340081
10246 0.692307692308
10247 0.694331983806
10304 0.696356275304
10354 0.698380566802
10368 0.7004048583
10427 0.702429149798
10429 0.704453441296
10461 0.706477732794
10498 0.708502024291
10510 0.710526315789
10512 0.712550607287
10526 0.714574898785
10527 0.716599190283
10533 0.718623481781
10560 0.720647773279
10595 0.722672064777
10618 0.724696356275
10647 0.726720647773
10690 0.728744939271
10738 0.730769230769
10793 0.732793522267
10805 0.734817813765
10806 0.736842105263
10822 0.738866396761
10902 0.740890688259
10957 0.742914979757
11069 0.744939271255
11084 0.746963562753
11085 0.748987854251
11136 0.751012145749
11148 0.753036437247
11183 0.755060728745
11217 0.757085020243
11219 0.759109311741
11231 0.761133603239
11280 0.763157894737
11294 0.765182186235
11311 0.767206477733
11361 0.769230769231
11407 0.771255060729
11456 0.773279352227
11504 0.775303643725
11512 0.777327935223
11541 0.779352226721
11614 0.781376518219
11624 0.783400809717
11627 0.785425101215
11667 0.787449392713
11701 0.789473684211
11708 0.791497975709
11729 0.793522267206
11771 0.795546558704
11813 0.797570850202
11817 0.7995951417
11830 0.801619433198
11831 0.803643724696
12177 0.805668016194
12345 0.807692307692
12378 0.80971659919
12424 0.811740890688
12611 0.813765182186
12622 0.815789473684
12651 0.817813765182
12687 0.81983805668
12731 0.821862348178
12748 0.823886639676
12803 0.825910931174
12805 0.827935222672
12843 0.82995951417
12972 0.831983805668
13145 0.834008097166
13173 0.836032388664
13255 0.838056680162
13334 0.84008097166
13383 0.842105263158
13417 0.844129554656
13419 0.846153846154
13507 0.848178137652
13530 0.85020242915
13559 0.852226720648
13625 0.854251012146
13916 0.856275303644
13926 0.858299595142
13933 0.86032388664
14060 0.862348178138
14293 0.864372469636
14320 0.866396761134
14487 0.868421052632
14518 0.87044534413
14541 0.872469635628
14926 0.874493927126
14966 0.876518218623
15173 0.878542510121
15183 0.880566801619
15347 0.882591093117
15383 0.884615384615
15668 0.886639676113
15755 0.888663967611
15787 0.890688259109
15813 0.892712550607
15859 0.894736842105
15970 0.896761133603
16098 0.898785425101
16099 0.900809716599
16309 0.902834008097
16721 0.904858299595
17725 0.906882591093
18097 0.908906882591
18371 0.910931174089
18523 0.912955465587
18960 0.914979757085
19293 0.917004048583
19409 0.919028340081
19431 0.921052631579
19892 0.923076923077
20394 0.925101214575
21019 0.927125506073
22099 0.929149797571
22121 0.931174089069
22210 0.933198380567
22313 0.935222672065
22334 0.937246963563
22580 0.939271255061
23055 0.941295546559
24026 0.943319838057
24473 0.945344129555
24566 0.947368421053
24705 0.949392712551
24784 0.951417004049
25712 0.953441295547
25731 0.955465587045
26095 0.957489878543
26495 0.95951417004
26613 0.961538461538
27435 0.963562753036
27866 0.965587044534
28452 0.967611336032
30318 0.96963562753
30979 0.971659919028
33465 0.973684210526
34901 0.975708502024
35930 0.977732793522
37800 0.97975708502
39043 0.981781376518
39541 0.983805668016
41767 0.985829959514
44930 0.987854251012
50945 0.98987854251
53729 0.991902834008
77095 0.993927125506
89624 0.995951417004
124962 0.997975708502
424253 1.0
