54 0.00202839756592
1294 0.00405679513185
2073 0.00608519269777
2099 0.00811359026369
2194 0.0101419878296
2253 0.0121703853955
2707 0.0141987829615
2872 0.0162271805274
2941 0.0182555780933
3011 0.0202839756592
3063 0.0223123732252
3210 0.0243407707911
3270 0.026369168357
3380 0.0283975659229
3456 0.0304259634888
3501 0.0324543610548
3540 0.0344827586207
3552 0.0365111561866
3714 0.0385395537525
3740 0.0405679513185
3805 0.0425963488844
3847 0.0446247464503
3944 0.0466531440162
4034 0.0486815415822
4116 0.0507099391481
4206 0.052738336714
4278 0.0547667342799
4299 0.0567951318458
4383 0.0588235294118
4427 0.0608519269777
4454 0.0628803245436
4456 0.0649087221095
4486 0.0669371196755
4519 0.0689655172414
4523 0.0709939148073
4586 0.0730223123732
4656 0.0750507099391
4786 0.0770791075051
4798 0.079107505071
4826 0.0811359026369
4836 0.0831643002028
4837 0.0872210953347
4837 0.0872210953347
4868 0.0892494929006
4996 0.0912778904665
5000 0.0933062880325
5033 0.0953346855984
5048 0.0973630831643
5064 0.0993914807302
5069 0.101419878296
5092 0.103448275862
5096 0.105476673428
5113 0.107505070994
5124 0.10953346856
5148 0.111561866126
5184 0.113590263692
5196 0.115618661258
5277 0.117647058824
5299 0.119675456389
5331 0.121703853955
5375 0.123732251521
5396 0.125760649087
5406 0.127789046653
5413 0.129817444219
5441 0.131845841785
5509 0.133874239351
5515 0.135902636917
5585 0.137931034483
5604 0.139959432049
5633 0.141987829615
5653 0.144016227181
5731 0.146044624746
5739 0.148073022312
5780 0.150101419878
5796 0.152129817444
5822 0.15415821501
5828 0.156186612576
5842 0.158215010142
5853 0.160243407708
5858 0.162271805274
5876 0.16430020284
5887 0.166328600406
5895 0.168356997972
5918 0.170385395538
5920 0.172413793103
5938 0.174442190669
5940 0.176470588235
5970 0.178498985801
5985 0.180527383367
6000 0.182555780933
6013 0.184584178499
6043 0.186612576065
6047 0.188640973631
6052 0.190669371197
6061 0.192697768763
6062 0.194726166329
6083 0.196754563895
6129 0.19878296146
6134 0.200811359026
6137 0.202839756592
6157 0.204868154158
6160 0.206896551724
6168 0.20892494929
6172 0.210953346856
6191 0.212981744422
6208 0.215010141988
6240 0.217038539554
6243 0.21906693712
6278 0.221095334686
6281 0.223123732252
6306 0.225152129817
6310 0.227180527383
6322 0.229208924949
6343 0.231237322515
6358 0.233265720081
6385 0.235294117647
6399 0.237322515213
6413 0.239350912779
6414 0.241379310345
6419 0.243407707911
6421 0.245436105477
6425 0.247464503043
6476 0.249492900609
6478 0.251521298174
6495 0.25354969574
6545 0.255578093306
6552 0.257606490872
6592 0.259634888438
6626 0.261663286004
6643 0.26369168357
6678 0.265720081136
6686 0.267748478702
6696 0.269776876268
6715 0.271805273834
6717 0.2738336714
6750 0.275862068966
6795 0.277890466531
6819 0.279918864097
6825 0.281947261663
6829 0.283975659229
6839 0.286004056795
6887 0.288032454361
6897 0.290060851927
6936 0.292089249493
6979 0.294117647059
6982 0.296146044625
6983 0.298174442191
6985 0.300202839757
7005 0.302231237323
7025 0.304259634888
7038 0.306288032454
7053 0.30831643002
7057 0.310344827586
7075 0.314401622718
7075 0.314401622718
7109 0.316430020284
7114 0.31845841785
7171 0.320486815416
7196 0.324543610548
7196 0.324543610548
7216 0.326572008114
7224 0.32860040568
7239 0.330628803245
7246 0.332657200811
7280 0.334685598377
7298 0.336713995943
7318 0.338742393509
7327 0.340770791075
7342 0.342799188641
7348 0.344827586207
7364 0.346855983773
7365 0.348884381339
7425 0.350912778905
7452 0.352941176471
7459 0.354969574037
7514 0.356997971602
7515 0.359026369168
7535 0.361054766734
7536 0.3630831643
7604 0.365111561866
7641 0.367139959432
7645 0.369168356998
7675 0.371196754564
7698 0.37322515213
7699 0.375253549696
7702 0.377281947262
7731 0.379310344828
7758 0.381338742394
7780 0.383367139959
7804 0.385395537525
7807 0.387423935091
7844 0.389452332657
7848 0.391480730223
7870 0.393509127789
7877 0.395537525355
7903 0.397565922921
7910 0.399594320487
7948 0.401622718053
7954 0.403651115619
7970 0.405679513185
7973 0.407707910751
7986 0.409736308316
8010 0.411764705882
8037 0.413793103448
8053 0.415821501014
8067 0.41784989858
8124 0.419878296146
8130 0.421906693712
8140 0.423935091278
8145 0.425963488844
8159 0.42799188641
8166 0.432048681542
8166 0.432048681542
8193 0.434077079108
8219 0.436105476673
8256 0.438133874239
8282 0.440162271805
8289 0.442190669371
8295 0.444219066937
8306 0.446247464503
8316 0.448275862069
8380 0.450304259635
8455 0.452332657201
8509 0.454361054767
8531 0.456389452333
8570 0.460446247465
8570 0.460446247465
8578 0.46247464503
8585 0.464503042596
8590 0.466531440162
8591 0.468559837728
8647 0.470588235294
8691 0.474645030426
8691 0.474645030426
8729 0.476673427992
8762 0.478701825558
8786 0.480730223124
8818 0.48275862069
8830 0.484787018256
8838 0.486815415822
8840 0.488843813387
8853 0.490872210953
8867 0.492900608519
8868 0.494929006085
8874 0.496957403651
8889 0.498985801217
8897 0.501014198783
8900 0.503042596349
8922 0.505070993915
8953 0.507099391481
8976 0.509127789047
8977 0.511156186613
8980 0.513184584178
8982 0.515212981744
8995 0.51724137931
9004 0.519269776876
9026 0.521298174442
9032 0.523326572008
9049 0.525354969574
9052 0.52738336714
9054 0.529411764706
9077 0.531440162272
9146 0.533468559838
9153 0.535496957404
9155 0.53752535497
9170 0.539553752535
9173 0.541582150101
9189 0.543610547667
9246 0.545638945233
9273 0.547667342799
9282 0.549695740365
9361 0.551724137931
9377 0.553752535497
9432 0.555780933063
9528 0.557809330629
9556 0.559837728195
9591 0.561866125761
9596 0.563894523327
9643 0.565922920892
9650 0.567951318458
9692 0.569979716024
9698 0.57200811359
9716 0.574036511156
9729 0.576064908722
9745 0.578093306288
9768 0.580121703854
9775 0.58215010142
9798 0.584178498986
9801 0.586206896552
9836 0.588235294118
9838 0.590263691684
9866 0.592292089249
9873 0.594320486815
9876 0.596348884381
9887 0.598377281947
9895 0.600405679513
9924 0.602434077079
9954 0.604462474645
9976 0.606490872211
9977 0.608519269777
10060 0.610547667343
10067 0.612576064909
10068 0.614604462475
10088 0.616632860041
10102 0.618661257606
10151 0.620689655172
10201 0.622718052738
10217 0.624746450304
10229 0.62677484787
10266 0.628803245436
10275 0.630831643002
10282 0.632860040568
10291 0.634888438134
10302 0.6369168357
10306 0.638945233266
10342 0.640973630832
10385 0.643002028398
10416 0.645030425963
10418 0.647058823529
10425 0.649087221095
10455 0.651115618661
10461 0.653144016227
10462 0.655172413793
10615 0.657200811359
10617 0.659229208925
10651 0.661257606491
10679 0.663286004057
10695 0.665314401623
10696 0.667342799189
10787 0.669371196755
10841 0.67139959432
10925 0.673427991886
10955 0.675456389452
10959 0.677484787018
10991 0.679513184584
10999 0.68154158215
11010 0.683569979716
11108 0.685598377282
11216 0.687626774848
11253 0.689655172414
11285 0.69168356998
11327 0.693711967546
11342 0.695740365112
11359 0.697768762677
11361 0.699797160243
11374 0.701825557809
11522 0.705882352941
11522 0.705882352941
11537 0.707910750507
11641 0.709939148073
11654 0.711967545639
11770 0.713995943205
11823 0.716024340771
11910 0.718052738337
11949 0.720081135903
12009 0.722109533469
12020 0.724137931034
12026 0.7261663286
12037 0.728194726166
12053 0.730223123732
12162 0.732251521298
12172 0.734279918864
12215 0.73630831643
12239 0.738336713996
12259 0.740365111562
12280 0.742393509128
12291 0.744421906694
12305 0.74645030426
12312 0.748478701826
12376 0.750507099391
12414 0.752535496957
12424 0.754563894523
12432 0.756592292089
12468 0.758620689655
12493 0.760649087221
12531 0.762677484787
12650 0.764705882353
12693 0.766734279919
12800 0.768762677485
12804 0.770791075051
12808 0.772819472617
13060 0.774847870183
13103 0.776876267748
13154 0.778904665314
13268 0.78093306288
13282 0.782961460446
13291 0.784989858012
13422 0.787018255578
13520 0.789046653144
13531 0.79107505071
13555 0.793103448276
13566 0.795131845842
13614 0.797160243408
13713 0.799188640974
13717 0.80121703854
13729 0.803245436105
13734 0.805273833671
13749 0.807302231237
13790 0.809330628803
13830 0.811359026369
13841 0.813387423935
13865 0.815415821501
13886 0.817444219067
13993 0.819472616633
14069 0.821501014199
14147 0.823529411765
14150 0.825557809331
14177 0.827586206897
14204 0.829614604462
14260 0.831643002028
14271 0.833671399594
14310 0.83569979716
14336 0.837728194726
14383 0.839756592292
14395 0.841784989858
14402 0.843813387424
14466 0.84584178499
14497 0.847870182556
14500 0.849898580122
14564 0.851926977688
14657 0.853955375254
14701 0.855983772819
14813 0.858012170385
14829 0.860040567951
14833 0.862068965517
14838 0.864097363083
14849 0.866125760649
14918 0.868154158215
15052 0.870182555781
15074 0.872210953347
15156 0.874239350913
15230 0.876267748479
15289 0.878296146045
15360 0.880324543611
15411 0.882352941176
15568 0.884381338742
15681 0.886409736308
15684 0.888438133874
15909 0.89046653144
16021 0.892494929006
16094 0.894523326572
16179 0.896551724138
16324 0.898580121704
16622 0.90060851927
16652 0.902636916836
16703 0.904665314402
16830 0.906693711968
16849 0.908722109533
16854 0.910750507099
16890 0.912778904665
16945 0.914807302231
16962 0.916835699797
17071 0.918864097363
17072 0.920892494929
17183 0.922920892495
17404 0.924949290061
17450 0.926977687627
17769 0.929006085193
17971 0.931034482759
18155 0.933062880325
18353 0.93509127789
18471 0.937119675456
18506 0.939148073022
18773 0.941176470588
18784 0.943204868154
18822 0.94523326572
19048 0.947261663286
19437 0.949290060852
19635 0.951318458418
19838 0.953346855984
20226 0.95537525355
20341 0.957403651116
20384 0.959432048682
20442 0.961460446247
20561 0.963488843813
20596 0.965517241379
21165 0.967545638945
21470 0.969574036511
21669 0.971602434077
22352 0.973630831643
22468 0.975659229209
22478 0.977687626775
23124 0.979716024341
23561 0.981744421907
24508 0.983772819473
24775 0.985801217039
27659 0.987829614604
34673 0.98985801217
77068 0.991886409736
99366 0.993914807302
107773 0.995943204868
127679 0.997971602434
414865 1.0
