30 0.00202839756592
1011 0.00405679513185
1324 0.00608519269777
1601 0.00811359026369
1897 0.0101419878296
1934 0.0121703853955
2195 0.0141987829615
2530 0.0162271805274
2834 0.0182555780933
2876 0.0202839756592
2884 0.0223123732252
2907 0.0243407707911
2940 0.026369168357
2980 0.0283975659229
3050 0.0304259634888
3149 0.0324543610548
3159 0.0344827586207
3166 0.0365111561866
3171 0.0385395537525
3187 0.0405679513185
3194 0.0425963488844
3325 0.0446247464503
3428 0.0466531440162
3431 0.0486815415822
3611 0.0507099391481
3777 0.052738336714
3796 0.0547667342799
3858 0.0567951318458
3868 0.0588235294118
4120 0.0608519269777
4145 0.0628803245436
4159 0.0649087221095
4398 0.0669371196755
4418 0.0689655172414
4428 0.0709939148073
4482 0.0730223123732
4493 0.0750507099391
4502 0.0770791075051
4528 0.079107505071
4558 0.0811359026369
4622 0.0831643002028
4665 0.0851926977688
4758 0.0872210953347
4807 0.0892494929006
4827 0.0912778904665
4945 0.0933062880325
4957 0.0953346855984
5009 0.0973630831643
5061 0.0993914807302
5084 0.101419878296
5093 0.103448275862
5112 0.105476673428
5116 0.107505070994
5139 0.10953346856
5174 0.111561866126
5205 0.113590263692
5247 0.115618661258
5294 0.117647058824
5306 0.119675456389
5329 0.121703853955
5336 0.123732251521
5338 0.125760649087
5340 0.127789046653
5353 0.129817444219
5379 0.131845841785
5394 0.133874239351
5397 0.135902636917
5402 0.137931034483
5407 0.139959432049
5408 0.141987829615
5417 0.144016227181
5430 0.146044624746
5453 0.148073022312
5461 0.150101419878
5482 0.152129817444
5485 0.15415821501
5487 0.156186612576
5510 0.158215010142
5517 0.160243407708
5537 0.162271805274
5559 0.16430020284
5581 0.166328600406
5591 0.168356997972
5596 0.170385395538
5604 0.172413793103
5684 0.174442190669
5692 0.176470588235
5731 0.178498985801
5794 0.180527383367
5829 0.182555780933
5878 0.184584178499
5943 0.186612576065
5955 0.188640973631
5987 0.190669371197
5989 0.192697768763
5994 0.194726166329
6010 0.196754563895
6051 0.19878296146
6072 0.200811359026
6106 0.202839756592
6117 0.204868154158
6131 0.20892494929
6131 0.20892494929
6209 0.210953346856
6239 0.212981744422
6249 0.215010141988
6251 0.217038539554
6259 0.21906693712
6271 0.221095334686
6303 0.223123732252
6346 0.225152129817
6351 0.227180527383
6360 0.229208924949
6366 0.231237322515
6376 0.233265720081
6389 0.235294117647
6390 0.237322515213
6430 0.239350912779
6444 0.241379310345
6497 0.245436105477
6497 0.245436105477
6541 0.247464503043
6596 0.249492900609
6599 0.251521298174
6673 0.255578093306
6673 0.255578093306
6682 0.257606490872
6708 0.259634888438
6722 0.261663286004
6728 0.26369168357
6736 0.265720081136
6739 0.267748478702
6754 0.269776876268
6756 0.271805273834
6760 0.2738336714
6783 0.275862068966
6792 0.277890466531
6845 0.279918864097
6848 0.281947261663
6901 0.283975659229
6942 0.286004056795
6964 0.288032454361
6995 0.290060851927
7014 0.292089249493
7034 0.294117647059
7037 0.296146044625
7056 0.298174442191
7081 0.300202839757
7114 0.302231237323
7131 0.304259634888
7137 0.306288032454
7156 0.30831643002
7206 0.310344827586
7208 0.312373225152
7238 0.314401622718
7249 0.316430020284
7286 0.31845841785
7292 0.320486815416
7339 0.322515212982
7341 0.324543610548
7353 0.326572008114
7362 0.32860040568
7370 0.330628803245
7392 0.332657200811
7420 0.334685598377
7486 0.336713995943
7488 0.338742393509
7502 0.340770791075
7558 0.342799188641
7569 0.344827586207
7572 0.346855983773
7752 0.348884381339
7767 0.350912778905
7789 0.352941176471
7793 0.354969574037
7816 0.356997971602
7818 0.359026369168
7822 0.361054766734
7836 0.365111561866
7836 0.365111561866
7844 0.367139959432
7847 0.369168356998
7850 0.371196754564
7868 0.37322515213
7890 0.375253549696
7901 0.377281947262
7933 0.379310344828
7953 0.381338742394
7963 0.383367139959
7991 0.385395537525
8006 0.387423935091
8034 0.389452332657
8063 0.391480730223
8072 0.393509127789
8086 0.395537525355
8115 0.397565922921
8119 0.399594320487
8139 0.401622718053
8197 0.403651115619
8227 0.405679513185
8252 0.407707910751
8260 0.409736308316
8280 0.411764705882
8284 0.413793103448
8327 0.415821501014
8378 0.41784989858
8408 0.419878296146
8423 0.421906693712
8439 0.423935091278
8457 0.425963488844
8479 0.42799188641
8489 0.430020283976
8544 0.432048681542
8562 0.434077079108
8578 0.436105476673
8591 0.438133874239
8603 0.440162271805
8646 0.442190669371
8699 0.444219066937
8709 0.446247464503
8719 0.448275862069
8729 0.450304259635
8738 0.452332657201
8744 0.454361054767
8765 0.456389452333
8785 0.458417849899
8791 0.460446247465
8793 0.46247464503
8796 0.464503042596
8823 0.466531440162
8826 0.468559837728
8855 0.470588235294
8856 0.47261663286
8938 0.474645030426
8942 0.476673427992
8986 0.478701825558
8998 0.480730223124
9003 0.48275862069
9004 0.484787018256
9006 0.486815415822
9068 0.488843813387
9072 0.490872210953
9082 0.492900608519
9088 0.494929006085
9139 0.496957403651
9153 0.498985801217
9176 0.501014198783
9182 0.503042596349
9265 0.505070993915
9267 0.507099391481
9319 0.509127789047
9333 0.511156186613
9360 0.513184584178
9365 0.515212981744
9372 0.51724137931
9401 0.519269776876
9419 0.521298174442
9470 0.523326572008
9471 0.525354969574
9478 0.52738336714
9497 0.529411764706
9522 0.531440162272
9533 0.533468559838
9536 0.535496957404
9558 0.53752535497
9571 0.539553752535
9574 0.541582150101
9625 0.543610547667
9637 0.545638945233
9642 0.547667342799
9650 0.549695740365
9670 0.551724137931
9676 0.553752535497
9712 0.555780933063
9714 0.557809330629
9726 0.559837728195
9802 0.561866125761
9836 0.563894523327
9846 0.565922920892
9861 0.567951318458
9862 0.569979716024
9866 0.57200811359
9974 0.574036511156
10005 0.578093306288
10005 0.578093306288
10008 0.580121703854
10010 0.58215010142
10014 0.584178498986
10018 0.586206896552
10019 0.588235294118
10041 0.590263691684
10080 0.592292089249
10099 0.594320486815
10109 0.596348884381
10121 0.598377281947
10128 0.600405679513
10186 0.602434077079
10205 0.604462474645
10252 0.606490872211
10259 0.608519269777
10260 0.610547667343
10261 0.612576064909
10264 0.614604462475
10287 0.616632860041
10299 0.618661257606
10319 0.620689655172
10366 0.622718052738
10403 0.624746450304
10424 0.62677484787
10437 0.628803245436
10536 0.630831643002
10551 0.632860040568
10592 0.634888438134
10621 0.6369168357
10646 0.638945233266
10705 0.640973630832
10718 0.643002028398
10748 0.645030425963
10803 0.647058823529
10812 0.649087221095
10826 0.651115618661
10841 0.653144016227
10861 0.655172413793
10862 0.657200811359
10869 0.659229208925
10898 0.661257606491
11003 0.663286004057
11022 0.665314401623
11045 0.667342799189
11083 0.669371196755
11215 0.67139959432
11238 0.673427991886
11281 0.675456389452
11301 0.677484787018
11318 0.679513184584
11383 0.68154158215
11397 0.683569979716
11472 0.685598377282
11568 0.687626774848
11658 0.689655172414
11680 0.69168356998
11693 0.693711967546
11695 0.695740365112
11719 0.697768762677
11731 0.699797160243
11733 0.701825557809
11743 0.703853955375
11758 0.705882352941
11789 0.707910750507
11847 0.709939148073
11921 0.711967545639
11976 0.713995943205
11986 0.716024340771
11995 0.718052738337
12033 0.720081135903
12048 0.722109533469
12049 0.724137931034
12093 0.7261663286
12094 0.728194726166
12118 0.730223123732
12139 0.732251521298
12166 0.734279918864
12219 0.73630831643
12224 0.738336713996
12247 0.740365111562
12294 0.742393509128
12337 0.744421906694
12351 0.74645030426
12358 0.748478701826
12372 0.750507099391
12467 0.752535496957
12483 0.754563894523
12493 0.756592292089
12535 0.758620689655
12589 0.760649087221
12643 0.762677484787
12844 0.764705882353
12876 0.766734279919
12907 0.768762677485
12937 0.770791075051
12982 0.772819472617
12998 0.774847870183
13063 0.776876267748
13112 0.778904665314
13152 0.78093306288
13253 0.782961460446
13259 0.784989858012
13274 0.787018255578
13294 0.789046653144
13310 0.79107505071
13336 0.793103448276
13355 0.795131845842
13451 0.797160243408
13472 0.799188640974
13490 0.80121703854
13529 0.803245436105
13580 0.805273833671
13590 0.807302231237
13612 0.809330628803
13643 0.811359026369
13812 0.813387423935
13817 0.815415821501
13819 0.817444219067
13842 0.819472616633
13853 0.821501014199
13952 0.823529411765
14092 0.825557809331
14102 0.827586206897
14129 0.829614604462
14149 0.831643002028
14203 0.833671399594
14238 0.83569979716
14254 0.837728194726
14282 0.839756592292
14284 0.841784989858
14339 0.843813387424
14432 0.84584178499
14516 0.847870182556
14669 0.849898580122
14685 0.853955375254
14685 0.853955375254
14797 0.855983772819
14831 0.858012170385
14850 0.860040567951
14862 0.862068965517
15197 0.864097363083
15199 0.866125760649
15233 0.868154158215
15274 0.870182555781
15398 0.872210953347
15461 0.874239350913
15501 0.876267748479
15526 0.878296146045
15632 0.880324543611
15673 0.882352941176
15916 0.884381338742
15949 0.886409736308
16080 0.888438133874
16111 0.89046653144
16123 0.892494929006
16229 0.894523326572
16240 0.896551724138
16773 0.898580121704
16858 0.90060851927
16877 0.902636916836
16983 0.904665314402
17017 0.906693711968
17022 0.908722109533
17042 0.910750507099
17063 0.912778904665
17084 0.914807302231
17112 0.916835699797
17491 0.918864097363
17558 0.920892494929
17594 0.922920892495
17642 0.924949290061
17854 0.926977687627
18104 0.929006085193
18147 0.931034482759
18201 0.933062880325
18249 0.93509127789
18410 0.937119675456
18933 0.939148073022
19091 0.941176470588
19369 0.943204868154
19380 0.94523326572
19455 0.947261663286
20407 0.949290060852
20552 0.951318458418
20993 0.953346855984
21114 0.95537525355
21346 0.957403651116
21369 0.959432048682
21599 0.961460446247
21693 0.963488843813
21831 0.965517241379
21942 0.967545638945
22035 0.969574036511
22400 0.971602434077
23068 0.973630831643
23157 0.975659229209
23258 0.977687626775
23332 0.979716024341
23991 0.981744421907
24130 0.983772819473
25200 0.985801217039
25239 0.987829614604
25623 0.98985801217
26404 0.991886409736
30288 0.993914807302
38282 0.995943204868
38360 0.997971602434
3050917 1.0
