30 0.0020325203252
1002 0.00406504065041
1394 0.00609756097561
1645 0.00813008130081
1954 0.010162601626
2003 0.0121951219512
2216 0.0142276422764
2582 0.0162601626016
2988 0.0182926829268
3045 0.020325203252
3109 0.0223577235772
3235 0.0243902439024
3244 0.0264227642276
3271 0.0284552845528
3344 0.030487804878
3384 0.0325203252033
3390 0.0345528455285
3407 0.0365853658537
3469 0.0386178861789
3625 0.0406504065041
3642 0.0426829268293
3917 0.0447154471545
3990 0.0467479674797
4034 0.0487804878049
4327 0.0508130081301
4423 0.0528455284553
4476 0.0548780487805
4509 0.0569105691057
4514 0.0589430894309
4537 0.0609756097561
4577 0.0630081300813
4636 0.0650406504065
4651 0.0670731707317
4887 0.0691056910569
4945 0.0711382113821
5322 0.0731707317073
5385 0.0752032520325
5434 0.0772357723577
5476 0.0792682926829
5542 0.0813008130081
5584 0.0833333333333
5598 0.0853658536585
5665 0.0873983739837
5737 0.0894308943089
5740 0.0914634146341
5820 0.0934959349593
5876 0.0955284552846
5878 0.0975609756098
5976 0.099593495935
6035 0.10162601626
6058 0.103658536585
6122 0.105691056911
6128 0.107723577236
6142 0.109756097561
6268 0.111788617886
6342 0.113821138211
6343 0.115853658537
6364 0.117886178862
6374 0.119918699187
6473 0.121951219512
6513 0.123983739837
6538 0.126016260163
6553 0.128048780488
6596 0.130081300813
6653 0.132113821138
6662 0.134146341463
6675 0.136178861789
6701 0.138211382114
6707 0.140243902439
6728 0.142276422764
6760 0.144308943089
6799 0.146341463415
6801 0.14837398374
6813 0.150406504065
6864 0.15243902439
7005 0.154471544715
7012 0.156504065041
7020 0.158536585366
7028 0.160569105691
7030 0.162601626016
7034 0.164634146341
7054 0.166666666667
7061 0.168699186992
7076 0.170731707317
7077 0.172764227642
7098 0.174796747967
7102 0.176829268293
7135 0.178861788618
7140 0.180894308943
7153 0.182926829268
7273 0.184959349593
7320 0.186991869919
7337 0.189024390244
7339 0.191056910569
7382 0.193089430894
7453 0.19512195122
7537 0.197154471545
7588 0.19918699187
7590 0.201219512195
7618 0.20325203252
7636 0.205284552846
7640 0.207317073171
7731 0.209349593496
7778 0.211382113821
7785 0.213414634146
7880 0.215447154472
7951 0.217479674797
7953 0.219512195122
7974 0.221544715447
7998 0.223577235772
8016 0.225609756098
8089 0.227642276423
8125 0.229674796748
8126 0.231707317073
8175 0.233739837398
8182 0.235772357724
8311 0.237804878049
8332 0.239837398374
8385 0.241869918699
8481 0.243902439024
8539 0.24593495935
8553 0.247967479675
8610 0.25
8618 0.252032520325
8672 0.25406504065
8698 0.256097560976
8720 0.258130081301
8748 0.260162601626
8751 0.262195121951
8822 0.264227642276
8844 0.266260162602
8851 0.268292682927
8855 0.270325203252
8885 0.272357723577
8958 0.274390243902
8981 0.276422764228
9024 0.278455284553
9037 0.280487804878
9142 0.282520325203
9147 0.284552845528
9162 0.286585365854
9176 0.288617886179
9183 0.290650406504
9254 0.292682926829
9298 0.294715447154
9344 0.29674796748
9349 0.298780487805
9413 0.30081300813
9444 0.302845528455
9458 0.30487804878
9472 0.306910569106
9473 0.308943089431
9497 0.310975609756
9500 0.313008130081
9502 0.315040650407
9537 0.317073170732
9547 0.319105691057
9600 0.321138211382
9622 0.323170731707
9748 0.325203252033
9750 0.327235772358
9774 0.329268292683
9779 0.331300813008
9803 0.333333333333
9861 0.335365853659
9880 0.337398373984
9891 0.339430894309
9909 0.341463414634
9911 0.343495934959
9928 0.345528455285
9934 0.34756097561
9956 0.349593495935
9972 0.35162601626
10002 0.353658536585
10015 0.355691056911
10057 0.357723577236
10084 0.359756097561
10111 0.361788617886
10123 0.363821138211
10146 0.365853658537
10152 0.367886178862
10192 0.369918699187
10198 0.371951219512
10211 0.373983739837
10215 0.376016260163
10236 0.378048780488
10263 0.380081300813
10311 0.382113821138
10324 0.384146341463
10368 0.386178861789
10432 0.388211382114
10438 0.390243902439
10453 0.392276422764
10458 0.394308943089
10468 0.396341463415
10469 0.39837398374
10512 0.400406504065
10596 0.40243902439
10635 0.404471544715
10649 0.406504065041
10673 0.408536585366
10689 0.410569105691
10723 0.412601626016
10730 0.414634146341
10820 0.416666666667
10823 0.418699186992
10835 0.420731707317
10841 0.422764227642
10848 0.424796747967
10948 0.426829268293
10976 0.428861788618
10980 0.430894308943
10983 0.432926829268
11007 0.434959349593
11094 0.436991869919
11175 0.439024390244
11187 0.441056910569
11205 0.443089430894
11222 0.44512195122
11232 0.447154471545
11244 0.44918699187
11290 0.451219512195
11307 0.45325203252
11320 0.455284552846
11327 0.457317073171
11328 0.459349593496
11339 0.461382113821
11347 0.463414634146
11374 0.465447154472
11411 0.467479674797
11556 0.469512195122
11596 0.471544715447
11626 0.473577235772
11648 0.475609756098
11668 0.477642276423
11671 0.479674796748
11700 0.481707317073
11706 0.483739837398
11837 0.485772357724
11842 0.487804878049
11866 0.489837398374
11983 0.491869918699
11996 0.493902439024
12079 0.49593495935
12087 0.497967479675
12090 0.5
12108 0.502032520325
12219 0.50406504065
12329 0.506097560976
12382 0.508130081301
12384 0.510162601626
12391 0.512195121951
12396 0.514227642276
12408 0.516260162602
12456 0.518292682927
12466 0.520325203252
12501 0.522357723577
12515 0.524390243902
12557 0.526422764228
12616 0.528455284553
12638 0.530487804878
12665 0.532520325203
12686 0.534552845528
12688 0.536585365854
12695 0.538617886179
12700 0.540650406504
12707 0.542682926829
12724 0.544715447154
12773 0.54674796748
12781 0.548780487805
12815 0.55081300813
12832 0.552845528455
12865 0.55487804878
12880 0.556910569106
12892 0.558943089431
12919 0.560975609756
12929 0.563008130081
12932 0.565040650407
12947 0.567073170732
13032 0.569105691057
13045 0.571138211382
13073 0.573170731707
13075 0.575203252033
13082 0.577235772358
13129 0.579268292683
13153 0.581300813008
13189 0.583333333333
13229 0.585365853659
13253 0.587398373984
13325 0.589430894309
13410 0.591463414634
13414 0.593495934959
13449 0.595528455285
13558 0.59756097561
13561 0.599593495935
13647 0.60162601626
13686 0.603658536585
13700 0.605691056911
13724 0.607723577236
13757 0.609756097561
13807 0.611788617886
13836 0.613821138211
13898 0.615853658537
13918 0.617886178862
13974 0.619918699187
13985 0.621951219512
14005 0.623983739837
14242 0.626016260163
14317 0.628048780488
14341 0.630081300813
14392 0.632113821138
14445 0.634146341463
14508 0.636178861789
14558 0.638211382114
14597 0.640243902439
14604 0.642276422764
14624 0.644308943089
14721 0.646341463415
14784 0.64837398374
14880 0.650406504065
14957 0.65243902439
14962 0.654471544715
15020 0.656504065041
15034 0.658536585366
15068 0.660569105691
15099 0.662601626016
15132 0.664634146341
15139 0.666666666667
15140 0.668699186992
15172 0.670731707317
15444 0.672764227642
15512 0.674796747967
15543 0.676829268293
15545 0.678861788618
15585 0.680894308943
15591 0.682926829268
15636 0.684959349593
15682 0.686991869919
15812 0.689024390244
15845 0.691056910569
15867 0.693089430894
15884 0.69512195122
15930 0.697154471545
15965 0.69918699187
16101 0.701219512195
16140 0.70325203252
16191 0.705284552846
16216 0.707317073171
16283 0.709349593496
16313 0.711382113821
16318 0.713414634146
16412 0.715447154472
16475 0.717479674797
16571 0.719512195122
16683 0.721544715447
16700 0.723577235772
16733 0.725609756098
16757 0.727642276423
16854 0.729674796748
16869 0.731707317073
16887 0.733739837398
16987 0.735772357724
16990 0.737804878049
16998 0.739837398374
17006 0.741869918699
17072 0.743902439024
17121 0.74593495935
17246 0.747967479675
17449 0.75
17465 0.752032520325
17494 0.75406504065
17585 0.756097560976
17881 0.758130081301
18131 0.760162601626
18197 0.762195121951
18242 0.764227642276
18276 0.766260162602
18383 0.768292682927
18539 0.770325203252
18573 0.772357723577
18611 0.774390243902
18622 0.776422764228
18787 0.778455284553
18822 0.780487804878
18943 0.782520325203
19007 0.784552845528
19040 0.786585365854
19164 0.788617886179
19316 0.790650406504
19327 0.792682926829
19537 0.794715447154
19638 0.79674796748
19697 0.798780487805
19781 0.80081300813
19859 0.802845528455
19869 0.80487804878
19871 0.806910569106
20008 0.808943089431
20121 0.810975609756
20136 0.813008130081
20200 0.815040650407
20364 0.817073170732
20432 0.819105691057
20594 0.821138211382
20638 0.823170731707
20668 0.825203252033
20754 0.827235772358
20885 0.829268292683
20969 0.831300813008
21127 0.833333333333
21283 0.835365853659
21292 0.837398373984
21325 0.839430894309
21450 0.841463414634
21488 0.843495934959
21686 0.845528455285
21692 0.84756097561
21855 0.849593495935
22109 0.85162601626
22125 0.853658536585
22301 0.855691056911
22706 0.857723577236
22937 0.859756097561
23053 0.861788617886
23153 0.863821138211
23193 0.865853658537
23214 0.867886178862
23236 0.869918699187
23249 0.871951219512
23336 0.873983739837
24077 0.876016260163
24194 0.878048780488
24335 0.880081300813
24574 0.882113821138
24676 0.884146341463
24761 0.886178861789
24937 0.888211382114
25033 0.890243902439
25698 0.892276422764
25733 0.894308943089
26073 0.896341463415
26608 0.89837398374
26625 0.900406504065
26665 0.90243902439
26667 0.904471544715
27135 0.906504065041
27854 0.908536585366
28000 0.910569105691
28245 0.912601626016
28263 0.914634146341
28492 0.916666666667
29180 0.918699186992
29726 0.920731707317
30103 0.922764227642
30187 0.924796747967
30217 0.926829268293
30481 0.928861788618
30613 0.930894308943
30922 0.932926829268
31437 0.934959349593
31834 0.936991869919
32206 0.939024390244
32323 0.941056910569
32358 0.943089430894
32810 0.94512195122
34693 0.947154471545
36130 0.94918699187
36136 0.951219512195
38523 0.95325203252
38543 0.955284552846
38958 0.957317073171
39618 0.959349593496
45579 0.961382113821
46385 0.963414634146
46835 0.965447154472
48772 0.967479674797
50435 0.969512195122
51435 0.971544715447
51868 0.973577235772
53240 0.975609756098
53623 0.977642276423
55233 0.979674796748
58015 0.981707317073
58116 0.983739837398
62985 0.985772357724
66431 0.987804878049
74464 0.989837398374
79894 0.991869918699
80341 0.993902439024
81774 0.99593495935
96713 0.997967479675
3101658 1.0
