27 0.00202839756592
497 0.00405679513185
749 0.00608519269777
880 0.0101419878296
880 0.0101419878296
962 0.0121703853955
979 0.0141987829615
1130 0.0162271805274
1320 0.0182555780933
1383 0.0202839756592
1385 0.0223123732252
1394 0.0243407707911
1398 0.026369168357
1402 0.0283975659229
1438 0.0304259634888
1443 0.0324543610548
1457 0.0344827586207
1469 0.0365111561866
1473 0.0385395537525
1478 0.0405679513185
1524 0.0425963488844
1546 0.0446247464503
1581 0.0466531440162
1590 0.0486815415822
1622 0.0507099391481
1657 0.052738336714
1664 0.0547667342799
1787 0.0567951318458
1793 0.0588235294118
1851 0.0608519269777
1947 0.0628803245436
1949 0.0649087221095
1975 0.0669371196755
2075 0.0689655172414
2084 0.0709939148073
2095 0.0730223123732
2113 0.0750507099391
2114 0.0770791075051
2128 0.079107505071
2141 0.0811359026369
2184 0.0831643002028
2279 0.0851926977688
2300 0.0872210953347
2310 0.0892494929006
2312 0.0912778904665
2314 0.0933062880325
2325 0.0953346855984
2326 0.0973630831643
2339 0.0993914807302
2353 0.101419878296
2399 0.103448275862
2432 0.105476673428
2436 0.107505070994
2440 0.10953346856
2445 0.111561866126
2459 0.113590263692
2466 0.115618661258
2472 0.117647058824
2474 0.121703853955
2474 0.121703853955
2477 0.123732251521
2482 0.125760649087
2483 0.127789046653
2495 0.129817444219
2511 0.131845841785
2521 0.133874239351
2528 0.135902636917
2542 0.137931034483
2563 0.139959432049
2576 0.141987829615
2581 0.144016227181
2585 0.146044624746
2592 0.148073022312
2595 0.150101419878
2605 0.152129817444
2632 0.15415821501
2633 0.156186612576
2643 0.158215010142
2645 0.160243407708
2652 0.162271805274
2662 0.16430020284
2665 0.166328600406
2679 0.168356997972
2691 0.170385395538
2696 0.172413793103
2697 0.174442190669
2724 0.176470588235
2748 0.178498985801
2755 0.180527383367
2757 0.182555780933
2772 0.184584178499
2778 0.186612576065
2779 0.188640973631
2781 0.190669371197
2784 0.192697768763
2787 0.194726166329
2788 0.196754563895
2790 0.19878296146
2800 0.202839756592
2800 0.202839756592
2818 0.204868154158
2825 0.206896551724
2831 0.20892494929
2849 0.210953346856
2852 0.212981744422
2863 0.215010141988
2879 0.217038539554
2882 0.21906693712
2893 0.221095334686
2908 0.223123732252
2916 0.225152129817
2924 0.227180527383
2925 0.229208924949
2938 0.231237322515
2939 0.233265720081
2945 0.235294117647
2960 0.237322515213
2978 0.239350912779
2999 0.241379310345
3004 0.243407707911
3010 0.245436105477
3013 0.247464503043
3051 0.249492900609
3069 0.251521298174
3084 0.255578093306
3084 0.255578093306
3099 0.257606490872
3128 0.259634888438
3131 0.261663286004
3140 0.26369168357
3148 0.265720081136
3156 0.267748478702
3159 0.269776876268
3182 0.271805273834
3183 0.2738336714
3202 0.275862068966
3203 0.277890466531
3247 0.279918864097
3250 0.281947261663
3258 0.283975659229
3274 0.286004056795
3281 0.288032454361
3291 0.290060851927
3310 0.292089249493
3314 0.294117647059
3326 0.296146044625
3327 0.298174442191
3329 0.300202839757
3331 0.304259634888
3331 0.304259634888
3347 0.306288032454
3397 0.30831643002
3411 0.310344827586
3416 0.312373225152
3436 0.314401622718
3437 0.316430020284
3454 0.31845841785
3462 0.320486815416
3478 0.322515212982
3479 0.324543610548
3482 0.32860040568
3482 0.32860040568
3486 0.330628803245
3495 0.334685598377
3495 0.334685598377
3499 0.336713995943
3502 0.338742393509
3519 0.342799188641
3519 0.342799188641
3547 0.344827586207
3549 0.346855983773
3565 0.348884381339
3572 0.352941176471
3572 0.352941176471
3576 0.354969574037
3577 0.356997971602
3584 0.359026369168
3591 0.361054766734
3594 0.3630831643
3595 0.365111561866
3604 0.367139959432
3605 0.369168356998
3609 0.371196754564
3610 0.375253549696
3610 0.375253549696
3617 0.377281947262
3636 0.379310344828
3637 0.381338742394
3654 0.383367139959
3676 0.385395537525
3683 0.387423935091
3692 0.389452332657
3701 0.391480730223
3718 0.393509127789
3738 0.395537525355
3741 0.397565922921
3745 0.399594320487
3751 0.401622718053
3759 0.403651115619
3782 0.405679513185
3813 0.407707910751
3815 0.409736308316
3855 0.411764705882
3857 0.413793103448
3863 0.415821501014
3873 0.41784989858
3877 0.419878296146
3894 0.421906693712
3940 0.423935091278
3963 0.425963488844
3978 0.430020283976
3978 0.430020283976
4000 0.432048681542
4021 0.434077079108
4023 0.436105476673
4033 0.438133874239
4069 0.440162271805
4075 0.442190669371
4088 0.444219066937
4092 0.446247464503
4105 0.448275862069
4108 0.450304259635
4109 0.452332657201
4117 0.454361054767
4126 0.456389452333
4128 0.458417849899
4147 0.46247464503
4147 0.46247464503
4165 0.464503042596
4173 0.466531440162
4178 0.468559837728
4191 0.470588235294
4200 0.47261663286
4212 0.474645030426
4223 0.478701825558
4223 0.478701825558
4225 0.480730223124
4229 0.48275862069
4238 0.486815415822
4238 0.486815415822
4246 0.488843813387
4268 0.490872210953
4276 0.492900608519
4285 0.494929006085
4294 0.496957403651
4313 0.498985801217
4319 0.501014198783
4321 0.503042596349
4322 0.505070993915
4323 0.507099391481
4342 0.509127789047
4348 0.511156186613
4350 0.513184584178
4376 0.515212981744
4379 0.51724137931
4385 0.519269776876
4423 0.521298174442
4432 0.523326572008
4441 0.525354969574
4451 0.529411764706
4451 0.529411764706
4464 0.531440162272
4484 0.533468559838
4490 0.535496957404
4498 0.53752535497
4504 0.539553752535
4505 0.541582150101
4513 0.543610547667
4530 0.545638945233
4534 0.547667342799
4544 0.549695740365
4577 0.551724137931
4590 0.553752535497
4610 0.555780933063
4633 0.557809330629
4651 0.559837728195
4654 0.561866125761
4677 0.563894523327
4714 0.565922920892
4736 0.567951318458
4747 0.57200811359
4747 0.57200811359
4765 0.574036511156
4767 0.576064908722
4783 0.578093306288
4788 0.580121703854
4799 0.584178498986
4799 0.584178498986
4811 0.586206896552
4816 0.588235294118
4818 0.590263691684
4820 0.592292089249
4822 0.594320486815
4830 0.596348884381
4841 0.598377281947
4876 0.600405679513
4887 0.602434077079
4896 0.604462474645
4897 0.606490872211
4918 0.610547667343
4918 0.610547667343
4948 0.612576064909
4967 0.614604462475
4977 0.616632860041
4990 0.618661257606
5006 0.620689655172
5014 0.622718052738
5029 0.624746450304
5034 0.62677484787
5052 0.628803245436
5082 0.630831643002
5097 0.632860040568
5125 0.634888438134
5131 0.6369168357
5178 0.638945233266
5181 0.640973630832
5223 0.643002028398
5250 0.645030425963
5283 0.647058823529
5288 0.649087221095
5302 0.651115618661
5304 0.653144016227
5308 0.655172413793
5344 0.657200811359
5345 0.659229208925
5366 0.663286004057
5366 0.663286004057
5372 0.665314401623
5376 0.667342799189
5384 0.669371196755
5404 0.67139959432
5405 0.673427991886
5415 0.675456389452
5417 0.677484787018
5419 0.679513184584
5431 0.68154158215
5438 0.683569979716
5452 0.685598377282
5471 0.687626774848
5497 0.689655172414
5498 0.69168356998
5502 0.693711967546
5513 0.695740365112
5547 0.697768762677
5552 0.699797160243
5566 0.701825557809
5571 0.703853955375
5581 0.705882352941
5588 0.707910750507
5607 0.709939148073
5627 0.711967545639
5636 0.713995943205
5639 0.716024340771
5670 0.718052738337
5695 0.720081135903
5707 0.722109533469
5714 0.724137931034
5740 0.7261663286
5785 0.728194726166
5797 0.730223123732
5801 0.732251521298
5823 0.734279918864
5827 0.73630831643
5858 0.738336713996
5867 0.740365111562
5934 0.742393509128
5966 0.744421906694
5974 0.74645030426
6002 0.748478701826
6010 0.750507099391
6034 0.752535496957
6046 0.754563894523
6047 0.756592292089
6065 0.758620689655
6075 0.760649087221
6086 0.762677484787
6100 0.764705882353
6166 0.766734279919
6169 0.768762677485
6249 0.770791075051
6286 0.772819472617
6311 0.774847870183
6329 0.776876267748
6335 0.778904665314
6372 0.78093306288
6398 0.782961460446
6408 0.784989858012
6426 0.789046653144
6426 0.789046653144
6428 0.79107505071
6430 0.793103448276
6438 0.795131845842
6454 0.797160243408
6466 0.799188640974
6477 0.80121703854
6493 0.803245436105
6633 0.805273833671
6675 0.807302231237
6710 0.809330628803
6782 0.811359026369
6788 0.813387423935
6794 0.815415821501
6843 0.817444219067
6849 0.819472616633
6863 0.821501014199
6887 0.823529411765
6915 0.825557809331
6943 0.829614604462
6943 0.829614604462
7059 0.831643002028
7065 0.833671399594
7165 0.83569979716
7167 0.837728194726
7180 0.839756592292
7227 0.841784989858
7235 0.843813387424
7236 0.84584178499
7248 0.847870182556
7253 0.849898580122
7313 0.851926977688
7378 0.853955375254
7384 0.855983772819
7395 0.858012170385
7443 0.860040567951
7445 0.862068965517
7473 0.864097363083
7505 0.866125760649
7522 0.868154158215
7535 0.870182555781
7576 0.872210953347
7695 0.874239350913
7702 0.876267748479
7713 0.878296146045
7723 0.880324543611
7748 0.882352941176
7755 0.884381338742
7756 0.886409736308
7764 0.888438133874
7765 0.89046653144
7810 0.894523326572
7810 0.894523326572
7843 0.896551724138
7853 0.898580121704
7937 0.90060851927
8002 0.902636916836
8024 0.904665314402
8036 0.906693711968
8048 0.908722109533
8142 0.910750507099
8156 0.912778904665
8197 0.914807302231
8253 0.916835699797
8298 0.918864097363
8522 0.920892494929
8576 0.922920892495
8611 0.924949290061
8671 0.926977687627
8708 0.929006085193
8809 0.931034482759
9056 0.933062880325
9163 0.93509127789
9270 0.937119675456
9429 0.939148073022
9454 0.941176470588
9471 0.943204868154
9485 0.94523326572
9638 0.947261663286
9642 0.949290060852
9697 0.951318458418
9789 0.953346855984
9921 0.95537525355
10006 0.957403651116
10033 0.959432048682
10152 0.961460446247
10210 0.963488843813
10348 0.965517241379
10529 0.967545638945
10565 0.969574036511
10772 0.971602434077
10790 0.973630831643
10949 0.975659229209
11064 0.977687626775
11326 0.979716024341
11405 0.981744421907
11630 0.983772819473
11819 0.985801217039
13893 0.987829614604
14630 0.98985801217
19170 0.991886409736
25512 0.993914807302
35923 0.995943204868
43429 0.997971602434
227068 1.0
