28 0.00202429149798
206 0.00404858299595
337 0.00607287449393
347 0.0080971659919
365 0.0101214574899
380 0.0121457489879
461 0.0141700404858
485 0.0161943319838
574 0.0182186234818
612 0.0202429149798
663 0.0222672064777
682 0.0242914979757
689 0.0263157894737
709 0.0283400809717
736 0.0303643724696
771 0.0323886639676
806 0.0344129554656
836 0.0364372469636
845 0.0384615384615
849 0.0404858299595
883 0.0425101214575
909 0.0445344129555
947 0.0465587044534
991 0.0485829959514
996 0.0506072874494
1108 0.0526315789474
1152 0.0546558704453
1216 0.0566801619433
1238 0.0587044534413
1351 0.0607287449393
1375 0.0627530364372
1398 0.0647773279352
1400 0.0668016194332
1434 0.0688259109312
1490 0.0708502024291
1501 0.0728744939271
1552 0.0748987854251
1553 0.0769230769231
1562 0.0789473684211
1591 0.080971659919
1597 0.082995951417
1613 0.085020242915
1708 0.087044534413
1724 0.0890688259109
1774 0.0910931174089
1781 0.0931174089069
1787 0.0951417004049
1793 0.0971659919028
1848 0.0991902834008
1892 0.101214574899
1936 0.103238866397
1968 0.105263157895
1984 0.107287449393
2014 0.109311740891
2067 0.111336032389
2071 0.113360323887
2072 0.115384615385
2074 0.117408906883
2087 0.119433198381
2101 0.121457489879
2124 0.123481781377
2164 0.125506072874
2171 0.12955465587
2171 0.12955465587
2184 0.131578947368
2195 0.133603238866
2200 0.135627530364
2214 0.137651821862
2217 0.13967611336
2252 0.141700404858
2272 0.143724696356
2276 0.145748987854
2286 0.147773279352
2307 0.14979757085
2352 0.151821862348
2362 0.153846153846
2369 0.155870445344
2378 0.157894736842
2386 0.15991902834
2387 0.161943319838
2397 0.163967611336
2449 0.165991902834
2461 0.168016194332
2491 0.17004048583
2516 0.172064777328
2525 0.174089068826
2528 0.176113360324
2549 0.178137651822
2551 0.18016194332
2554 0.182186234818
2581 0.184210526316
2593 0.186234817814
2616 0.188259109312
2652 0.19028340081
2653 0.192307692308
2700 0.194331983806
2726 0.196356275304
2800 0.2004048583
2800 0.2004048583
2817 0.202429149798
2829 0.204453441296
2833 0.206477732794
2859 0.208502024291
2868 0.210526315789
2881 0.212550607287
2887 0.214574898785
2889 0.216599190283
2941 0.218623481781
2956 0.220647773279
2959 0.222672064777
2963 0.224696356275
2982 0.226720647773
2989 0.228744939271
2990 0.230769230769
3016 0.232793522267
3026 0.234817813765
3066 0.236842105263
3074 0.238866396761
3089 0.240890688259
3094 0.242914979757
3115 0.244939271255
3160 0.246963562753
3165 0.248987854251
3182 0.251012145749
3228 0.253036437247
3243 0.257085020243
3243 0.257085020243
3305 0.259109311741
3306 0.261133603239
3320 0.263157894737
3349 0.265182186235
3370 0.267206477733
3379 0.269230769231
3406 0.271255060729
3415 0.273279352227
3455 0.275303643725
3468 0.277327935223
3470 0.279352226721
3482 0.283400809717
3482 0.283400809717
3484 0.285425101215
3544 0.287449392713
3552 0.289473684211
3568 0.291497975709
3630 0.293522267206
3665 0.295546558704
3673 0.297570850202
3675 0.2995951417
3684 0.301619433198
3756 0.303643724696
3778 0.305668016194
3790 0.307692307692
3794 0.30971659919
3799 0.311740890688
3801 0.313765182186
3804 0.315789473684
3825 0.317813765182
3840 0.31983805668
3852 0.321862348178
3873 0.323886639676
3876 0.325910931174
3877 0.327935222672
3937 0.32995951417
3949 0.331983805668
3967 0.334008097166
4001 0.336032388664
4007 0.338056680162
4030 0.342105263158
4030 0.342105263158
4063 0.344129554656
4080 0.346153846154
4138 0.348178137652
4171 0.35020242915
4174 0.352226720648
4196 0.354251012146
4219 0.356275303644
4245 0.358299595142
4251 0.36032388664
4257 0.362348178138
4278 0.364372469636
4294 0.366396761134
4305 0.368421052632
4316 0.37044534413
4319 0.372469635628
4328 0.374493927126
4330 0.376518218623
4336 0.378542510121
4343 0.380566801619
4357 0.382591093117
4379 0.384615384615
4487 0.386639676113
4494 0.388663967611
4577 0.390688259109
4618 0.392712550607
4632 0.396761133603
4632 0.396761133603
4650 0.398785425101
4661 0.400809716599
4680 0.402834008097
4686 0.404858299595
4696 0.406882591093
4730 0.408906882591
4775 0.410931174089
4782 0.412955465587
4805 0.414979757085
4813 0.417004048583
4853 0.419028340081
4864 0.421052631579
4868 0.423076923077
4920 0.425101214575
4928 0.427125506073
4955 0.429149797571
4956 0.431174089069
4967 0.433198380567
4997 0.435222672065
4998 0.439271255061
4998 0.439271255061
5010 0.441295546559
5020 0.443319838057
5033 0.445344129555
5045 0.447368421053
5070 0.451417004049
5070 0.451417004049
5079 0.453441295547
5116 0.455465587045
5120 0.457489878543
5130 0.45951417004
5187 0.461538461538
5194 0.463562753036
5236 0.465587044534
5244 0.467611336032
5274 0.46963562753
5283 0.471659919028
5285 0.473684210526
5305 0.475708502024
5322 0.477732793522
5336 0.47975708502
5343 0.481781376518
5371 0.483805668016
5392 0.485829959514
5413 0.487854251012
5437 0.48987854251
5469 0.491902834008
5602 0.493927125506
5610 0.495951417004
5620 0.497975708502
5626 0.5
5637 0.502024291498
5643 0.504048582996
5653 0.506072874494
5676 0.508097165992
5680 0.512145748988
5680 0.512145748988
5686 0.514170040486
5708 0.516194331984
5750 0.518218623482
5752 0.52024291498
5755 0.522267206478
5837 0.524291497976
5846 0.526315789474
5870 0.528340080972
5874 0.53036437247
5884 0.532388663968
5932 0.534412955466
5967 0.536437246964
5972 0.538461538462
6014 0.54048582996
6018 0.542510121457
6041 0.544534412955
6057 0.546558704453
6115 0.548582995951
6133 0.550607287449
6164 0.552631578947
6165 0.554655870445
6183 0.556680161943
6211 0.558704453441
6245 0.560728744939
6255 0.562753036437
6291 0.564777327935
6303 0.566801619433
6305 0.568825910931
6333 0.570850202429
6344 0.572874493927
6362 0.574898785425
6377 0.576923076923
6387 0.578947368421
6396 0.580971659919
6436 0.582995951417
6505 0.585020242915
6513 0.589068825911
6513 0.589068825911
6528 0.591093117409
6536 0.593117408907
6598 0.595141700405
6628 0.597165991903
6654 0.599190283401
6675 0.601214574899
6686 0.603238866397
6763 0.605263157895
6767 0.607287449393
6782 0.609311740891
6797 0.611336032389
6846 0.613360323887
6912 0.615384615385
6939 0.617408906883
6949 0.619433198381
6956 0.621457489879
6984 0.623481781377
7004 0.625506072874
7010 0.627530364372
7055 0.62955465587
7058 0.631578947368
7134 0.633603238866
7148 0.635627530364
7175 0.637651821862
7232 0.63967611336
7269 0.641700404858
7271 0.643724696356
7307 0.645748987854
7308 0.647773279352
7314 0.64979757085
7318 0.651821862348
7353 0.653846153846
7386 0.655870445344
7421 0.657894736842
7440 0.65991902834
7524 0.661943319838
7580 0.663967611336
7589 0.665991902834
7596 0.668016194332
7743 0.67004048583
7769 0.672064777328
7789 0.674089068826
7817 0.676113360324
7819 0.678137651822
7869 0.68016194332
7873 0.682186234818
7879 0.684210526316
8026 0.686234817814
8052 0.688259109312
8195 0.69028340081
8205 0.692307692308
8225 0.694331983806
8229 0.696356275304
8232 0.7004048583
8232 0.7004048583
8263 0.702429149798
8299 0.704453441296
8314 0.706477732794
8491 0.708502024291
8501 0.710526315789
8514 0.712550607287
8515 0.714574898785
8538 0.716599190283
8639 0.718623481781
8642 0.720647773279
8656 0.722672064777
8677 0.724696356275
8713 0.726720647773
8768 0.728744939271
8772 0.730769230769
8789 0.732793522267
8902 0.734817813765
8905 0.736842105263
8913 0.738866396761
8940 0.740890688259
8978 0.742914979757
8991 0.744939271255
9077 0.746963562753
9097 0.748987854251
9118 0.751012145749
9142 0.753036437247
9160 0.755060728745
9170 0.757085020243
9248 0.759109311741
9252 0.761133603239
9305 0.763157894737
9439 0.765182186235
9443 0.767206477733
9479 0.769230769231
9551 0.771255060729
9595 0.773279352227
9605 0.775303643725
9621 0.777327935223
9624 0.779352226721
9637 0.781376518219
9642 0.783400809717
9752 0.785425101215
9808 0.787449392713
9872 0.789473684211
9874 0.791497975709
9880 0.793522267206
9911 0.795546558704
9988 0.797570850202
10012 0.7995951417
10174 0.801619433198
10191 0.803643724696
10278 0.805668016194
10283 0.807692307692
10376 0.80971659919
10383 0.811740890688
10517 0.813765182186
10637 0.815789473684
10701 0.817813765182
10899 0.81983805668
11233 0.821862348178
11273 0.823886639676
11344 0.825910931174
11358 0.827935222672
11398 0.82995951417
11477 0.831983805668
11554 0.834008097166
11628 0.836032388664
11638 0.838056680162
11834 0.84008097166
12107 0.842105263158
12254 0.844129554656
12263 0.846153846154
12519 0.848178137652
12532 0.85020242915
12774 0.852226720648
12966 0.854251012146
13097 0.856275303644
13124 0.858299595142
13134 0.86032388664
13166 0.862348178138
13202 0.864372469636
13458 0.866396761134
13636 0.868421052632
13687 0.87044534413
13792 0.872469635628
13905 0.874493927126
14709 0.876518218623
14757 0.878542510121
15024 0.880566801619
15055 0.882591093117
15162 0.884615384615
15340 0.886639676113
15362 0.888663967611
15643 0.890688259109
15999 0.892712550607
16558 0.894736842105
16762 0.896761133603
16796 0.900809716599
16796 0.900809716599
17361 0.902834008097
17386 0.904858299595
17618 0.906882591093
17663 0.908906882591
17687 0.910931174089
17908 0.912955465587
19072 0.914979757085
19265 0.917004048583
19770 0.919028340081
20222 0.921052631579
20278 0.923076923077
20699 0.925101214575
20935 0.927125506073
21614 0.929149797571
21796 0.931174089069
21823 0.933198380567
22313 0.935222672065
22533 0.937246963563
22536 0.939271255061
23026 0.941295546559
23484 0.943319838057
24743 0.945344129555
24783 0.947368421053
25100 0.949392712551
25677 0.951417004049
25711 0.953441295547
25742 0.955465587045
26412 0.957489878543
27591 0.95951417004
28766 0.961538461538
29931 0.963562753036
32583 0.965587044534
33006 0.967611336032
33845 0.96963562753
34164 0.971659919028
36707 0.973684210526
49874 0.975708502024
50803 0.977732793522
51652 0.97975708502
56571 0.981781376518
57863 0.983805668016
60600 0.985829959514
61361 0.987854251012
64999 0.98987854251
75060 0.991902834008
75723 0.993927125506
82009 0.995951417004
85136 0.997975708502
99827 1.0
