28 0.00202429149798
510 0.00404858299595
748 0.00607287449393
881 0.0080971659919
896 0.0101214574899
979 0.0121457489879
1018 0.0141700404858
1135 0.0161943319838
1319 0.0182186234818
1355 0.0202429149798
1377 0.0222672064777
1380 0.0242914979757
1400 0.0263157894737
1404 0.0283400809717
1410 0.0303643724696
1419 0.0323886639676
1425 0.0344129554656
1445 0.0364372469636
1462 0.0384615384615
1474 0.0404858299595
1484 0.0425101214575
1517 0.0445344129555
1519 0.0465587044534
1552 0.0485829959514
1560 0.0506072874494
1639 0.0526315789474
1650 0.0546558704453
1682 0.0566801619433
1792 0.0587044534413
1819 0.0607287449393
1826 0.0627530364372
1956 0.0647773279352
1966 0.0668016194332
1990 0.0688259109312
2036 0.0708502024291
2078 0.0728744939271
2087 0.0748987854251
2104 0.0769230769231
2105 0.0789473684211
2133 0.080971659919
2166 0.082995951417
2175 0.085020242915
2191 0.087044534413
2223 0.0890688259109
2252 0.0910931174089
2257 0.0931174089069
2267 0.0951417004049
2284 0.0971659919028
2296 0.0991902834008
2304 0.101214574899
2320 0.103238866397
2321 0.105263157895
2329 0.107287449393
2334 0.109311740891
2365 0.111336032389
2377 0.113360323887
2403 0.115384615385
2430 0.117408906883
2432 0.119433198381
2437 0.121457489879
2449 0.123481781377
2452 0.125506072874
2460 0.127530364372
2476 0.12955465587
2480 0.131578947368
2485 0.133603238866
2503 0.135627530364
2505 0.137651821862
2517 0.13967611336
2521 0.141700404858
2526 0.143724696356
2535 0.145748987854
2545 0.147773279352
2562 0.14979757085
2576 0.151821862348
2588 0.153846153846
2612 0.155870445344
2614 0.157894736842
2639 0.15991902834
2658 0.161943319838
2660 0.163967611336
2691 0.165991902834
2693 0.168016194332
2696 0.17004048583
2697 0.172064777328
2699 0.174089068826
2701 0.176113360324
2703 0.178137651822
2704 0.18016194332
2706 0.182186234818
2733 0.184210526316
2742 0.186234817814
2745 0.188259109312
2750 0.19028340081
2758 0.192307692308
2779 0.194331983806
2789 0.196356275304
2822 0.198380566802
2851 0.2004048583
2856 0.202429149798
2859 0.204453441296
2873 0.206477732794
2875 0.208502024291
2889 0.210526315789
2899 0.212550607287
2905 0.214574898785
2924 0.216599190283
2928 0.218623481781
2936 0.220647773279
2942 0.222672064777
2947 0.224696356275
2949 0.226720647773
2955 0.228744939271
2958 0.230769230769
2990 0.232793522267
2995 0.234817813765
3002 0.236842105263
3011 0.238866396761
3025 0.240890688259
3027 0.242914979757
3037 0.244939271255
3047 0.246963562753
3049 0.248987854251
3062 0.251012145749
3067 0.253036437247
3072 0.255060728745
3075 0.257085020243
3082 0.259109311741
3089 0.261133603239
3106 0.263157894737
3121 0.265182186235
3124 0.267206477733
3125 0.269230769231
3128 0.271255060729
3139 0.273279352227
3165 0.275303643725
3187 0.277327935223
3190 0.279352226721
3256 0.281376518219
3271 0.283400809717
3276 0.285425101215
3285 0.287449392713
3288 0.289473684211
3290 0.291497975709
3302 0.293522267206
3319 0.295546558704
3336 0.297570850202
3342 0.2995951417
3353 0.301619433198
3363 0.303643724696
3402 0.305668016194
3403 0.307692307692
3410 0.30971659919
3423 0.313765182186
3423 0.313765182186
3433 0.315789473684
3443 0.317813765182
3448 0.31983805668
3463 0.321862348178
3464 0.323886639676
3481 0.325910931174
3486 0.327935222672
3504 0.331983805668
3504 0.331983805668
3511 0.334008097166
3519 0.336032388664
3533 0.338056680162
3545 0.34008097166
3552 0.342105263158
3565 0.344129554656
3568 0.346153846154
3573 0.348178137652
3575 0.35020242915
3578 0.352226720648
3587 0.356275303644
3587 0.356275303644
3603 0.358299595142
3609 0.36032388664
3628 0.362348178138
3633 0.364372469636
3636 0.366396761134
3644 0.368421052632
3673 0.37044534413
3682 0.372469635628
3693 0.374493927126
3695 0.376518218623
3698 0.378542510121
3706 0.380566801619
3708 0.382591093117
3710 0.384615384615
3720 0.386639676113
3722 0.388663967611
3755 0.390688259109
3770 0.392712550607
3773 0.394736842105
3775 0.396761133603
3781 0.398785425101
3787 0.400809716599
3815 0.402834008097
3817 0.404858299595
3820 0.406882591093
3859 0.408906882591
3864 0.410931174089
3879 0.412955465587
3882 0.414979757085
3912 0.417004048583
3920 0.419028340081
3928 0.421052631579
3945 0.423076923077
3949 0.425101214575
3962 0.429149797571
3962 0.429149797571
3996 0.431174089069
4003 0.433198380567
4010 0.435222672065
4017 0.437246963563
4023 0.439271255061
4048 0.441295546559
4054 0.443319838057
4059 0.445344129555
4068 0.447368421053
4070 0.449392712551
4098 0.451417004049
4103 0.453441295547
4114 0.455465587045
4132 0.457489878543
4134 0.461538461538
4134 0.461538461538
4135 0.463562753036
4155 0.465587044534
4163 0.467611336032
4171 0.46963562753
4185 0.471659919028
4189 0.473684210526
4197 0.477732793522
4197 0.477732793522
4198 0.47975708502
4213 0.481781376518
4218 0.483805668016
4227 0.485829959514
4233 0.487854251012
4237 0.48987854251
4249 0.491902834008
4259 0.493927125506
4272 0.495951417004
4273 0.497975708502
4280 0.5
4319 0.502024291498
4335 0.504048582996
4338 0.508097165992
4338 0.508097165992
4356 0.51012145749
4360 0.512145748988
4361 0.514170040486
4382 0.516194331984
4387 0.518218623482
4410 0.52024291498
4422 0.522267206478
4427 0.524291497976
4429 0.528340080972
4429 0.528340080972
4452 0.53036437247
4471 0.532388663968
4490 0.534412955466
4501 0.536437246964
4503 0.538461538462
4536 0.54048582996
4540 0.542510121457
4565 0.544534412955
4569 0.546558704453
4589 0.548582995951
4590 0.550607287449
4597 0.552631578947
4645 0.554655870445
4646 0.556680161943
4666 0.558704453441
4682 0.560728744939
4714 0.562753036437
4724 0.564777327935
4740 0.566801619433
4741 0.568825910931
4755 0.570850202429
4758 0.572874493927
4777 0.574898785425
4780 0.576923076923
4788 0.580971659919
4788 0.580971659919
4790 0.582995951417
4791 0.587044534413
4791 0.587044534413
4812 0.589068825911
4815 0.591093117409
4818 0.593117408907
4838 0.595141700405
4854 0.597165991903
4955 0.599190283401
4966 0.601214574899
4967 0.603238866397
4971 0.605263157895
4981 0.607287449393
5032 0.609311740891
5040 0.611336032389
5042 0.613360323887
5049 0.615384615385
5063 0.617408906883
5074 0.619433198381
5106 0.621457489879
5109 0.623481781377
5114 0.627530364372
5114 0.627530364372
5125 0.62955465587
5135 0.631578947368
5145 0.633603238866
5168 0.635627530364
5175 0.637651821862
5182 0.63967611336
5197 0.641700404858
5224 0.643724696356
5233 0.645748987854
5234 0.647773279352
5235 0.64979757085
5288 0.651821862348
5290 0.653846153846
5292 0.655870445344
5306 0.657894736842
5317 0.65991902834
5319 0.661943319838
5321 0.663967611336
5345 0.665991902834
5365 0.668016194332
5387 0.67004048583
5431 0.672064777328
5432 0.674089068826
5445 0.676113360324
5471 0.678137651822
5478 0.68016194332
5483 0.682186234818
5484 0.684210526316
5492 0.686234817814
5516 0.688259109312
5530 0.69028340081
5533 0.692307692308
5546 0.694331983806
5551 0.696356275304
5579 0.698380566802
5635 0.7004048583
5646 0.702429149798
5663 0.704453441296
5685 0.706477732794
5688 0.708502024291
5689 0.710526315789
5696 0.712550607287
5709 0.714574898785
5710 0.718623481781
5710 0.718623481781
5740 0.720647773279
5749 0.722672064777
5778 0.724696356275
5790 0.726720647773
5792 0.728744939271
5804 0.730769230769
5807 0.732793522267
5822 0.734817813765
5827 0.736842105263
5830 0.738866396761
5839 0.740890688259
5916 0.742914979757
5927 0.744939271255
5942 0.746963562753
5973 0.748987854251
5987 0.751012145749
6012 0.753036437247
6071 0.755060728745
6078 0.757085020243
6082 0.759109311741
6116 0.761133603239
6131 0.763157894737
6139 0.765182186235
6140 0.767206477733
6143 0.769230769231
6148 0.771255060729
6201 0.773279352227
6251 0.775303643725
6259 0.777327935223
6267 0.779352226721
6271 0.781376518219
6309 0.783400809717
6313 0.785425101215
6331 0.787449392713
6342 0.789473684211
6381 0.791497975709
6387 0.793522267206
6411 0.795546558704
6429 0.797570850202
6430 0.7995951417
6464 0.801619433198
6475 0.803643724696
6503 0.805668016194
6528 0.807692307692
6718 0.80971659919
6742 0.811740890688
6746 0.813765182186
6763 0.815789473684
6823 0.817813765182
6856 0.821862348178
6856 0.821862348178
6868 0.823886639676
6888 0.825910931174
6919 0.827935222672
6964 0.82995951417
7031 0.831983805668
7032 0.834008097166
7052 0.836032388664
7077 0.838056680162
7124 0.84008097166
7151 0.842105263158
7213 0.844129554656
7262 0.846153846154
7279 0.848178137652
7320 0.85020242915
7326 0.852226720648
7414 0.854251012146
7447 0.856275303644
7449 0.858299595142
7519 0.86032388664
7552 0.862348178138
7557 0.864372469636
7563 0.866396761134
7566 0.868421052632
7639 0.872469635628
7639 0.872469635628
7664 0.874493927126
7671 0.876518218623
7693 0.878542510121
7701 0.880566801619
7744 0.882591093117
7752 0.884615384615
7786 0.886639676113
7812 0.888663967611
7826 0.890688259109
7876 0.892712550607
7891 0.894736842105
7894 0.896761133603
7927 0.898785425101
7944 0.900809716599
7996 0.902834008097
8024 0.904858299595
8062 0.906882591093
8162 0.908906882591
8178 0.910931174089
8221 0.912955465587
8237 0.914979757085
8345 0.917004048583
8354 0.919028340081
8430 0.921052631579
8517 0.923076923077
8588 0.925101214575
8594 0.927125506073
8687 0.929149797571
8738 0.931174089069
8873 0.933198380567
8880 0.935222672065
8962 0.937246963563
9069 0.939271255061
9219 0.941295546559
9448 0.943319838057
9454 0.945344129555
9488 0.947368421053
9568 0.949392712551
9578 0.951417004049
9618 0.953441295547
9641 0.955465587045
9661 0.957489878543
9809 0.95951417004
9943 0.961538461538
9974 0.963562753036
10041 0.965587044534
10145 0.967611336032
10240 0.96963562753
10345 0.971659919028
10579 0.973684210526
10767 0.975708502024
10795 0.977732793522
10807 0.97975708502
10908 0.981781376518
11087 0.983805668016
11399 0.985829959514
11509 0.987854251012
11954 0.98987854251
13935 0.991902834008
14149 0.993927125506
14603 0.995951417004
19072 0.997975708502
39854 1.0
