33 0.00202429149798
204 0.00404858299595
278 0.00607287449393
303 0.0080971659919
306 0.0101214574899
307 0.0121457489879
315 0.0141700404858
391 0.0161943319838
464 0.0182186234818
466 0.0202429149798
492 0.0222672064777
502 0.0242914979757
506 0.0263157894737
507 0.0283400809717
508 0.0303643724696
509 0.0323886639676
517 0.0344129554656
547 0.0364372469636
551 0.0384615384615
552 0.0404858299595
571 0.0425101214575
579 0.0445344129555
605 0.0465587044534
628 0.0485829959514
631 0.0506072874494
647 0.0526315789474
675 0.0546558704453
682 0.0566801619433
686 0.0587044534413
687 0.0607287449393
697 0.0627530364372
710 0.0647773279352
720 0.0668016194332
722 0.0688259109312
743 0.0708502024291
780 0.0728744939271
782 0.0748987854251
799 0.0769230769231
802 0.0789473684211
822 0.080971659919
823 0.082995951417
859 0.087044534413
859 0.087044534413
873 0.0890688259109
877 0.0910931174089
881 0.0931174089069
889 0.0951417004049
892 0.0971659919028
911 0.0991902834008
935 0.101214574899
939 0.105263157895
939 0.105263157895
951 0.107287449393
953 0.109311740891
959 0.111336032389
960 0.113360323887
961 0.117408906883
961 0.117408906883
968 0.119433198381
971 0.121457489879
975 0.123481781377
980 0.125506072874
988 0.127530364372
994 0.12955465587
1008 0.131578947368
1009 0.133603238866
1014 0.135627530364
1018 0.137651821862
1022 0.13967611336
1025 0.141700404858
1026 0.143724696356
1031 0.145748987854
1035 0.147773279352
1044 0.14979757085
1052 0.151821862348
1057 0.153846153846
1059 0.155870445344
1067 0.157894736842
1068 0.15991902834
1074 0.161943319838
1079 0.163967611336
1085 0.165991902834
1092 0.168016194332
1098 0.17004048583
1123 0.172064777328
1128 0.174089068826
1140 0.178137651822
1140 0.178137651822
1145 0.18016194332
1155 0.186234817814
1155 0.186234817814
1155 0.186234817814
1160 0.188259109312
1170 0.19028340081
1172 0.192307692308
1175 0.194331983806
1176 0.196356275304
1180 0.198380566802
1182 0.202429149798
1182 0.202429149798
1185 0.204453441296
1186 0.206477732794
1196 0.212550607287
1196 0.212550607287
1196 0.212550607287
1197 0.214574898785
1201 0.216599190283
1203 0.218623481781
1205 0.220647773279
1211 0.222672064777
1216 0.224696356275
1219 0.226720647773
1224 0.228744939271
1229 0.230769230769
1232 0.232793522267
1241 0.234817813765
1256 0.236842105263
1267 0.240890688259
1267 0.240890688259
1272 0.242914979757
1278 0.244939271255
1296 0.246963562753
1322 0.248987854251
1326 0.251012145749
1331 0.253036437247
1333 0.257085020243
1333 0.257085020243
1338 0.259109311741
1355 0.261133603239
1356 0.263157894737
1357 0.265182186235
1363 0.267206477733
1364 0.269230769231
1370 0.273279352227
1370 0.273279352227
1371 0.277327935223
1371 0.277327935223
1372 0.279352226721
1378 0.281376518219
1380 0.285425101215
1380 0.285425101215
1388 0.287449392713
1397 0.289473684211
1399 0.291497975709
1401 0.295546558704
1401 0.295546558704
1406 0.297570850202
1413 0.2995951417
1417 0.301619433198
1424 0.303643724696
1425 0.305668016194
1431 0.307692307692
1435 0.30971659919
1440 0.311740890688
1446 0.315789473684
1446 0.315789473684
1450 0.317813765182
1453 0.31983805668
1461 0.321862348178
1467 0.323886639676
1470 0.325910931174
1472 0.327935222672
1477 0.32995951417
1479 0.334008097166
1479 0.334008097166
1489 0.336032388664
1491 0.338056680162
1493 0.34008097166
1497 0.342105263158
1500 0.344129554656
1510 0.348178137652
1510 0.348178137652
1515 0.35020242915
1541 0.352226720648
1545 0.356275303644
1545 0.356275303644
1551 0.36032388664
1551 0.36032388664
1579 0.362348178138
1588 0.364372469636
1589 0.366396761134
1590 0.368421052632
1598 0.37044534413
1603 0.372469635628
1609 0.374493927126
1614 0.378542510121
1614 0.378542510121
1616 0.380566801619
1629 0.384615384615
1629 0.384615384615
1633 0.386639676113
1635 0.388663967611
1637 0.390688259109
1658 0.392712550607
1672 0.394736842105
1673 0.396761133603
1677 0.398785425101
1678 0.400809716599
1687 0.402834008097
1688 0.404858299595
1690 0.406882591093
1691 0.410931174089
1691 0.410931174089
1696 0.414979757085
1696 0.414979757085
1708 0.417004048583
1709 0.419028340081
1710 0.421052631579
1712 0.423076923077
1713 0.425101214575
1732 0.427125506073
1749 0.429149797571
1752 0.431174089069
1756 0.433198380567
1757 0.435222672065
1758 0.437246963563
1761 0.439271255061
1763 0.441295546559
1776 0.443319838057
1786 0.445344129555
1795 0.447368421053
1800 0.449392712551
1803 0.451417004049
1808 0.453441295547
1809 0.457489878543
1809 0.457489878543
1812 0.45951417004
1815 0.461538461538
1816 0.463562753036
1828 0.465587044534
1835 0.467611336032
1839 0.46963562753
1851 0.471659919028
1868 0.473684210526
1870 0.475708502024
1877 0.477732793522
1886 0.47975708502
1888 0.481781376518
1905 0.483805668016
1909 0.485829959514
1914 0.487854251012
1916 0.48987854251
1918 0.491902834008
1920 0.493927125506
1926 0.495951417004
1930 0.497975708502
1952 0.5
1970 0.502024291498
1977 0.504048582996
1978 0.506072874494
1981 0.508097165992
1982 0.51012145749
1993 0.512145748988
2000 0.516194331984
2000 0.516194331984
2024 0.518218623482
2038 0.52024291498
2050 0.522267206478
2052 0.524291497976
2074 0.526315789474
2079 0.528340080972
2080 0.53036437247
2084 0.532388663968
2105 0.534412955466
2116 0.536437246964
2121 0.538461538462
2128 0.54048582996
2136 0.542510121457
2141 0.546558704453
2141 0.546558704453
2146 0.548582995951
2154 0.550607287449
2157 0.552631578947
2169 0.554655870445
2173 0.556680161943
2177 0.558704453441
2189 0.560728744939
2210 0.562753036437
2236 0.564777327935
2243 0.566801619433
2247 0.568825910931
2249 0.570850202429
2253 0.572874493927
2254 0.576923076923
2254 0.576923076923
2262 0.578947368421
2278 0.580971659919
2287 0.582995951417
2292 0.585020242915
2301 0.587044534413
2342 0.589068825911
2350 0.591093117409
2357 0.593117408907
2360 0.595141700405
2371 0.597165991903
2372 0.599190283401
2389 0.601214574899
2398 0.603238866397
2406 0.605263157895
2410 0.607287449393
2411 0.609311740891
2412 0.611336032389
2413 0.613360323887
2414 0.615384615385
2420 0.617408906883
2427 0.619433198381
2449 0.621457489879
2453 0.623481781377
2457 0.625506072874
2458 0.627530364372
2460 0.62955465587
2481 0.631578947368
2485 0.633603238866
2486 0.635627530364
2493 0.637651821862
2494 0.63967611336
2503 0.643724696356
2503 0.643724696356
2516 0.645748987854
2533 0.64979757085
2533 0.64979757085
2543 0.651821862348
2550 0.653846153846
2588 0.655870445344
2607 0.657894736842
2608 0.65991902834
2617 0.661943319838
2621 0.663967611336
2622 0.665991902834
2628 0.668016194332
2649 0.67004048583
2652 0.672064777328
2656 0.674089068826
2657 0.676113360324
2660 0.678137651822
2667 0.68016194332
2670 0.684210526316
2670 0.684210526316
2680 0.686234817814
2695 0.688259109312
2699 0.69028340081
2741 0.692307692308
2757 0.694331983806
2760 0.696356275304
2767 0.698380566802
2772 0.702429149798
2772 0.702429149798
2774 0.704453441296
2785 0.706477732794
2795 0.708502024291
2799 0.710526315789
2807 0.712550607287
2834 0.714574898785
2836 0.716599190283
2837 0.718623481781
2840 0.720647773279
2855 0.722672064777
2859 0.724696356275
2872 0.726720647773
2888 0.728744939271
2898 0.730769230769
2915 0.732793522267
2922 0.734817813765
2939 0.736842105263
2941 0.738866396761
2953 0.740890688259
2964 0.742914979757
2988 0.744939271255
2997 0.746963562753
3012 0.751012145749
3012 0.751012145749
3021 0.755060728745
3021 0.755060728745
3035 0.757085020243
3038 0.759109311741
3042 0.761133603239
3064 0.763157894737
3067 0.765182186235
3068 0.767206477733
3076 0.769230769231
3116 0.771255060729
3142 0.773279352227
3152 0.775303643725
3176 0.777327935223
3177 0.779352226721
3191 0.781376518219
3197 0.783400809717
3198 0.785425101215
3199 0.787449392713
3224 0.789473684211
3229 0.791497975709
3241 0.793522267206
3243 0.795546558704
3250 0.797570850202
3254 0.7995951417
3256 0.801619433198
3263 0.803643724696
3292 0.805668016194
3318 0.807692307692
3327 0.80971659919
3337 0.811740890688
3366 0.813765182186
3372 0.815789473684
3375 0.817813765182
3380 0.81983805668
3426 0.821862348178
3427 0.823886639676
3434 0.825910931174
3459 0.827935222672
3460 0.82995951417
3467 0.831983805668
3476 0.834008097166
3477 0.836032388664
3490 0.84008097166
3490 0.84008097166
3528 0.842105263158
3563 0.844129554656
3565 0.846153846154
3571 0.848178137652
3575 0.85020242915
3602 0.852226720648
3617 0.854251012146
3620 0.856275303644
3624 0.858299595142
3675 0.86032388664
3695 0.862348178138
3728 0.864372469636
3742 0.866396761134
3753 0.868421052632
3757 0.87044534413
3763 0.872469635628
3780 0.874493927126
3783 0.876518218623
3855 0.878542510121
3876 0.880566801619
3877 0.882591093117
3884 0.884615384615
3902 0.886639676113
3910 0.888663967611
3935 0.890688259109
3966 0.892712550607
4012 0.894736842105
4033 0.896761133603
4040 0.898785425101
4049 0.900809716599
4064 0.902834008097
4066 0.904858299595
4135 0.906882591093
4151 0.908906882591
4169 0.912955465587
4169 0.912955465587
4185 0.914979757085
4204 0.917004048583
4294 0.919028340081
4305 0.921052631579
4330 0.923076923077
4345 0.925101214575
4407 0.927125506073
4416 0.929149797571
4422 0.931174089069
4423 0.933198380567
4428 0.935222672065
4433 0.937246963563
4435 0.939271255061
4480 0.941295546559
4506 0.943319838057
4574 0.945344129555
4608 0.947368421053
4614 0.949392712551
4832 0.951417004049
4858 0.953441295547
4911 0.955465587045
5051 0.957489878543
5084 0.95951417004
5137 0.961538461538
5191 0.963562753036
5384 0.965587044534
5477 0.96963562753
5477 0.96963562753
5517 0.971659919028
5704 0.973684210526
5719 0.975708502024
5721 0.977732793522
5738 0.97975708502
6016 0.981781376518
6365 0.983805668016
6379 0.985829959514
6758 0.987854251012
7018 0.98987854251
7056 0.991902834008
8285 0.993927125506
8342 0.995951417004
9136 0.997975708502
35898 1.0
