30 0.00202429149798
191 0.00404858299595
291 0.00607287449393
302 0.0080971659919
312 0.0101214574899
318 0.0121457489879
338 0.0141700404858
385 0.0161943319838
451 0.0182186234818
464 0.0222672064777
464 0.0222672064777
486 0.0242914979757
505 0.0303643724696
505 0.0303643724696
505 0.0303643724696
509 0.0323886639676
530 0.0344129554656
531 0.0364372469636
542 0.0384615384615
550 0.0404858299595
568 0.0425101214575
588 0.0445344129555
591 0.0465587044534
640 0.0485829959514
650 0.0506072874494
658 0.0526315789474
694 0.0546558704453
696 0.0566801619433
697 0.0587044534413
711 0.0607287449393
712 0.0647773279352
712 0.0647773279352
715 0.0668016194332
734 0.0688259109312
755 0.0708502024291
760 0.0728744939271
797 0.0748987854251
815 0.0769230769231
824 0.0789473684211
850 0.080971659919
856 0.082995951417
858 0.085020242915
867 0.087044534413
877 0.0890688259109
884 0.0910931174089
892 0.0931174089069
894 0.0951417004049
897 0.0971659919028
909 0.0991902834008
911 0.101214574899
924 0.103238866397
930 0.107287449393
930 0.107287449393
933 0.109311740891
947 0.111336032389
951 0.113360323887
953 0.115384615385
957 0.117408906883
966 0.119433198381
969 0.121457489879
974 0.123481781377
977 0.125506072874
978 0.127530364372
981 0.12955465587
999 0.131578947368
1003 0.133603238866
1005 0.135627530364
1009 0.137651821862
1016 0.13967611336
1020 0.143724696356
1020 0.143724696356
1022 0.145748987854
1040 0.14979757085
1040 0.14979757085
1048 0.151821862348
1052 0.153846153846
1056 0.155870445344
1057 0.157894736842
1079 0.15991902834
1093 0.161943319838
1125 0.163967611336
1128 0.165991902834
1129 0.168016194332
1138 0.172064777328
1138 0.172064777328
1145 0.174089068826
1147 0.176113360324
1155 0.18016194332
1155 0.18016194332
1158 0.182186234818
1167 0.184210526316
1171 0.186234817814
1174 0.188259109312
1177 0.19028340081
1180 0.194331983806
1180 0.194331983806
1184 0.198380566802
1184 0.198380566802
1204 0.2004048583
1205 0.202429149798
1209 0.204453441296
1210 0.206477732794
1220 0.208502024291
1221 0.212550607287
1221 0.212550607287
1223 0.214574898785
1237 0.216599190283
1239 0.218623481781
1245 0.220647773279
1248 0.222672064777
1253 0.224696356275
1254 0.226720647773
1261 0.228744939271
1271 0.230769230769
1273 0.232793522267
1274 0.234817813765
1275 0.236842105263
1281 0.238866396761
1286 0.240890688259
1289 0.242914979757
1291 0.244939271255
1298 0.246963562753
1299 0.248987854251
1301 0.251012145749
1304 0.255060728745
1304 0.255060728745
1307 0.257085020243
1326 0.259109311741
1329 0.263157894737
1329 0.263157894737
1333 0.265182186235
1339 0.267206477733
1343 0.269230769231
1355 0.271255060729
1356 0.273279352227
1359 0.275303643725
1365 0.277327935223
1367 0.279352226721
1370 0.281376518219
1373 0.283400809717
1376 0.285425101215
1384 0.287449392713
1385 0.289473684211
1388 0.291497975709
1401 0.293522267206
1402 0.295546558704
1403 0.297570850202
1405 0.2995951417
1409 0.301619433198
1414 0.303643724696
1422 0.305668016194
1424 0.30971659919
1424 0.30971659919
1428 0.311740890688
1430 0.315789473684
1430 0.315789473684
1437 0.317813765182
1444 0.31983805668
1450 0.323886639676
1450 0.323886639676
1462 0.325910931174
1467 0.327935222672
1470 0.32995951417
1474 0.331983805668
1478 0.334008097166
1483 0.336032388664
1485 0.338056680162
1489 0.34008097166
1499 0.342105263158
1505 0.344129554656
1519 0.346153846154
1523 0.348178137652
1528 0.35020242915
1530 0.352226720648
1533 0.354251012146
1538 0.356275303644
1541 0.358299595142
1544 0.362348178138
1544 0.362348178138
1548 0.366396761134
1548 0.366396761134
1559 0.368421052632
1570 0.37044534413
1572 0.374493927126
1572 0.374493927126
1581 0.376518218623
1592 0.378542510121
1599 0.380566801619
1615 0.382591093117
1618 0.384615384615
1624 0.386639676113
1626 0.388663967611
1630 0.390688259109
1635 0.392712550607
1638 0.394736842105
1639 0.396761133603
1673 0.398785425101
1682 0.400809716599
1683 0.402834008097
1685 0.404858299595
1687 0.406882591093
1701 0.408906882591
1702 0.410931174089
1704 0.412955465587
1706 0.414979757085
1710 0.417004048583
1712 0.419028340081
1713 0.421052631579
1714 0.425101214575
1714 0.425101214575
1724 0.427125506073
1726 0.429149797571
1734 0.431174089069
1737 0.433198380567
1777 0.435222672065
1782 0.437246963563
1785 0.439271255061
1792 0.441295546559
1794 0.443319838057
1806 0.445344129555
1815 0.447368421053
1819 0.449392712551
1823 0.451417004049
1827 0.453441295547
1835 0.455465587045
1836 0.457489878543
1844 0.45951417004
1851 0.461538461538
1854 0.463562753036
1864 0.465587044534
1865 0.467611336032
1868 0.471659919028
1868 0.471659919028
1879 0.473684210526
1883 0.475708502024
1892 0.47975708502
1892 0.47975708502
1895 0.481781376518
1901 0.485829959514
1901 0.485829959514
1902 0.487854251012
1905 0.48987854251
1909 0.491902834008
1916 0.493927125506
1918 0.495951417004
1940 0.497975708502
1947 0.5
1955 0.502024291498
1956 0.504048582996
1985 0.506072874494
2012 0.508097165992
2013 0.51012145749
2014 0.512145748988
2045 0.514170040486
2051 0.516194331984
2062 0.518218623482
2065 0.52024291498
2070 0.522267206478
2077 0.524291497976
2079 0.526315789474
2082 0.53036437247
2082 0.53036437247
2090 0.532388663968
2095 0.534412955466
2111 0.536437246964
2113 0.538461538462
2124 0.54048582996
2139 0.542510121457
2156 0.544534412955
2158 0.546558704453
2163 0.548582995951
2179 0.550607287449
2187 0.552631578947
2196 0.554655870445
2203 0.556680161943
2204 0.558704453441
2215 0.560728744939
2232 0.562753036437
2260 0.564777327935
2262 0.566801619433
2265 0.568825910931
2269 0.570850202429
2275 0.572874493927
2286 0.576923076923
2286 0.576923076923
2287 0.578947368421
2288 0.580971659919
2293 0.582995951417
2300 0.585020242915
2319 0.587044534413
2321 0.589068825911
2328 0.591093117409
2331 0.593117408907
2335 0.595141700405
2338 0.597165991903
2340 0.599190283401
2343 0.601214574899
2352 0.603238866397
2357 0.605263157895
2391 0.607287449393
2393 0.609311740891
2406 0.611336032389
2423 0.613360323887
2427 0.617408906883
2427 0.617408906883
2428 0.619433198381
2437 0.621457489879
2441 0.623481781377
2451 0.625506072874
2456 0.627530364372
2467 0.62955465587
2483 0.631578947368
2487 0.633603238866
2488 0.635627530364
2493 0.637651821862
2495 0.63967611336
2504 0.641700404858
2522 0.643724696356
2524 0.645748987854
2541 0.647773279352
2542 0.64979757085
2545 0.651821862348
2547 0.653846153846
2548 0.655870445344
2552 0.657894736842
2553 0.65991902834
2568 0.661943319838
2574 0.663967611336
2625 0.665991902834
2644 0.668016194332
2667 0.672064777328
2667 0.672064777328
2672 0.674089068826
2687 0.676113360324
2698 0.678137651822
2707 0.68016194332
2709 0.682186234818
2713 0.684210526316
2725 0.686234817814
2727 0.688259109312
2729 0.69028340081
2740 0.692307692308
2753 0.694331983806
2814 0.696356275304
2816 0.698380566802
2822 0.7004048583
2826 0.702429149798
2830 0.704453441296
2843 0.706477732794
2851 0.712550607287
2851 0.712550607287
2851 0.712550607287
2858 0.714574898785
2869 0.716599190283
2875 0.718623481781
2879 0.720647773279
2899 0.722672064777
2939 0.724696356275
2946 0.726720647773
2948 0.728744939271
2949 0.730769230769
2951 0.732793522267
2962 0.734817813765
2966 0.736842105263
2972 0.738866396761
2975 0.740890688259
2985 0.742914979757
2998 0.744939271255
3010 0.746963562753
3023 0.748987854251
3029 0.751012145749
3036 0.753036437247
3041 0.755060728745
3063 0.757085020243
3077 0.759109311741
3097 0.761133603239
3133 0.763157894737
3177 0.765182186235
3188 0.767206477733
3190 0.769230769231
3204 0.771255060729
3214 0.773279352227
3224 0.775303643725
3226 0.777327935223
3250 0.779352226721
3276 0.783400809717
3276 0.783400809717
3282 0.785425101215
3324 0.787449392713
3340 0.789473684211
3350 0.791497975709
3354 0.793522267206
3386 0.795546558704
3390 0.797570850202
3392 0.7995951417
3414 0.801619433198
3416 0.803643724696
3422 0.805668016194
3427 0.807692307692
3434 0.80971659919
3461 0.811740890688
3467 0.813765182186
3481 0.815789473684
3496 0.817813765182
3498 0.81983805668
3514 0.821862348178
3520 0.825910931174
3520 0.825910931174
3531 0.827935222672
3541 0.82995951417
3551 0.831983805668
3553 0.834008097166
3573 0.836032388664
3576 0.838056680162
3579 0.84008097166
3618 0.842105263158
3628 0.844129554656
3631 0.846153846154
3632 0.848178137652
3665 0.85020242915
3696 0.852226720648
3699 0.854251012146
3700 0.856275303644
3726 0.858299595142
3728 0.86032388664
3733 0.862348178138
3776 0.864372469636
3799 0.866396761134
3803 0.87044534413
3803 0.87044534413
3854 0.872469635628
3861 0.874493927126
3869 0.876518218623
3890 0.878542510121
3927 0.880566801619
3928 0.882591093117
3930 0.884615384615
3934 0.886639676113
3952 0.888663967611
3973 0.890688259109
3986 0.892712550607
3987 0.894736842105
3990 0.896761133603
3995 0.898785425101
4001 0.900809716599
4011 0.902834008097
4016 0.904858299595
4019 0.906882591093
4021 0.908906882591
4072 0.912955465587
4072 0.912955465587
4101 0.914979757085
4111 0.917004048583
4176 0.919028340081
4275 0.921052631579
4297 0.923076923077
4304 0.925101214575
4330 0.927125506073
4393 0.929149797571
4425 0.931174089069
4467 0.933198380567
4482 0.935222672065
4486 0.937246963563
4501 0.939271255061
4549 0.941295546559
4574 0.943319838057
4614 0.945344129555
4629 0.947368421053
4676 0.949392712551
4742 0.951417004049
4762 0.953441295547
4799 0.955465587045
4960 0.957489878543
5016 0.95951417004
5143 0.961538461538
5176 0.963562753036
5330 0.965587044534
5358 0.967611336032
5371 0.96963562753
5630 0.971659919028
5633 0.973684210526
5684 0.975708502024
5838 0.977732793522
5841 0.97975708502
5843 0.981781376518
6111 0.983805668016
6231 0.985829959514
6646 0.987854251012
7704 0.98987854251
7887 0.991902834008
8040 0.993927125506
8107 0.995951417004
9141 0.997975708502
35232 1.0
