989 0.00621118012422
1329 0.0124223602484
1375 0.0186335403727
1629 0.0248447204969
2010 0.0310559006211
2229 0.0372670807453
2249 0.0434782608696
2269 0.0496894409938
2615 0.055900621118
2965 0.0621118012422
3084 0.0683229813665
3130 0.0745341614907
3233 0.0807453416149
3282 0.0869565217391
3298 0.0931677018634
3469 0.0993788819876
3579 0.105590062112
3746 0.111801242236
3873 0.11801242236
3889 0.124223602484
3901 0.130434782609
3947 0.136645962733
4277 0.142857142857
4298 0.149068322981
4307 0.155279503106
4356 0.16149068323
4397 0.167701863354
4428 0.173913043478
4545 0.180124223602
4615 0.186335403727
4754 0.192546583851
4759 0.198757763975
4820 0.204968944099
4923 0.211180124224
5069 0.217391304348
5091 0.223602484472
5193 0.229813664596
5286 0.23602484472
5478 0.242236024845
5507 0.248447204969
5562 0.254658385093
5685 0.260869565217
5686 0.267080745342
5784 0.273291925466
5837 0.27950310559
5867 0.285714285714
5918 0.291925465839
5972 0.298136645963
6006 0.304347826087
6093 0.310559006211
6118 0.316770186335
6126 0.32298136646
6145 0.329192546584
6193 0.335403726708
6207 0.341614906832
6219 0.347826086957
6343 0.354037267081
6565 0.360248447205
6591 0.366459627329
6664 0.372670807453
6692 0.378881987578
6704 0.385093167702
6746 0.391304347826
6769 0.39751552795
6910 0.403726708075
6946 0.409937888199
6995 0.416149068323
7146 0.422360248447
7385 0.428571428571
7389 0.434782608696
7417 0.44099378882
7423 0.447204968944
7452 0.453416149068
7669 0.459627329193
7672 0.465838509317
7673 0.472049689441
7689 0.478260869565
7706 0.484472049689
7718 0.490683229814
7792 0.496894409938
7882 0.503105590062
8043 0.509316770186
8049 0.515527950311
8169 0.521739130435
8263 0.527950310559
8419 0.534161490683
8534 0.540372670807
8578 0.546583850932
8598 0.552795031056
8624 0.55900621118
8744 0.565217391304
8755 0.571428571429
8769 0.577639751553
8788 0.583850931677
9012 0.590062111801
9043 0.596273291925
9050 0.60248447205
9166 0.608695652174
9308 0.614906832298
9426 0.621118012422
9473 0.627329192547
9510 0.633540372671
9807 0.639751552795
9825 0.645962732919
9897 0.652173913043
10027 0.658385093168
10033 0.664596273292
10131 0.670807453416
10164 0.67701863354
10168 0.683229813665
10283 0.689440993789
10318 0.695652173913
10369 0.701863354037
10386 0.708074534161
10547 0.714285714286
10920 0.72049689441
10922 0.726708074534
10923 0.732919254658
11164 0.739130434783
11277 0.745341614907
11314 0.751552795031
11686 0.757763975155
11765 0.76397515528
11873 0.770186335404
11879 0.776397515528
11907 0.782608695652
12030 0.788819875776
12040 0.795031055901
12050 0.801242236025
12910 0.807453416149
13241 0.813664596273
13398 0.819875776398
13496 0.826086956522
13576 0.832298136646
13759 0.83850931677
14458 0.844720496894
14536 0.850931677019
14696 0.857142857143
14796 0.863354037267
14827 0.869565217391
14982 0.875776397516
15151 0.88198757764
15592 0.888198757764
15907 0.894409937888
16085 0.900621118012
16154 0.906832298137
16191 0.913043478261
16288 0.919254658385
16506 0.925465838509
16964 0.931677018634
18792 0.937888198758
18850 0.944099378882
20233 0.950310559006
20530 0.95652173913
20940 0.962732919255
21241 0.968944099379
24249 0.975155279503
26642 0.981366459627
29986 0.987577639752
30556 0.993788819876
32085 1.0
