28 0.00202839756592
488 0.00405679513185
593 0.00608519269777
768 0.00811359026369
884 0.0101419878296
892 0.0121703853955
965 0.0141987829615
990 0.0162271805274
1140 0.0182555780933
1293 0.0202839756592
1294 0.0223123732252
1326 0.0243407707911
1348 0.026369168357
1375 0.0283975659229
1379 0.0304259634888
1380 0.0324543610548
1385 0.0344827586207
1416 0.0365111561866
1442 0.0385395537525
1450 0.0405679513185
1503 0.0425963488844
1518 0.0446247464503
1542 0.0466531440162
1546 0.0486815415822
1563 0.0507099391481
1577 0.052738336714
1656 0.0547667342799
1672 0.0567951318458
1675 0.0588235294118
1695 0.0608519269777
1740 0.0628803245436
1809 0.0649087221095
1818 0.0669371196755
1853 0.0689655172414
1865 0.0709939148073
1950 0.0730223123732
1978 0.0750507099391
1980 0.0770791075051
2052 0.079107505071
2067 0.0811359026369
2075 0.0831643002028
2084 0.0851926977688
2088 0.0872210953347
2104 0.0892494929006
2126 0.0912778904665
2149 0.0933062880325
2154 0.0953346855984
2159 0.0973630831643
2175 0.0993914807302
2176 0.101419878296
2199 0.103448275862
2228 0.105476673428
2263 0.107505070994
2271 0.10953346856
2286 0.111561866126
2288 0.115618661258
2288 0.115618661258
2290 0.117647058824
2301 0.119675456389
2304 0.121703853955
2305 0.123732251521
2326 0.125760649087
2340 0.127789046653
2348 0.129817444219
2356 0.131845841785
2368 0.133874239351
2369 0.135902636917
2385 0.137931034483
2388 0.141987829615
2388 0.141987829615
2398 0.144016227181
2409 0.146044624746
2412 0.148073022312
2422 0.150101419878
2431 0.152129817444
2436 0.15415821501
2437 0.156186612576
2445 0.158215010142
2461 0.160243407708
2469 0.162271805274
2470 0.16430020284
2488 0.166328600406
2491 0.168356997972
2494 0.170385395538
2505 0.172413793103
2525 0.174442190669
2543 0.176470588235
2546 0.178498985801
2554 0.180527383367
2571 0.184584178499
2571 0.184584178499
2575 0.186612576065
2581 0.188640973631
2588 0.190669371197
2611 0.192697768763
2614 0.194726166329
2616 0.196754563895
2619 0.19878296146
2621 0.200811359026
2622 0.202839756592
2624 0.204868154158
2629 0.206896551724
2644 0.20892494929
2646 0.210953346856
2653 0.212981744422
2655 0.215010141988
2658 0.217038539554
2672 0.21906693712
2677 0.221095334686
2679 0.223123732252
2680 0.225152129817
2702 0.227180527383
2704 0.229208924949
2718 0.231237322515
2722 0.235294117647
2722 0.235294117647
2725 0.237322515213
2770 0.239350912779
2772 0.241379310345
2776 0.243407707911
2780 0.245436105477
2782 0.247464503043
2802 0.249492900609
2809 0.251521298174
2831 0.25354969574
2833 0.255578093306
2853 0.257606490872
2856 0.259634888438
2857 0.261663286004
2859 0.265720081136
2859 0.265720081136
2874 0.267748478702
2875 0.269776876268
2886 0.271805273834
2890 0.2738336714
2899 0.275862068966
2903 0.277890466531
2908 0.279918864097
2915 0.281947261663
2924 0.283975659229
2929 0.286004056795
2933 0.288032454361
2957 0.292089249493
2957 0.292089249493
2968 0.294117647059
2997 0.296146044625
3007 0.298174442191
3020 0.300202839757
3022 0.302231237323
3039 0.304259634888
3050 0.306288032454
3079 0.30831643002
3080 0.310344827586
3084 0.312373225152
3091 0.314401622718
3092 0.316430020284
3110 0.31845841785
3111 0.320486815416
3120 0.322515212982
3122 0.324543610548
3129 0.326572008114
3132 0.32860040568
3135 0.330628803245
3157 0.332657200811
3162 0.334685598377
3224 0.336713995943
3225 0.340770791075
3225 0.340770791075
3233 0.342799188641
3239 0.344827586207
3254 0.346855983773
3260 0.350912778905
3260 0.350912778905
3299 0.352941176471
3305 0.354969574037
3312 0.356997971602
3313 0.359026369168
3321 0.361054766734
3329 0.3630831643
3337 0.365111561866
3341 0.369168356998
3341 0.369168356998
3357 0.371196754564
3367 0.37322515213
3384 0.377281947262
3384 0.377281947262
3386 0.379310344828
3399 0.381338742394
3415 0.383367139959
3431 0.385395537525
3434 0.387423935091
3440 0.389452332657
3441 0.391480730223
3447 0.393509127789
3453 0.395537525355
3486 0.397565922921
3494 0.399594320487
3527 0.401622718053
3529 0.403651115619
3531 0.405679513185
3532 0.407707910751
3542 0.409736308316
3544 0.411764705882
3550 0.413793103448
3553 0.415821501014
3555 0.41784989858
3562 0.419878296146
3573 0.421906693712
3574 0.423935091278
3577 0.425963488844
3578 0.42799188641
3582 0.430020283976
3583 0.432048681542
3586 0.434077079108
3601 0.436105476673
3610 0.438133874239
3619 0.440162271805
3623 0.442190669371
3630 0.444219066937
3633 0.446247464503
3651 0.448275862069
3653 0.450304259635
3657 0.452332657201
3674 0.454361054767
3679 0.456389452333
3682 0.458417849899
3694 0.460446247465
3704 0.46247464503
3708 0.464503042596
3714 0.466531440162
3716 0.468559837728
3727 0.470588235294
3733 0.47261663286
3735 0.474645030426
3746 0.476673427992
3766 0.478701825558
3791 0.480730223124
3817 0.48275862069
3826 0.484787018256
3854 0.486815415822
3858 0.488843813387
3863 0.490872210953
3865 0.492900608519
3875 0.494929006085
3881 0.496957403651
3889 0.498985801217
3904 0.501014198783
3917 0.503042596349
3933 0.505070993915
3937 0.507099391481
3942 0.509127789047
3943 0.511156186613
3968 0.513184584178
4020 0.515212981744
4023 0.519269776876
4023 0.519269776876
4027 0.521298174442
4028 0.523326572008
4031 0.525354969574
4036 0.52738336714
4057 0.529411764706
4058 0.531440162272
4067 0.533468559838
4088 0.535496957404
4089 0.53752535497
4091 0.539553752535
4117 0.541582150101
4137 0.543610547667
4139 0.545638945233
4157 0.547667342799
4171 0.551724137931
4171 0.551724137931
4175 0.553752535497
4179 0.555780933063
4183 0.557809330629
4204 0.559837728195
4206 0.563894523327
4206 0.563894523327
4211 0.565922920892
4214 0.567951318458
4242 0.569979716024
4243 0.57200811359
4259 0.574036511156
4266 0.576064908722
4268 0.578093306288
4280 0.580121703854
4290 0.58215010142
4319 0.584178498986
4326 0.586206896552
4334 0.588235294118
4340 0.590263691684
4352 0.592292089249
4367 0.594320486815
4373 0.596348884381
4382 0.598377281947
4393 0.600405679513
4401 0.602434077079
4402 0.604462474645
4469 0.606490872211
4477 0.608519269777
4478 0.610547667343
4501 0.612576064909
4528 0.614604462475
4549 0.616632860041
4554 0.618661257606
4566 0.620689655172
4578 0.622718052738
4588 0.624746450304
4614 0.62677484787
4630 0.628803245436
4664 0.630831643002
4665 0.632860040568
4691 0.634888438134
4728 0.6369168357
4742 0.638945233266
4764 0.640973630832
4794 0.643002028398
4815 0.645030425963
4817 0.647058823529
4827 0.649087221095
4849 0.651115618661
4857 0.653144016227
4870 0.655172413793
4874 0.657200811359
4888 0.659229208925
4893 0.661257606491
4895 0.663286004057
4932 0.665314401623
4969 0.667342799189
4986 0.669371196755
4999 0.675456389452
4999 0.675456389452
4999 0.675456389452
5017 0.677484787018
5021 0.679513184584
5023 0.68154158215
5043 0.683569979716
5061 0.685598377282
5065 0.687626774848
5094 0.689655172414
5128 0.69168356998
5144 0.693711967546
5182 0.695740365112
5207 0.697768762677
5227 0.699797160243
5236 0.701825557809
5242 0.703853955375
5285 0.705882352941
5313 0.707910750507
5326 0.709939148073
5354 0.711967545639
5363 0.713995943205
5369 0.716024340771
5372 0.718052738337
5385 0.720081135903
5394 0.722109533469
5413 0.724137931034
5414 0.7261663286
5420 0.728194726166
5444 0.730223123732
5452 0.732251521298
5485 0.734279918864
5490 0.73630831643
5493 0.738336713996
5520 0.740365111562
5537 0.742393509128
5557 0.744421906694
5572 0.74645030426
5584 0.748478701826
5596 0.750507099391
5609 0.752535496957
5698 0.754563894523
5699 0.756592292089
5713 0.758620689655
5714 0.760649087221
5745 0.762677484787
5758 0.764705882353
5762 0.766734279919
5765 0.768762677485
5769 0.770791075051
5775 0.772819472617
5828 0.774847870183
5863 0.776876267748
5944 0.778904665314
5965 0.78093306288
5967 0.782961460446
6041 0.784989858012
6064 0.787018255578
6068 0.789046653144
6082 0.79107505071
6106 0.793103448276
6140 0.795131845842
6151 0.797160243408
6161 0.799188640974
6180 0.80121703854
6185 0.803245436105
6195 0.805273833671
6245 0.807302231237
6274 0.809330628803
6289 0.811359026369
6304 0.813387423935
6323 0.815415821501
6346 0.817444219067
6377 0.819472616633
6431 0.821501014199
6452 0.823529411765
6472 0.827586206897
6472 0.827586206897
6505 0.829614604462
6600 0.831643002028
6650 0.833671399594
6769 0.83569979716
6779 0.837728194726
6796 0.839756592292
6887 0.841784989858
6894 0.843813387424
6911 0.84584178499
6961 0.847870182556
6965 0.849898580122
6985 0.851926977688
7044 0.853955375254
7063 0.855983772819
7066 0.858012170385
7077 0.860040567951
7113 0.862068965517
7117 0.864097363083
7118 0.866125760649
7136 0.868154158215
7148 0.870182555781
7149 0.872210953347
7188 0.874239350913
7231 0.876267748479
7232 0.878296146045
7265 0.880324543611
7305 0.882352941176
7320 0.884381338742
7337 0.886409736308
7389 0.888438133874
7402 0.89046653144
7443 0.892494929006
7456 0.894523326572
7465 0.896551724138
7504 0.898580121704
7628 0.90060851927
7649 0.902636916836
7688 0.904665314402
7773 0.906693711968
7811 0.908722109533
7845 0.910750507099
7846 0.912778904665
7891 0.914807302231
7898 0.916835699797
7974 0.918864097363
8130 0.920892494929
8138 0.922920892495
8197 0.924949290061
8199 0.926977687627
8253 0.929006085193
8260 0.931034482759
8281 0.933062880325
8696 0.93509127789
8702 0.937119675456
8754 0.939148073022
8784 0.941176470588
8946 0.943204868154
9116 0.94523326572
9143 0.947261663286
9161 0.949290060852
9203 0.951318458418
9336 0.953346855984
9525 0.95537525355
9592 0.957403651116
9633 0.959432048682
9728 0.961460446247
9747 0.963488843813
9897 0.965517241379
9906 0.967545638945
9923 0.969574036511
9929 0.971602434077
10026 0.973630831643
10057 0.975659229209
10143 0.977687626775
10425 0.979716024341
10551 0.981744421907
10625 0.983772819473
10709 0.985801217039
10889 0.98985801217
10889 0.98985801217
11068 0.991886409736
11108 0.993914807302
11934 0.995943204868
13741 0.997971602434
37237 1.0
