28 0.0020202020202
204 0.0040404040404
232 0.00606060606061
322 0.00808080808081
360 0.0121212121212
360 0.0121212121212
380 0.0141414141414
440 0.0161616161616
454 0.0181818181818
558 0.020202020202
619 0.0222222222222
647 0.0242424242424
659 0.0262626262626
707 0.030303030303
707 0.030303030303
723 0.0323232323232
730 0.0343434343434
783 0.0363636363636
830 0.0383838383838
832 0.040404040404
839 0.0424242424242
854 0.0444444444444
938 0.0464646464646
984 0.0484848484848
1042 0.0505050505051
1098 0.0525252525253
1100 0.0545454545455
1129 0.0565656565657
1131 0.0585858585859
1138 0.0606060606061
1144 0.0626262626263
1233 0.0646464646465
1343 0.0666666666667
1422 0.0686868686869
1452 0.0707070707071
1486 0.0727272727273
1532 0.0747474747475
1538 0.0767676767677
1550 0.0787878787879
1579 0.0808080808081
1582 0.0828282828283
1587 0.0848484848485
1625 0.0868686868687
1649 0.0888888888889
1663 0.0909090909091
1710 0.0929292929293
1734 0.0949494949495
1756 0.0969696969697
1758 0.0989898989899
1760 0.10101010101
1816 0.10303030303
1853 0.105050505051
1886 0.107070707071
1905 0.109090909091
1909 0.111111111111
1953 0.113131313131
1962 0.115151515152
1973 0.117171717172
2001 0.119191919192
2006 0.121212121212
2027 0.123232323232
2043 0.125252525253
2053 0.127272727273
2056 0.129292929293
2060 0.131313131313
2068 0.133333333333
2090 0.135353535354
2144 0.137373737374
2165 0.139393939394
2197 0.141414141414
2210 0.143434343434
2269 0.145454545455
2287 0.147474747475
2294 0.149494949495
2323 0.151515151515
2332 0.153535353535
2351 0.155555555556
2367 0.157575757576
2369 0.159595959596
2378 0.161616161616
2387 0.163636363636
2427 0.165656565657
2428 0.167676767677
2430 0.171717171717
2430 0.171717171717
2438 0.173737373737
2441 0.175757575758
2455 0.177777777778
2461 0.179797979798
2464 0.181818181818
2502 0.183838383838
2507 0.185858585859
2512 0.187878787879
2523 0.189898989899
2524 0.191919191919
2528 0.193939393939
2535 0.19595959596
2549 0.19797979798
2554 0.2
2567 0.20202020202
2618 0.20404040404
2625 0.206060606061
2644 0.208080808081
2651 0.210101010101
2724 0.212121212121
2738 0.214141414141
2766 0.216161616162
2767 0.218181818182
2786 0.220202020202
2818 0.222222222222
2860 0.224242424242
2874 0.226262626263
2879 0.228282828283
2883 0.230303030303
2894 0.232323232323
2911 0.234343434343
2916 0.236363636364
2925 0.238383838384
2930 0.240404040404
2964 0.242424242424
2995 0.244444444444
3017 0.246464646465
3018 0.248484848485
3048 0.250505050505
3069 0.252525252525
3080 0.254545454545
3116 0.256565656566
3135 0.258585858586
3143 0.260606060606
3154 0.262626262626
3155 0.264646464646
3232 0.266666666667
3242 0.268686868687
3244 0.270707070707
3273 0.272727272727
3283 0.274747474747
3317 0.276767676768
3364 0.278787878788
3403 0.280808080808
3405 0.282828282828
3411 0.284848484848
3419 0.286868686869
3439 0.288888888889
3446 0.290909090909
3452 0.292929292929
3459 0.294949494949
3481 0.29696969697
3519 0.29898989899
3531 0.30303030303
3531 0.30303030303
3567 0.305050505051
3611 0.307070707071
3626 0.309090909091
3731 0.311111111111
3734 0.313131313131
3746 0.315151515152
3804 0.317171717172
3810 0.319191919192
3826 0.321212121212
3832 0.323232323232
3833 0.325252525253
3840 0.327272727273
3843 0.329292929293
3845 0.331313131313
3850 0.333333333333
3868 0.335353535354
3875 0.337373737374
3884 0.339393939394
3903 0.341414141414
3921 0.343434343434
3924 0.345454545455
3926 0.349494949495
3926 0.349494949495
3952 0.351515151515
3998 0.353535353535
4008 0.355555555556
4028 0.357575757576
4033 0.359595959596
4087 0.361616161616
4089 0.363636363636
4101 0.365656565657
4144 0.367676767677
4186 0.369696969697
4196 0.371717171717
4204 0.373737373737
4207 0.375757575758
4259 0.377777777778
4289 0.379797979798
4295 0.381818181818
4303 0.383838383838
4316 0.385858585859
4337 0.387878787879
4357 0.389898989899
4363 0.391919191919
4388 0.393939393939
4462 0.39595959596
4497 0.39797979798
4503 0.4
4508 0.40202020202
4509 0.40404040404
4520 0.406060606061
4535 0.410101010101
4535 0.410101010101
4544 0.412121212121
4632 0.414141414141
4650 0.416161616162
4658 0.418181818182
4690 0.420202020202
4692 0.422222222222
4708 0.424242424242
4714 0.426262626263
4752 0.428282828283
4759 0.430303030303
4777 0.432323232323
4781 0.434343434343
4800 0.438383838384
4800 0.438383838384
4815 0.440404040404
4836 0.442424242424
4909 0.444444444444
4924 0.446464646465
4948 0.448484848485
4952 0.450505050505
4969 0.452525252525
4982 0.454545454545
5004 0.456565656566
5010 0.458585858586
5013 0.460606060606
5030 0.462626262626
5050 0.464646464646
5057 0.466666666667
5073 0.468686868687
5110 0.470707070707
5175 0.472727272727
5205 0.474747474747
5210 0.476767676768
5238 0.478787878788
5247 0.480808080808
5283 0.482828282828
5290 0.484848484848
5305 0.486868686869
5343 0.488888888889
5430 0.490909090909
5550 0.492929292929
5570 0.494949494949
5596 0.49696969697
5600 0.49898989899
5602 0.50101010101
5604 0.50303030303
5609 0.505050505051
5614 0.507070707071
5626 0.509090909091
5669 0.511111111111
5705 0.513131313131
5719 0.515151515152
5727 0.517171717172
5731 0.519191919192
5739 0.521212121212
5753 0.523232323232
5755 0.525252525253
5765 0.527272727273
5776 0.529292929293
5850 0.531313131313
5863 0.533333333333
5875 0.535353535354
5891 0.537373737374
5942 0.539393939394
5950 0.541414141414
5964 0.543434343434
5990 0.545454545455
6027 0.547474747475
6043 0.549494949495
6046 0.551515151515
6052 0.553535353535
6072 0.555555555556
6080 0.557575757576
6112 0.559595959596
6132 0.561616161616
6208 0.565656565657
6208 0.565656565657
6212 0.567676767677
6213 0.569696969697
6242 0.571717171717
6253 0.573737373737
6279 0.575757575758
6281 0.577777777778
6294 0.579797979798
6322 0.581818181818
6340 0.585858585859
6340 0.585858585859
6416 0.587878787879
6444 0.589898989899
6458 0.591919191919
6484 0.593939393939
6525 0.59595959596
6539 0.59797979798
6555 0.6
6669 0.60202020202
6677 0.60404040404
6724 0.606060606061
6749 0.608080808081
6763 0.610101010101
6787 0.612121212121
6794 0.614141414141
6811 0.616161616162
6817 0.618181818182
6958 0.620202020202
7017 0.622222222222
7026 0.624242424242
7040 0.626262626263
7069 0.628282828283
7091 0.630303030303
7093 0.632323232323
7179 0.634343434343
7200 0.636363636364
7220 0.638383838384
7224 0.640404040404
7244 0.642424242424
7252 0.644444444444
7256 0.646464646465
7362 0.648484848485
7426 0.650505050505
7452 0.652525252525
7492 0.654545454545
7532 0.656565656566
7550 0.658585858586
7563 0.660606060606
7567 0.662626262626
7570 0.664646464646
7574 0.666666666667
7575 0.668686868687
7578 0.670707070707
7637 0.672727272727
7645 0.674747474747
7705 0.676767676768
7717 0.678787878788
7719 0.680808080808
7759 0.682828282828
7766 0.684848484848
7781 0.686868686869
7795 0.688888888889
7812 0.690909090909
7845 0.692929292929
7850 0.694949494949
7873 0.69696969697
7879 0.69898989899
7893 0.70101010101
7900 0.70303030303
7999 0.705050505051
8002 0.707070707071
8005 0.709090909091
8064 0.711111111111
8073 0.713131313131
8082 0.715151515152
8103 0.717171717172
8164 0.719191919192
8337 0.721212121212
8348 0.723232323232
8350 0.725252525253
8394 0.727272727273
8403 0.729292929293
8440 0.731313131313
8458 0.733333333333
8478 0.735353535354
8484 0.737373737374
8500 0.739393939394
8593 0.741414141414
8664 0.743434343434
8690 0.745454545455
8730 0.747474747475
8751 0.749494949495
8753 0.751515151515
8784 0.753535353535
8843 0.755555555556
8878 0.757575757576
8915 0.759595959596
8936 0.761616161616
9083 0.763636363636
9110 0.765656565657
9131 0.767676767677
9158 0.769696969697
9167 0.771717171717
9184 0.773737373737
9228 0.775757575758
9287 0.777777777778
9336 0.779797979798
9357 0.781818181818
9365 0.783838383838
9373 0.785858585859
9562 0.787878787879
9563 0.789898989899
9620 0.791919191919
9624 0.793939393939
9687 0.79595959596
9702 0.79797979798
9704 0.8
9760 0.80202020202
9770 0.80404040404
9791 0.806060606061
9880 0.808080808081
9935 0.810101010101
9939 0.812121212121
10064 0.814141414141
10176 0.816161616162
10221 0.818181818182
10278 0.820202020202
10280 0.822222222222
10306 0.824242424242
10392 0.826262626263
10445 0.828282828283
10451 0.830303030303
10509 0.832323232323
10578 0.834343434343
10589 0.836363636364
10593 0.838383838384
10680 0.840404040404
10739 0.842424242424
10955 0.844444444444
10963 0.846464646465
11033 0.848484848485
11079 0.850505050505
11175 0.852525252525
11288 0.854545454545
11320 0.856565656566
11445 0.858585858586
11717 0.860606060606
11767 0.862626262626
12085 0.864646464646
12147 0.866666666667
12221 0.868686868687
12409 0.870707070707
12479 0.872727272727
12694 0.874747474747
13071 0.876767676768
13114 0.878787878788
13217 0.880808080808
13218 0.882828282828
13340 0.884848484848
13373 0.886868686869
13387 0.888888888889
13518 0.890909090909
13548 0.892929292929
13613 0.894949494949
13821 0.89696969697
14163 0.89898989899
14204 0.90101010101
14337 0.90303030303
14482 0.905050505051
14833 0.907070707071
14886 0.909090909091
15052 0.911111111111
15241 0.913131313131
15568 0.915151515152
16134 0.917171717172
16568 0.919191919192
16714 0.921212121212
16835 0.923232323232
17116 0.925252525253
17320 0.927272727273
17898 0.929292929293
17956 0.931313131313
19343 0.933333333333
19560 0.935353535354
19914 0.937373737374
20525 0.939393939394
20720 0.941414141414
20934 0.943434343434
21343 0.945454545455
21775 0.947474747475
21813 0.949494949495
22521 0.951515151515
22599 0.953535353535
22658 0.955555555556
22977 0.957575757576
23091 0.959595959596
23340 0.961616161616
24131 0.963636363636
24758 0.965656565657
24959 0.967676767677
25793 0.969696969697
26255 0.971717171717
26724 0.973737373737
27100 0.975757575758
27608 0.977777777778
27953 0.979797979798
31081 0.981818181818
31490 0.983838383838
32596 0.985858585859
34873 0.987878787879
34979 0.989898989899
36883 0.991919191919
46908 0.993939393939
48358 0.99595959596
50693 0.99797979798
53248 1.0
