30 0.0020202020202
464 0.0040404040404
554 0.00606060606061
729 0.00808080808081
852 0.010101010101
854 0.0121212121212
937 0.0141414141414
961 0.0161616161616
1086 0.0181818181818
1278 0.020202020202
1288 0.0222222222222
1297 0.0242424242424
1326 0.0262626262626
1342 0.0282828282828
1346 0.030303030303
1351 0.0323232323232
1362 0.0343434343434
1407 0.0363636363636
1459 0.0383838383838
1472 0.040404040404
1481 0.0424242424242
1493 0.0444444444444
1521 0.0464646464646
1578 0.0484848484848
1589 0.0505050505051
1596 0.0525252525253
1602 0.0545454545455
1623 0.0565656565657
1636 0.0585858585859
1643 0.0606060606061
1651 0.0626262626263
1757 0.0646464646465
1782 0.0666666666667
1807 0.0686868686869
1833 0.0707070707071
1845 0.0727272727273
1890 0.0747474747475
1925 0.0767676767677
1943 0.0787878787879
1977 0.0808080808081
1988 0.0828282828283
2003 0.0848484848485
2020 0.0868686868687
2058 0.0888888888889
2067 0.0909090909091
2102 0.0929292929293
2110 0.0949494949495
2124 0.0969696969697
2147 0.0989898989899
2152 0.10101010101
2165 0.10303030303
2169 0.105050505051
2192 0.107070707071
2196 0.109090909091
2208 0.111111111111
2223 0.113131313131
2232 0.115151515152
2244 0.117171717172
2250 0.119191919192
2256 0.121212121212
2264 0.123232323232
2270 0.125252525253
2289 0.127272727273
2307 0.129292929293
2313 0.133333333333
2313 0.133333333333
2316 0.135353535354
2333 0.137373737374
2346 0.139393939394
2353 0.141414141414
2367 0.143434343434
2377 0.147474747475
2377 0.147474747475
2378 0.149494949495
2381 0.151515151515
2397 0.153535353535
2409 0.155555555556
2411 0.157575757576
2446 0.159595959596
2453 0.161616161616
2468 0.163636363636
2474 0.165656565657
2483 0.167676767677
2488 0.169696969697
2490 0.171717171717
2491 0.173737373737
2504 0.175757575758
2506 0.177777777778
2511 0.179797979798
2520 0.181818181818
2521 0.183838383838
2523 0.185858585859
2541 0.187878787879
2559 0.189898989899
2564 0.191919191919
2568 0.193939393939
2571 0.19595959596
2576 0.19797979798
2579 0.20202020202
2579 0.20202020202
2594 0.20404040404
2609 0.206060606061
2616 0.208080808081
2621 0.212121212121
2621 0.212121212121
2630 0.214141414141
2631 0.216161616162
2638 0.218181818182
2640 0.220202020202
2642 0.222222222222
2644 0.226262626263
2644 0.226262626263
2647 0.230303030303
2647 0.230303030303
2649 0.232323232323
2651 0.234343434343
2656 0.236363636364
2660 0.238383838384
2666 0.240404040404
2674 0.242424242424
2686 0.244444444444
2698 0.246464646465
2707 0.248484848485
2730 0.250505050505
2733 0.252525252525
2735 0.254545454545
2745 0.256565656566
2756 0.258585858586
2761 0.260606060606
2770 0.262626262626
2803 0.264646464646
2816 0.266666666667
2829 0.268686868687
2832 0.270707070707
2834 0.272727272727
2843 0.274747474747
2855 0.276767676768
2872 0.280808080808
2872 0.280808080808
2874 0.282828282828
2877 0.284848484848
2886 0.286868686869
2907 0.288888888889
2914 0.290909090909
2915 0.292929292929
2919 0.294949494949
2931 0.29696969697
2943 0.29898989899
2967 0.30101010101
2970 0.30303030303
2998 0.305050505051
3003 0.307070707071
3014 0.309090909091
3020 0.311111111111
3040 0.313131313131
3050 0.315151515152
3051 0.317171717172
3064 0.319191919192
3079 0.321212121212
3080 0.323232323232
3087 0.325252525253
3100 0.327272727273
3110 0.329292929293
3130 0.331313131313
3134 0.333333333333
3163 0.335353535354
3173 0.337373737374
3182 0.339393939394
3195 0.341414141414
3212 0.343434343434
3216 0.345454545455
3217 0.347474747475
3231 0.349494949495
3253 0.351515151515
3262 0.353535353535
3265 0.355555555556
3266 0.357575757576
3267 0.359595959596
3270 0.361616161616
3274 0.363636363636
3278 0.365656565657
3286 0.367676767677
3296 0.369696969697
3298 0.371717171717
3307 0.373737373737
3313 0.375757575758
3322 0.377777777778
3334 0.379797979798
3347 0.381818181818
3363 0.383838383838
3371 0.385858585859
3377 0.387878787879
3382 0.391919191919
3382 0.391919191919
3384 0.393939393939
3409 0.39797979798
3409 0.39797979798
3418 0.40202020202
3418 0.40202020202
3420 0.40404040404
3446 0.406060606061
3456 0.408080808081
3467 0.410101010101
3480 0.412121212121
3489 0.414141414141
3490 0.416161616162
3491 0.418181818182
3496 0.420202020202
3497 0.422222222222
3512 0.424242424242
3531 0.426262626263
3542 0.428282828283
3543 0.430303030303
3551 0.432323232323
3554 0.434343434343
3559 0.436363636364
3572 0.438383838384
3587 0.440404040404
3588 0.442424242424
3594 0.444444444444
3620 0.446464646465
3623 0.448484848485
3641 0.450505050505
3645 0.452525252525
3650 0.454545454545
3655 0.456565656566
3662 0.458585858586
3663 0.460606060606
3671 0.462626262626
3677 0.464646464646
3699 0.466666666667
3703 0.468686868687
3726 0.470707070707
3733 0.472727272727
3737 0.474747474747
3739 0.476767676768
3750 0.478787878788
3778 0.480808080808
3793 0.482828282828
3802 0.484848484848
3807 0.486868686869
3811 0.488888888889
3819 0.490909090909
3831 0.492929292929
3839 0.494949494949
3858 0.49696969697
3871 0.49898989899
3884 0.50101010101
3894 0.50303030303
3897 0.505050505051
3906 0.507070707071
3911 0.509090909091
3964 0.511111111111
3978 0.513131313131
3980 0.515151515152
3988 0.517171717172
3996 0.519191919192
3997 0.521212121212
4017 0.523232323232
4021 0.525252525253
4028 0.527272727273
4035 0.529292929293
4036 0.531313131313
4054 0.533333333333
4055 0.535353535354
4061 0.537373737374
4068 0.539393939394
4083 0.541414141414
4094 0.543434343434
4095 0.545454545455
4104 0.547474747475
4105 0.551515151515
4105 0.551515151515
4110 0.553535353535
4111 0.555555555556
4136 0.557575757576
4141 0.559595959596
4149 0.561616161616
4154 0.565656565657
4154 0.565656565657
4156 0.567676767677
4165 0.571717171717
4165 0.571717171717
4169 0.573737373737
4177 0.575757575758
4202 0.577777777778
4221 0.579797979798
4240 0.581818181818
4246 0.583838383838
4259 0.585858585859
4261 0.587878787879
4263 0.589898989899
4292 0.591919191919
4295 0.593939393939
4297 0.59595959596
4299 0.59797979798
4303 0.6
4330 0.60202020202
4347 0.60404040404
4350 0.606060606061
4355 0.608080808081
4387 0.610101010101
4398 0.612121212121
4401 0.614141414141
4404 0.616161616162
4411 0.618181818182
4446 0.620202020202
4457 0.622222222222
4469 0.624242424242
4491 0.626262626263
4505 0.628282828283
4516 0.630303030303
4525 0.632323232323
4558 0.634343434343
4569 0.636363636364
4573 0.638383838384
4581 0.640404040404
4588 0.642424242424
4711 0.644444444444
4719 0.646464646465
4741 0.648484848485
4775 0.650505050505
4782 0.652525252525
4783 0.654545454545
4793 0.656565656566
4796 0.658585858586
4809 0.660606060606
4823 0.662626262626
4837 0.664646464646
4847 0.666666666667
4863 0.668686868687
4864 0.670707070707
4882 0.672727272727
4890 0.674747474747
4891 0.676767676768
4910 0.678787878788
4917 0.680808080808
4942 0.682828282828
4964 0.684848484848
4965 0.686868686869
4967 0.688888888889
4980 0.690909090909
4992 0.692929292929
5009 0.694949494949
5010 0.69696969697
5012 0.69898989899
5016 0.70101010101
5025 0.70303030303
5033 0.705050505051
5116 0.707070707071
5124 0.709090909091
5128 0.711111111111
5140 0.713131313131
5151 0.715151515152
5171 0.717171717172
5176 0.719191919192
5181 0.721212121212
5225 0.725252525253
5225 0.725252525253
5231 0.727272727273
5254 0.729292929293
5277 0.731313131313
5288 0.733333333333
5298 0.735353535354
5300 0.737373737374
5322 0.739393939394
5330 0.741414141414
5381 0.743434343434
5385 0.745454545455
5394 0.747474747475
5432 0.749494949495
5455 0.751515151515
5472 0.753535353535
5499 0.755555555556
5505 0.757575757576
5530 0.759595959596
5571 0.761616161616
5576 0.763636363636
5584 0.765656565657
5632 0.767676767677
5655 0.769696969697
5661 0.771717171717
5677 0.773737373737
5686 0.775757575758
5735 0.777777777778
5747 0.779797979798
5755 0.781818181818
5766 0.783838383838
5780 0.785858585859
5792 0.787878787879
5840 0.789898989899
5846 0.791919191919
5868 0.793939393939
5884 0.79595959596
5917 0.79797979798
5922 0.8
5954 0.80202020202
5955 0.80404040404
5973 0.806060606061
6005 0.808080808081
6024 0.810101010101
6046 0.812121212121
6051 0.814141414141
6061 0.816161616162
6080 0.818181818182
6092 0.820202020202
6099 0.822222222222
6124 0.824242424242
6133 0.826262626263
6207 0.828282828283
6220 0.830303030303
6264 0.832323232323
6330 0.834343434343
6345 0.836363636364
6355 0.838383838384
6441 0.840404040404
6448 0.842424242424
6480 0.844444444444
6532 0.846464646465
6558 0.848484848485
6572 0.850505050505
6677 0.852525252525
6682 0.854545454545
6692 0.856565656566
6803 0.858585858586
6810 0.860606060606
6845 0.862626262626
6856 0.864646464646
6866 0.866666666667
6962 0.868686868687
6972 0.870707070707
6996 0.872727272727
7033 0.874747474747
7070 0.876767676768
7123 0.878787878788
7143 0.880808080808
7188 0.882828282828
7200 0.884848484848
7244 0.886868686869
7248 0.888888888889
7260 0.890909090909
7309 0.894949494949
7309 0.894949494949
7333 0.89696969697
7344 0.89898989899
7368 0.90101010101
7376 0.90303030303
7452 0.905050505051
7538 0.907070707071
7554 0.909090909091
7591 0.911111111111
7707 0.913131313131
7714 0.915151515152
7746 0.917171717172
7753 0.919191919192
7790 0.921212121212
7822 0.923232323232
7899 0.925252525253
7902 0.927272727273
7916 0.929292929293
7938 0.931313131313
7958 0.933333333333
8011 0.935353535354
8062 0.937373737374
8100 0.939393939394
8196 0.941414141414
8210 0.943434343434
8414 0.945454545455
8497 0.947474747475
8547 0.949494949495
8561 0.951515151515
8581 0.953535353535
8652 0.955555555556
8728 0.957575757576
8911 0.959595959596
9152 0.961616161616
9164 0.963636363636
9239 0.965656565657
9327 0.967676767677
9407 0.969696969697
9481 0.971717171717
9629 0.973737373737
9631 0.975757575758
9702 0.977777777778
9750 0.979797979798
9886 0.981818181818
9907 0.983838383838
9968 0.985858585859
10141 0.987878787879
10443 0.989898989899
10545 0.991919191919
10661 0.993939393939
11511 0.99595959596
13534 0.99797979798
34735 1.0
