30 0.0020202020202
179 0.0040404040404
193 0.00606060606061
260 0.00808080808081
303 0.010101010101
313 0.0121212121212
318 0.0141414141414
326 0.0161616161616
392 0.0181818181818
438 0.020202020202
440 0.0222222222222
457 0.0242424242424
475 0.0262626262626
483 0.0282828282828
485 0.030303030303
495 0.0323232323232
514 0.0343434343434
533 0.0363636363636
534 0.0383838383838
544 0.040404040404
548 0.0424242424242
584 0.0444444444444
601 0.0464646464646
602 0.0484848484848
613 0.0505050505051
632 0.0525252525253
637 0.0545454545455
647 0.0565656565657
664 0.0585858585859
668 0.0606060606061
669 0.0626262626263
681 0.0646464646465
685 0.0666666666667
694 0.0686868686869
699 0.0707070707071
711 0.0727272727273
714 0.0747474747475
721 0.0767676767677
748 0.0787878787879
753 0.0808080808081
772 0.0848484848485
772 0.0848484848485
775 0.0868686868687
778 0.0888888888889
792 0.0909090909091
796 0.0929292929293
805 0.0949494949495
819 0.0969696969697
834 0.0989898989899
841 0.10101010101
870 0.10303030303
871 0.105050505051
875 0.107070707071
880 0.109090909091
881 0.111111111111
885 0.113131313131
887 0.115151515152
889 0.117171717172
891 0.119191919192
897 0.121212121212
905 0.123232323232
909 0.125252525253
914 0.127272727273
921 0.129292929293
923 0.133333333333
923 0.133333333333
925 0.135353535354
931 0.137373737374
957 0.139393939394
959 0.141414141414
962 0.143434343434
964 0.145454545455
981 0.147474747475
984 0.149494949495
991 0.151515151515
993 0.153535353535
996 0.155555555556
1023 0.157575757576
1026 0.159595959596
1033 0.161616161616
1039 0.163636363636
1041 0.165656565657
1042 0.167676767677
1045 0.169696969697
1051 0.171717171717
1057 0.173737373737
1065 0.175757575758
1082 0.177777777778
1085 0.179797979798
1086 0.181818181818
1091 0.183838383838
1099 0.185858585859
1102 0.187878787879
1103 0.189898989899
1117 0.191919191919
1121 0.193939393939
1126 0.19595959596
1127 0.19797979798
1128 0.2
1134 0.20404040404
1134 0.20404040404
1142 0.206060606061
1144 0.208080808081
1145 0.210101010101
1150 0.212121212121
1156 0.214141414141
1171 0.218181818182
1171 0.218181818182
1172 0.222222222222
1172 0.222222222222
1175 0.224242424242
1183 0.228282828283
1183 0.228282828283
1187 0.230303030303
1192 0.232323232323
1193 0.234343434343
1197 0.236363636364
1199 0.238383838384
1200 0.240404040404
1201 0.242424242424
1206 0.244444444444
1208 0.246464646465
1211 0.250505050505
1211 0.250505050505
1219 0.252525252525
1220 0.254545454545
1222 0.256565656566
1223 0.258585858586
1227 0.260606060606
1238 0.262626262626
1242 0.264646464646
1244 0.266666666667
1245 0.268686868687
1247 0.270707070707
1251 0.272727272727
1252 0.274747474747
1254 0.276767676768
1264 0.278787878788
1270 0.280808080808
1272 0.282828282828
1279 0.284848484848
1280 0.286868686869
1283 0.288888888889
1293 0.290909090909
1297 0.292929292929
1298 0.294949494949
1307 0.29696969697
1316 0.29898989899
1324 0.30101010101
1332 0.30303030303
1343 0.305050505051
1344 0.307070707071
1351 0.309090909091
1353 0.313131313131
1353 0.313131313131
1354 0.315151515152
1365 0.317171717172
1368 0.319191919192
1372 0.321212121212
1387 0.323232323232
1389 0.325252525253
1391 0.327272727273
1394 0.329292929293
1396 0.331313131313
1399 0.333333333333
1407 0.335353535354
1413 0.337373737374
1416 0.341414141414
1416 0.341414141414
1422 0.343434343434
1423 0.345454545455
1430 0.347474747475
1432 0.349494949495
1436 0.351515151515
1439 0.353535353535
1444 0.355555555556
1452 0.359595959596
1452 0.359595959596
1455 0.361616161616
1468 0.363636363636
1473 0.365656565657
1477 0.367676767677
1482 0.369696969697
1485 0.371717171717
1487 0.375757575758
1487 0.375757575758
1488 0.377777777778
1496 0.379797979798
1497 0.381818181818
1498 0.383838383838
1517 0.385858585859
1520 0.387878787879
1524 0.389898989899
1525 0.391919191919
1528 0.393939393939
1531 0.39595959596
1532 0.4
1532 0.4
1534 0.40202020202
1537 0.40404040404
1539 0.406060606061
1551 0.408080808081
1552 0.410101010101
1566 0.412121212121
1590 0.414141414141
1591 0.416161616162
1592 0.418181818182
1598 0.420202020202
1606 0.422222222222
1608 0.424242424242
1621 0.426262626263
1623 0.428282828283
1627 0.430303030303
1629 0.432323232323
1631 0.434343434343
1635 0.436363636364
1638 0.438383838384
1641 0.440404040404
1649 0.442424242424
1675 0.444444444444
1685 0.446464646465
1687 0.448484848485
1689 0.450505050505
1693 0.452525252525
1709 0.456565656566
1709 0.456565656566
1714 0.458585858586
1715 0.460606060606
1724 0.462626262626
1732 0.466666666667
1732 0.466666666667
1745 0.468686868687
1749 0.470707070707
1751 0.472727272727
1754 0.474747474747
1757 0.476767676768
1759 0.478787878788
1765 0.480808080808
1767 0.482828282828
1769 0.484848484848
1772 0.486868686869
1779 0.488888888889
1786 0.490909090909
1789 0.492929292929
1790 0.494949494949
1791 0.49696969697
1797 0.49898989899
1798 0.50101010101
1803 0.50303030303
1807 0.505050505051
1815 0.507070707071
1819 0.509090909091
1826 0.511111111111
1832 0.513131313131
1837 0.515151515152
1845 0.519191919192
1845 0.519191919192
1852 0.521212121212
1853 0.523232323232
1883 0.525252525253
1885 0.527272727273
1903 0.529292929293
1907 0.531313131313
1921 0.533333333333
1935 0.535353535354
1943 0.537373737374
1948 0.539393939394
1958 0.541414141414
1961 0.543434343434
1968 0.545454545455
1980 0.547474747475
1998 0.549494949495
2010 0.551515151515
2023 0.553535353535
2035 0.555555555556
2047 0.557575757576
2055 0.559595959596
2060 0.561616161616
2061 0.563636363636
2071 0.565656565657
2079 0.567676767677
2088 0.569696969697
2098 0.573737373737
2098 0.573737373737
2144 0.575757575758
2156 0.577777777778
2157 0.579797979798
2177 0.581818181818
2180 0.583838383838
2189 0.587878787879
2189 0.587878787879
2192 0.589898989899
2197 0.593939393939
2197 0.593939393939
2199 0.59595959596
2206 0.59797979798
2209 0.6
2217 0.60202020202
2221 0.60404040404
2227 0.606060606061
2231 0.608080808081
2237 0.610101010101
2238 0.612121212121
2239 0.616161616162
2239 0.616161616162
2250 0.618181818182
2251 0.620202020202
2255 0.622222222222
2264 0.624242424242
2268 0.626262626263
2272 0.628282828283
2277 0.630303030303
2319 0.632323232323
2322 0.634343434343
2335 0.636363636364
2342 0.638383838384
2350 0.640404040404
2363 0.642424242424
2377 0.644444444444
2389 0.646464646465
2409 0.648484848485
2413 0.650505050505
2425 0.652525252525
2427 0.654545454545
2432 0.656565656566
2438 0.658585858586
2454 0.660606060606
2462 0.662626262626
2478 0.664646464646
2481 0.666666666667
2511 0.668686868687
2514 0.670707070707
2523 0.674747474747
2523 0.674747474747
2530 0.676767676768
2535 0.678787878788
2545 0.680808080808
2546 0.682828282828
2552 0.684848484848
2569 0.686868686869
2588 0.688888888889
2589 0.690909090909
2598 0.692929292929
2617 0.694949494949
2627 0.69696969697
2631 0.70101010101
2631 0.70101010101
2634 0.70303030303
2671 0.705050505051
2682 0.707070707071
2706 0.709090909091
2739 0.711111111111
2744 0.713131313131
2752 0.715151515152
2781 0.717171717172
2788 0.719191919192
2794 0.721212121212
2799 0.723232323232
2801 0.725252525253
2806 0.727272727273
2823 0.729292929293
2827 0.731313131313
2846 0.733333333333
2851 0.735353535354
2862 0.737373737374
2865 0.739393939394
2867 0.741414141414
2876 0.743434343434
2894 0.745454545455
2911 0.747474747475
2926 0.749494949495
2961 0.751515151515
2987 0.753535353535
2988 0.755555555556
2989 0.757575757576
2991 0.759595959596
2996 0.761616161616
2998 0.763636363636
3001 0.765656565657
3023 0.767676767677
3066 0.769696969697
3087 0.773737373737
3087 0.773737373737
3097 0.775757575758
3102 0.777777777778
3133 0.779797979798
3147 0.781818181818
3149 0.783838383838
3179 0.785858585859
3196 0.787878787879
3229 0.789898989899
3230 0.791919191919
3242 0.793939393939
3244 0.79595959596
3271 0.79797979798
3275 0.8
3290 0.80202020202
3294 0.80404040404
3329 0.806060606061
3339 0.808080808081
3357 0.810101010101
3378 0.812121212121
3385 0.814141414141
3389 0.816161616162
3394 0.818181818182
3399 0.820202020202
3407 0.822222222222
3409 0.824242424242
3417 0.826262626263
3433 0.828282828283
3450 0.830303030303
3452 0.832323232323
3463 0.834343434343
3467 0.836363636364
3474 0.838383838384
3490 0.840404040404
3492 0.842424242424
3506 0.844444444444
3511 0.846464646465
3512 0.848484848485
3528 0.850505050505
3536 0.852525252525
3542 0.854545454545
3567 0.856565656566
3571 0.858585858586
3583 0.862626262626
3583 0.862626262626
3607 0.864646464646
3609 0.866666666667
3635 0.868686868687
3642 0.870707070707
3665 0.872727272727
3674 0.874747474747
3679 0.876767676768
3691 0.878787878788
3732 0.880808080808
3763 0.882828282828
3778 0.884848484848
3790 0.886868686869
3793 0.888888888889
3829 0.890909090909
3834 0.892929292929
3840 0.894949494949
3844 0.89696969697
3845 0.89898989899
3890 0.90101010101
3970 0.90303030303
3976 0.905050505051
3997 0.909090909091
3997 0.909090909091
4009 0.911111111111
4050 0.913131313131
4083 0.915151515152
4084 0.917171717172
4112 0.919191919192
4127 0.921212121212
4182 0.923232323232
4230 0.925252525253
4236 0.927272727273
4241 0.929292929293
4270 0.931313131313
4282 0.933333333333
4342 0.935353535354
4381 0.937373737374
4390 0.939393939394
4409 0.941414141414
4504 0.943434343434
4590 0.945454545455
4610 0.947474747475
4640 0.949494949495
4664 0.951515151515
4666 0.953535353535
4689 0.955555555556
4728 0.957575757576
4752 0.959595959596
4858 0.961616161616
4875 0.963636363636
4877 0.965656565657
4880 0.967676767677
4931 0.969696969697
5152 0.971717171717
5250 0.973737373737
5270 0.975757575758
5354 0.977777777778
5742 0.979797979798
5874 0.981818181818
5885 0.983838383838
6251 0.985858585859
6320 0.987878787879
6660 0.989898989899
7973 0.991919191919
8008 0.993939393939
8072 0.99595959596
9386 0.99797979798
36286 1.0
